4.000000E-2	-4.260733E+1	-2.306203E+1
5.247500E-2	-4.304126E+1	2.053226E+1
6.495000E-2	-4.334752E+1	6.427988E+1
7.742500E-2	-4.356102E+1	1.086237E+2
8.990000E-2	-4.373507E+1	1.514053E+2
1.023750E-1	-4.396113E+1	1.953989E+2
1.148500E-1	-4.418447E+1	2.391149E+2
1.273250E-1	-4.440667E+1	-7.705293E+1
1.398000E-1	-4.462326E+1	-3.308135E+1
1.522750E-1	-4.487659E+1	1.077455E+1
1.647500E-1	-4.518345E+1	5.524427E+1
1.772250E-1	-4.541926E+1	1.000565E+2
1.897000E-1	-4.560265E+1	1.450087E+2
2.021750E-1	-4.567485E+1	1.889326E+2
2.146500E-1	-4.589917E+1	2.327369E+2
2.271250E-1	-4.625232E+1	2.766345E+2
2.396000E-1	-4.662154E+1	-3.792667E+1
2.520750E-1	-4.675065E+1	8.195086E+0
2.645500E-1	-4.674677E+1	5.321661E+1
2.770250E-1	-4.662405E+1	9.749461E+1
2.895000E-1	-4.689143E+1	1.410502E+2
3.019750E-1	-4.707079E+1	1.850954E+2
3.144500E-1	-4.725261E+1	2.311895E+2
3.269250E-1	-4.748986E+1	2.753237E+2
3.394000E-1	-4.753122E+1	-3.978090E+1
3.518750E-1	-4.761349E+1	4.699089E+0
3.643500E-1	-4.776488E+1	4.921693E+1
3.768250E-1	-4.801846E+1	9.371618E+1
3.893000E-1	-4.803998E+1	1.380411E+2
4.017750E-1	-4.831833E+1	1.819112E+2
4.142500E-1	-4.854607E+1	2.262104E+2
4.267250E-1	-4.865401E+1	2.709798E+2
4.392000E-1	-4.889626E+1	-4.489379E+1
4.516750E-1	-4.904776E+1	-3.860351E-1
4.641500E-1	-4.926859E+1	4.371951E+1
4.766250E-1	-4.945198E+1	8.802773E+1
4.891000E-1	-4.965308E+1	1.333994E+2
5.015750E-1	-4.993035E+1	1.784599E+2
5.140500E-1	-5.015382E+1	2.239897E+2
5.265250E-1	-5.021543E+1	2.686578E+2
5.390000E-1	-5.026759E+1	-4.751122E+1
5.514750E-1	-5.052787E+1	-2.797078E+0
5.639500E-1	-5.076089E+1	4.228766E+1
5.764250E-1	-5.091764E+1	8.648896E+1
5.889000E-1	-5.100936E+1	1.314142E+2
6.013750E-1	-5.122511E+1	1.757909E+2
6.138500E-1	-5.135338E+1	2.202799E+2
6.263250E-1	-5.150943E+1	2.652279E+2
6.388000E-1	-5.173400E+1	-4.979691E+1
6.512750E-1	-5.187356E+1	-5.525569E+0
6.637500E-1	-5.207127E+1	3.927987E+1
6.762250E-1	-5.237984E+1	8.357920E+1
6.887000E-1	-5.255134E+1	1.284170E+2
7.011750E-1	-5.277981E+1	1.728464E+2
7.136500E-1	-5.296080E+1	2.176403E+2
7.261250E-1	-5.315971E+1	2.617316E+2
7.386000E-1	-5.339996E+1	-5.328086E+1
7.510750E-1	-5.355544E+1	-8.271381E+0
7.635500E-1	-5.387269E+1	3.552044E+1
7.760250E-1	-5.380980E+1	7.997887E+1
7.885000E-1	-5.411189E+1	1.245728E+2
8.009750E-1	-5.440721E+1	1.695144E+2
8.134500E-1	-5.450542E+1	2.140444E+2
8.259250E-1	-5.492266E+1	2.587291E+2
8.384000E-1	-5.487411E+1	-5.707203E+1
8.508750E-1	-5.537075E+1	-1.224896E+1
8.633500E-1	-5.568856E+1	3.221637E+1
8.758250E-1	-5.581261E+1	7.766696E+1
8.883000E-1	-5.610456E+1	1.220184E+2
9.007750E-1	-5.622451E+1	1.673126E+2
9.132500E-1	-5.663767E+1	2.118259E+2
9.257250E-1	-5.672539E+1	2.562285E+2
9.382000E-1	-5.674816E+1	-5.873839E+1
9.506750E-1	-5.694685E+1	-1.516777E+1
9.631500E-1	-5.723563E+1	2.950250E+1
9.756250E-1	-5.751748E+1	7.354778E+1
9.881000E-1	-5.775307E+1	1.183783E+2
1.000575E+0	-5.793224E+1	1.612647E+2
1.013050E+0	-5.827181E+1	2.055399E+2
1.025525E+0	-5.856800E+1	2.515702E+2
1.038000E+0	-5.878138E+1	-6.430679E+1
1.050475E+0	-5.919493E+1	-1.993866E+1
1.062950E+0	-5.953218E+1	2.462914E+1
1.075425E+0	-5.967536E+1	6.987445E+1
1.087900E+0	-5.976900E+1	1.156604E+2
1.100375E+0	-6.015590E+1	1.592858E+2
1.112850E+0	-6.039968E+1	2.035316E+2
1.125325E+0	-6.062975E+1	2.480188E+2
1.137800E+0	-6.084968E+1	-6.939316E+1
1.150275E+0	-6.108775E+1	-2.413629E+1
1.162750E+0	-6.130653E+1	1.973595E+1
1.175225E+0	-6.172180E+1	6.465980E+1
1.187700E+0	-6.194740E+1	1.083035E+2
1.200175E+0	-6.226243E+1	1.538932E+2
1.212650E+0	-6.253879E+1	1.974403E+2
1.225125E+0	-6.262084E+1	2.429180E+2
1.237600E+0	-6.288501E+1	-7.344849E+1
1.250075E+0	-6.324683E+1	-2.777046E+1
1.262550E+0	-6.350234E+1	1.497225E+1
1.275025E+0	-6.354852E+1	5.873880E+1
1.287500E+0	-6.410444E+1	1.024763E+2
1.299975E+0	-6.428333E+1	1.459143E+2
1.312450E+0	-6.467872E+1	1.893342E+2
1.324925E+0	-6.530046E+1	2.334852E+2
1.337400E+0	-6.561927E+1	2.772917E+2
1.349875E+0	-6.623195E+1	-3.834997E+1
1.362350E+0	-6.629560E+1	5.898223E+0
1.374825E+0	-6.649783E+1	5.070111E+1
1.387300E+0	-6.695793E+1	9.747234E+1
1.399775E+0	-6.706509E+1	1.410673E+2
1.412250E+0	-6.734304E+1	1.864719E+2
1.424725E+0	-6.761823E+1	2.310719E+2
1.437200E+0	-6.779863E+1	2.758028E+2
1.449675E+0	-6.813907E+1	-3.859785E+1
1.462150E+0	-6.864874E+1	6.680897E+0
1.474625E+0	-6.868404E+1	4.602755E+1
1.487100E+0	-6.883562E+1	9.229847E+1
1.499575E+0	-6.875262E+1	1.361623E+2
1.512050E+0	-6.887718E+1	1.783303E+2
1.524525E+0	-6.945901E+1	2.215775E+2
1.537000E+0	-6.925257E+1	2.662494E+2
1.549475E+0	-7.001197E+1	-4.916542E+1
1.561950E+0	-7.006756E+1	-6.098236E+0
1.574425E+0	-7.078137E+1	3.567681E+1
1.586900E+0	-7.070359E+1	7.742807E+1
1.599375E+0	-7.087816E+1	1.212609E+2
1.611850E+0	-7.111862E+1	1.646399E+2
1.624325E+0	-7.173923E+1	2.095402E+2
1.636800E+0	-7.203456E+1	2.523692E+2
1.649275E+0	-7.245551E+1	-6.482940E+1
1.661750E+0	-7.264306E+1	-2.212042E+1
1.674225E+0	-7.268813E+1	2.507368E+1
1.686700E+0	-7.292134E+1	6.265927E+1
1.699175E+0	-7.322146E+1	1.062535E+2
1.711650E+0	-7.378002E+1	1.515445E+2
1.724125E+0	-7.377091E+1	1.896514E+2
1.736600E+0	-7.388158E+1	2.346076E+2
1.749075E+0	-7.396613E+1	2.762604E+2
1.761550E+0	-7.433774E+1	-4.545517E+1
1.774025E+0	-7.504485E+1	-3.638667E+0
1.786500E+0	-7.539903E+1	3.987582E+1
1.798975E+0	-7.610863E+1	8.005093E+1
1.811450E+0	-7.677432E+1	1.246244E+2
1.823925E+0	-7.663108E+1	1.704432E+2
1.836400E+0	-7.724361E+1	2.011652E+2
1.848875E+0	-7.690173E+1	2.501788E+2
1.861350E+0	-7.777242E+1	-7.133025E+1
1.873825E+0	-7.739207E+1	-2.937340E+1
1.886300E+0	-7.805991E+1	1.328265E+1
1.898775E+0	-7.940952E+1	5.161089E+1
1.911250E+0	-7.845029E+1	8.272723E+1
1.923725E+0	-8.052896E+1	1.312742E+2
1.936200E+0	-8.077483E+1	1.694552E+2
1.948675E+0	-8.098798E+1	2.033409E+2
1.961150E+0	-8.197464E+1	2.504147E+2
1.973625E+0	-8.230448E+1	-6.595396E+1
1.986100E+0	-8.325982E+1	-2.444021E+1
1.998575E+0	-8.500063E+1	1.363113E+1
2.011050E+0	-8.364944E+1	5.939017E+1
2.023525E+0	-8.273034E+1	1.022445E+2
2.036000E+0	-8.628991E+1	1.311054E+2
2.048475E+0	-8.528815E+1	1.638068E+2
2.060950E+0	-8.520454E+1	1.994419E+2
2.073425E+0	-8.630422E+1	2.410683E+2
2.085900E+0	-8.906623E+1	2.769985E+2
2.098375E+0	-8.642074E+1	-4.670510E+1
2.110850E+0	-8.896519E+1	8.616096E+0
2.123325E+0	-9.299162E+1	5.047534E+1
2.135800E+0	-9.320908E+1	7.729899E+1
2.148275E+0	-8.931857E+1	1.105839E+2
2.160750E+0	-9.313573E+1	2.131951E+2
2.173225E+0	-8.989711E+1	1.973275E+2
2.185700E+0	-9.282055E+1	2.128090E+2
2.198175E+0	-9.340921E+1	2.739541E+2
2.210650E+0	-9.263186E+1	-4.646157E+1
2.223125E+0	-9.263490E+1	-6.112315E+1
2.235600E+0	-9.757323E+1	-1.250719E+1
2.248075E+0	-9.284756E+1	1.976933E+1
2.260550E+0	-9.722452E+1	3.195582E+1
2.273025E+0	-1.032636E+2	4.740146E+0
2.285500E+0	-1.033421E+2	2.472231E+1
2.297975E+0	-9.920313E+1	4.060625E+1
2.310450E+0	-1.024576E+2	1.820574E+2
2.322925E+0	-1.018273E+2	4.527884E+1
2.335400E+0	-9.650539E+1	-1.607732E+0
2.347875E+0	-1.009322E+2	6.884895E+1
2.360350E+0	-1.133536E+2	9.198309E+1
2.372825E+0	-1.012428E+2	2.193140E+2
2.385300E+0	-9.923161E+1	-1.919832E+1
2.397775E+0	-1.096065E+2	1.454557E+2
2.410250E+0	-9.592967E+1	-5.030687E+1
2.422725E+0	-9.768649E+1	2.722798E+2
2.435200E+0	-1.011086E+2	-9.198973E+0
2.447675E+0	-1.073322E+2	8.770357E+1
2.460150E+0	-1.046050E+2	2.026566E+2
2.472625E+0	-9.753020E+1	-6.216720E+1
2.485100E+0	-9.874320E+1	2.481942E+1
2.497575E+0	-9.896396E+1	-2.347200E+1
2.510050E+0	-1.057501E+2	-3.067577E+1
2.522525E+0	-9.778214E+1	1.872780E+2
2.535000E+0	-1.063381E+2	1.055834E+2
2.547475E+0	-9.821285E+1	1.512159E+2
2.559950E+0	-1.015690E+2	2.072694E+2
2.572425E+0	-1.224687E+2	1.892631E+2
2.584900E+0	-1.029595E+2	2.680485E+2
2.597375E+0	-9.768605E+1	3.802790E+0
2.609850E+0	-9.773426E+1	2.295447E+2
2.622325E+0	-9.944910E+1	1.343176E+2
2.634800E+0	-9.917364E+1	8.798589E+0
2.647275E+0	-9.925172E+1	9.720244E+1
2.659750E+0	-1.042993E+2	1.320513E+2
2.672225E+0	-9.527831E+1	2.273343E+2
2.684700E+0	-1.011992E+2	-3.316014E+1
2.697175E+0	-9.728636E+1	1.097163E+2
2.709650E+0	-9.771724E+1	3.462695E+1
2.722125E+0	-1.033486E+2	1.226041E+2
2.734600E+0	-1.109731E+2	4.735860E+1
2.747075E+0	-1.012169E+2	1.640425E+2
2.759550E+0	-9.845707E+1	-5.950594E+1
2.772025E+0	-1.051082E+2	1.037616E+2
2.784500E+0	-9.582882E+1	2.772567E+2
2.796975E+0	-1.021167E+2	1.802506E+2
2.809450E+0	-1.067759E+2	2.743463E+2
2.821925E+0	-9.929436E+1	9.555789E+1
2.834400E+0	-9.771934E+1	7.391185E+1
2.846875E+0	-9.652933E+1	2.598423E+2
2.859350E+0	-9.444823E+1	1.001826E+2
2.871825E+0	-9.697466E+1	-9.408992E+0
2.884300E+0	-1.015009E+2	2.322082E+2
2.896775E+0	-1.020258E+2	3.729891E+1
2.909250E+0	-1.012910E+2	5.314837E+1
2.921725E+0	-9.905298E+1	1.911443E+2
2.934200E+0	-1.028151E+2	-4.769692E+1
2.946675E+0	-1.058947E+2	3.392202E+1
2.959150E+0	-1.093445E+2	5.811324E+1
2.971625E+0	-1.094328E+2	7.606618E+1
2.984100E+0	-9.925800E+1	1.928298E+2
2.996575E+0	-9.827613E+1	-1.072778E+1
3.009050E+0	-1.009305E+2	7.906562E+1
3.021525E+0	-9.759873E+1	6.262645E+1
3.034000E+0	-1.000392E+2	1.364079E+2
3.046475E+0	-9.732700E+1	1.101602E+2
3.058950E+0	-1.009734E+2	1.266849E+2
3.071425E+0	-9.640092E+1	1.888440E+2
3.083900E+0	-1.109122E+2	-6.991827E+1
3.096375E+0	-1.051700E+2	1.103641E+2
3.108850E+0	-1.113986E+2	1.425632E+1
3.121325E+0	-9.493547E+1	1.402085E+2
3.133800E+0	-1.098837E+2	1.704041E+2
3.146275E+0	-9.375485E+1	-4.673079E+1
3.158750E+0	-1.047129E+2	-1.639540E+1
3.171225E+0	-9.827888E+1	-6.322499E+1
3.183700E+0	-9.895249E+1	1.656919E+2
3.196175E+0	-1.030105E+2	2.622691E+2
3.208650E+0	-9.941590E+1	5.070356E-1
3.221125E+0	-1.123753E+2	2.533643E+2
3.233600E+0	-9.231918E+1	1.426428E+2
3.246075E+0	-9.480304E+1	1.477278E+2
3.258550E+0	-1.011321E+2	1.185960E+2
3.271025E+0	-1.015998E+2	2.603893E+2
3.283500E+0	-9.731863E+1	-5.402164E+1
3.295975E+0	-9.316702E+1	7.195177E+1
3.308450E+0	-9.728985E+1	7.662571E+1
3.320925E+0	-1.044225E+2	8.239977E+1
3.333400E+0	-1.084258E+2	1.547023E+2
3.345875E+0	-9.892535E+1	2.471349E+2
3.358350E+0	-9.811077E+1	9.744016E+1
3.370825E+0	-1.065025E+2	2.341656E+2
3.383300E+0	-9.716261E+1	-2.264983E+1
3.395775E+0	-9.299935E+1	1.341162E+2
3.408250E+0	-9.887430E+1	-6.472861E+1
3.420725E+0	-1.060236E+2	1.971430E+2
3.433200E+0	-1.041662E+2	-6.897674E+1
3.445675E+0	-1.016225E+2	5.377097E+1
3.458150E+0	-1.109687E+2	2.054702E+2
3.470625E+0	-1.075294E+2	2.518558E+2
3.483100E+0	-1.093386E+2	1.959522E+2
3.495575E+0	-9.675014E+1	5.127029E+1
3.508050E+0	-9.981991E+1	-4.476550E+1
3.520525E+0	-9.816158E+1	5.339283E+1
3.533000E+0	-9.654030E+1	2.117413E+2
3.545475E+0	-9.726741E+1	-4.146149E+1
3.557950E+0	-1.099268E+2	1.240162E+2
3.570425E+0	-9.790454E+1	1.803711E+2
3.582900E+0	-1.149920E+2	2.140695E+2
3.595375E+0	-1.001130E+2	-5.963846E+1
3.607850E+0	-1.020372E+2	9.130598E+1
3.620325E+0	-9.432585E+1	2.765972E+2
3.632800E+0	-9.745330E+1	2.379885E+2
3.645275E+0	-1.003189E+2	-6.019626E+1
3.657750E+0	-9.810619E+1	1.443081E+2
3.670225E+0	-1.062016E+2	1.746824E+2
3.682700E+0	-9.732846E+1	1.589300E+2
3.695175E+0	-1.026458E+2	6.951125E+1
3.707650E+0	-1.015426E+2	9.935683E+1
3.720125E+0	-9.214706E+1	2.059704E+1
3.732600E+0	-1.059674E+2	4.346463E+1
3.745075E+0	-9.357422E+1	1.342112E+2
3.757550E+0	-9.953394E+1	-3.514649E+1
3.770025E+0	-1.065622E+2	-5.272612E+1
3.782500E+0	-1.010680E+2	1.859445E+2
3.794975E+0	-1.089956E+2	-1.956145E+1
3.807450E+0	-9.666522E+1	2.138307E+2
3.819925E+0	-1.039521E+2	7.623499E+1
3.832400E+0	-1.044561E+2	3.336383E+1
3.844875E+0	-9.315688E+1	-3.135908E+1
3.857350E+0	-1.000736E+2	2.766486E+2
3.869825E+0	-9.610113E+1	2.154834E+2
3.882300E+0	-9.471758E+1	6.729034E+1
3.894775E+0	-1.047261E+2	4.548598E+1
3.907250E+0	-1.166406E+2	1.228223E+2
3.919725E+0	-9.582545E+1	1.450057E+1
3.932200E+0	-9.697863E+1	-2.572713E+1
3.944675E+0	-1.069172E+2	-6.716032E+0
3.957150E+0	-1.039529E+2	8.786008E+1
3.969625E+0	-1.073584E+2	1.789137E+1
3.982100E+0	-9.772923E+1	6.030864E+1
3.994575E+0	-1.064318E+2	2.657341E+2
4.007050E+0	-1.045587E+2	-2.440367E+1
4.019525E+0	-1.021340E+2	-2.001417E+1
4.032000E+0	-9.756803E+1	-5.404949E+1
4.044475E+0	-9.983168E+1	2.572694E+2
4.056950E+0	-9.402003E+1	1.517716E+2
4.069425E+0	-9.932257E+1	1.186532E+2
4.081900E+0	-1.046993E+2	2.411891E+2
4.094375E+0	-1.030376E+2	2.399140E+2
4.106850E+0	-1.018891E+2	1.880003E+2
4.119325E+0	-9.909900E+1	5.132083E+1
4.131800E+0	-9.956488E+1	2.706269E+2
4.144275E+0	-9.719378E+1	-6.783753E+1
4.156750E+0	-9.669476E+1	1.599175E+2
4.169225E+0	-1.041705E+2	1.630299E+2
4.181700E+0	-1.050625E+2	9.990023E+1
4.194175E+0	-1.047182E+2	5.665641E+1
4.206650E+0	-9.396915E+1	4.291369E+1
4.219125E+0	-9.856051E+1	5.707077E+1
4.231600E+0	-1.068276E+2	2.260228E+2
4.244075E+0	-9.693161E+1	1.654570E+2
4.256550E+0	-9.790381E+1	-3.607433E+1
4.269025E+0	-1.053440E+2	2.003249E+2
4.281500E+0	-9.661657E+1	1.504957E+2
4.293975E+0	-9.903888E+1	-5.316442E+1
4.306450E+0	-9.851534E+1	8.311838E+1
4.318925E+0	-9.449792E+1	-1.616857E+1
4.331400E+0	-1.137811E+2	8.591002E+1
4.343875E+0	-9.628779E+1	4.923640E+1
4.356350E+0	-1.032399E+2	1.196134E+2
4.368825E+0	-9.734399E+1	2.573006E+2
4.381300E+0	-1.030156E+2	-3.793735E+1
4.393775E+0	-1.083137E+2	-4.250717E+1
4.406250E+0	-1.017241E+2	1.216991E+2
4.418725E+0	-9.584272E+1	1.070934E+2
4.431200E+0	-9.921404E+1	-6.993259E+0
4.443675E+0	-1.039211E+2	-6.673222E+1
4.456150E+0	-1.044136E+2	1.242615E+2
4.468625E+0	-1.003820E+2	2.785487E+2
4.481100E+0	-1.036564E+2	8.730454E+1
4.493575E+0	-1.113832E+2	1.992345E+1
4.506050E+0	-9.749144E+1	1.363581E+1
4.518525E+0	-1.105320E+2	1.048994E+2
4.531000E+0	-9.953666E+1	2.118564E+1
4.543475E+0	-9.463895E+1	-6.215056E+0
4.555950E+0	-9.607069E+1	2.164643E+2
4.568425E+0	-1.040990E+2	-3.883044E+1
4.580900E+0	-1.007793E+2	-5.926124E+1
4.593375E+0	-1.076210E+2	-4.379376E+1
4.605850E+0	-1.003047E+2	8.448591E+1
4.618325E+0	-9.348785E+1	-1.941263E+1
4.630800E+0	-9.853569E+1	7.445727E+1
4.643275E+0	-9.837251E+1	-4.255944E+1
4.655750E+0	-9.787943E+1	-4.623894E+1
4.668225E+0	-1.006404E+2	1.940879E+2
4.680700E+0	-1.005790E+2	6.198902E+1
4.693175E+0	-1.037940E+2	1.598716E+2
4.705650E+0	-9.861139E+1	1.427987E+2
4.718125E+0	-1.111440E+2	2.156061E+2
4.730600E+0	-9.584912E+1	-1.543334E+1
4.743075E+0	-1.064339E+2	6.592867E+1
4.755550E+0	-1.077571E+2	8.363202E+1
4.768025E+0	-1.007904E+2	-6.170840E+1
4.780500E+0	-1.000994E+2	2.316596E+2
4.792975E+0	-1.036204E+2	2.695809E+2
4.805450E+0	-9.152871E+1	2.430359E+2
4.817925E+0	-9.929662E+1	1.174358E+2
4.830400E+0	-1.000020E+2	-6.532033E+1
4.842875E+0	-1.025351E+2	1.896920E+1
4.855350E+0	-9.389671E+1	2.504748E+2
4.867825E+0	-1.035439E+2	7.937306E+1
4.880300E+0	-9.346848E+1	1.322197E+2
4.892775E+0	-1.009839E+2	7.746256E+1
4.905250E+0	-9.944796E+1	3.145215E+1
4.917725E+0	-1.014874E+2	2.318422E+2
4.930200E+0	-1.057184E+2	4.826896E+1
4.942675E+0	-1.055064E+2	-3.229701E+0
4.955150E+0	-9.557843E+1	2.558231E+2
4.967625E+0	-1.034338E+2	7.315666E+1
4.980100E+0	-1.028458E+2	-4.269341E+1
4.992575E+0	-9.883166E+1	2.541416E+2
5.005050E+0	-9.791082E+1	1.800920E+2
5.017525E+0	-1.060947E+2	-7.813931E+1
5.030000E+0	-1.027213E+2	-5.750884E+1
5.042475E+0	-1.063804E+2	1.899622E+2
5.054950E+0	-1.064668E+2	1.665966E+2
5.067425E+0	-1.005852E+2	6.046673E+1
5.079900E+0	-1.025945E+2	1.075327E+2
5.092375E+0	-9.954822E+1	1.542361E+2
5.104850E+0	-1.030590E+2	1.734509E+2
5.117325E+0	-1.045957E+2	1.980951E+2
5.129800E+0	-9.468048E+1	1.526442E+2
5.142275E+0	-1.023637E+2	2.294633E+2
5.154750E+0	-1.061093E+2	2.667747E+2
5.167225E+0	-9.960663E+1	2.439347E+2
5.179700E+0	-1.061128E+2	-1.854788E+1
5.192175E+0	-1.160754E+2	1.483405E+2
5.204650E+0	-1.028123E+2	1.252697E+2
5.217125E+0	-9.752216E+1	4.150249E+1
5.229600E+0	-1.071574E+2	-7.399969E+1
5.242075E+0	-1.090599E+2	2.680286E+2
5.254550E+0	-9.743086E+1	1.299093E+2
5.267025E+0	-9.643269E+1	-4.351573E+1
5.279500E+0	-9.175169E+1	2.385662E+2
5.291975E+0	-9.763084E+1	1.013349E+2
5.304450E+0	-1.062144E+2	1.191653E+2
5.316925E+0	-1.010955E+2	2.489380E+2
5.329400E+0	-9.388046E+1	2.172191E+2
5.341875E+0	-9.675797E+1	2.124064E+2
5.354350E+0	-9.243220E+1	2.625835E+2
5.366825E+0	-9.853693E+1	1.303223E+2
5.379300E+0	-9.407530E+1	2.609319E+2
5.391775E+0	-1.152407E+2	2.330731E+2
5.404250E+0	-1.002264E+2	1.449702E+2
5.416725E+0	-9.669239E+1	1.283938E+2
5.429200E+0	-9.756925E+1	1.119144E+2
5.441675E+0	-9.493880E+1	1.865319E+1
5.454150E+0	-1.065682E+2	-2.832216E+1
5.466625E+0	-1.079208E+2	-3.607524E+0
5.479100E+0	-9.914699E+1	-7.718282E+1
5.491575E+0	-9.638371E+1	-7.711581E+1
5.504050E+0	-1.255464E+2	3.607753E+1
5.516525E+0	-9.476990E+1	1.738789E+2
5.529000E+0	-9.383375E+1	-3.027851E+0
5.541475E+0	-1.025008E+2	1.336435E+2
5.553950E+0	-1.007303E+2	-2.675242E+1
5.566425E+0	-9.480742E+1	7.297537E+1
5.578900E+0	-1.068808E+2	3.679039E+1
5.591375E+0	-9.542416E+1	2.087091E+2
5.603850E+0	-1.029426E+2	1.211762E+2
5.616325E+0	-1.247623E+2	2.374074E+2
5.628800E+0	-9.932046E+1	2.257856E+2
5.641275E+0	-1.048461E+2	-4.342594E+1
5.653750E+0	-1.026440E+2	1.466891E+2
5.666225E+0	-1.070762E+2	1.845784E+2
5.678700E+0	-1.038107E+2	2.412695E+2
5.691175E+0	-1.090582E+2	2.206464E+2
5.703650E+0	-1.041217E+2	1.497445E+2
5.716125E+0	-1.044516E+2	3.183982E+1
5.728600E+0	-1.131121E+2	1.698424E+2
5.741075E+0	-1.045637E+2	2.802088E+1
5.753550E+0	-1.007839E+2	2.447319E+2
5.766025E+0	-9.846030E+1	1.106419E+2
5.778500E+0	-1.057873E+2	6.327076E+1
5.790975E+0	-1.035913E+2	9.529331E+1
5.803450E+0	-9.995457E+1	2.167761E+2
5.815925E+0	-9.830158E+1	3.768242E+1
5.828400E+0	-9.587404E+1	7.087962E+1
5.840875E+0	-1.013203E+2	2.135466E+2
5.853350E+0	-9.599741E+1	2.391605E+2
5.865825E+0	-9.343418E+1	2.753686E+2
5.878300E+0	-1.049246E+2	1.611231E+2
5.890775E+0	-1.047969E+2	4.973360E+1
5.903250E+0	-9.510857E+1	2.618326E+2
5.915725E+0	-1.014135E+2	1.334592E+2
5.928200E+0	-9.357855E+1	7.807149E+1
5.940675E+0	-9.740203E+1	1.294527E+2
5.953150E+0	-9.781882E+1	1.048569E+2
5.965625E+0	-1.121497E+2	1.198755E+2
5.978100E+0	-1.052456E+2	3.140935E+1
5.990575E+0	-1.054211E+2	2.475755E+2
6.003050E+0	-1.065709E+2	1.912509E+2
6.015525E+0	-9.743864E+1	2.359523E+2
6.028000E+0	-9.855244E+1	2.598792E+2
6.040475E+0	-9.513814E+1	3.433481E+1
6.052950E+0	-9.919461E+1	1.360489E+1
6.065425E+0	-1.066307E+2	-5.445031E+1
6.077900E+0	-1.019384E+2	-1.660221E+1
6.090375E+0	-1.038897E+2	5.442049E+1
6.102850E+0	-9.692676E+1	1.501635E+2
6.115325E+0	-9.860146E+1	-6.446966E+1
6.127800E+0	-1.045333E+2	7.597579E+1
6.140275E+0	-1.029693E+2	6.762539E+1
6.152750E+0	-9.657935E+1	-5.134520E+1
6.165225E+0	-1.059125E+2	1.994975E+2
6.177700E+0	-9.853314E+1	-3.002892E+0
6.190175E+0	-1.030597E+2	4.166399E+1
6.202650E+0	-9.811357E+1	2.583156E+2
6.215125E+0	-9.737106E+1	-1.040348E+1
6.227600E+0	-1.047779E+2	6.993758E+1
6.240075E+0	-1.086009E+2	3.393159E+1
6.252550E+0	-1.065176E+2	3.619827E+1
6.265025E+0	-1.284677E+2	4.227740E+1
6.277500E+0	-9.398927E+1	6.728973E+1
6.289975E+0	-1.033832E+2	-7.677786E+1
6.302450E+0	-1.098275E+2	1.127984E+2
6.314925E+0	-1.068364E+2	2.027211E+2
6.327400E+0	-9.653203E+1	1.637924E+2
6.339875E+0	-1.032695E+2	-1.343900E+1
6.352350E+0	-1.000727E+2	2.098293E+2
6.364825E+0	-1.073524E+2	8.809639E+1
6.377300E+0	-9.840493E+1	1.264522E+2
6.389775E+0	-9.490110E+1	-4.170815E+1
6.402250E+0	-9.578614E+1	-4.347818E+1
6.414725E+0	-1.117700E+2	2.459168E+2
6.427200E+0	-9.732944E+1	9.628712E+1
6.439675E+0	-1.125987E+2	9.980247E+1
6.452150E+0	-1.019268E+2	2.061439E+1
6.464625E+0	-1.001426E+2	-5.092290E+1
6.477100E+0	-9.756618E+1	4.134749E+1
6.489575E+0	-1.034738E+2	1.321133E+2
6.502050E+0	-9.608015E+1	6.900553E+1
6.514525E+0	-1.029030E+2	2.393379E+2
6.527000E+0	-9.557599E+1	-3.396061E+1
6.539475E+0	-9.741491E+1	-4.623075E+1
6.551950E+0	-1.055993E+2	-3.678316E+1
6.564425E+0	-9.455677E+1	3.964506E+1
6.576900E+0	-9.895469E+1	-5.530766E+1
6.589375E+0	-1.027638E+2	-1.360595E+1
6.601850E+0	-1.044417E+2	1.370937E+2
6.614325E+0	-9.887809E+1	1.594186E+2
6.626800E+0	-9.754996E+1	1.203125E+2
6.639275E+0	-1.048650E+2	-4.525698E+1
6.651750E+0	-1.081844E+2	-3.024357E+1
6.664225E+0	-1.007294E+2	-1.285858E+1
6.676700E+0	-9.470990E+1	2.185785E+2
6.689175E+0	-1.072251E+2	-3.922659E+1
6.701650E+0	-9.585068E+1	1.138000E+2
6.714125E+0	-9.666263E+1	9.644655E+1
6.726600E+0	-1.001678E+2	-6.954908E+1
6.739075E+0	-1.013678E+2	-5.324042E+1
6.751550E+0	-1.074009E+2	-7.762972E+1
6.764025E+0	-1.022731E+2	8.367692E+1
6.776500E+0	-1.019912E+2	2.744968E+1
6.788975E+0	-1.043637E+2	-6.121350E+1
6.801450E+0	-9.902481E+1	2.306662E+2
6.813925E+0	-1.258995E+2	-3.441827E+1
6.826400E+0	-9.260243E+1	1.543757E+2
6.838875E+0	-1.009106E+2	9.333453E+1
6.851350E+0	-1.080826E+2	2.795059E-1
6.863825E+0	-1.069741E+2	2.510960E+2
6.876300E+0	-9.519095E+1	-4.043011E+1
6.888775E+0	-1.117245E+2	-2.765283E+1
6.901250E+0	-1.077171E+2	2.350768E+2
6.913725E+0	-1.068675E+2	1.880917E+2
6.926200E+0	-9.836752E+1	-1.978206E+1
6.938675E+0	-1.048283E+2	-7.375057E+1
6.951150E+0	-9.556075E+1	6.426427E+1
6.963625E+0	-9.629781E+1	1.138907E+2
6.976100E+0	-9.439935E+1	3.689118E+1
6.988575E+0	-1.025042E+2	1.036959E+2
7.001050E+0	-1.060104E+2	1.520234E+2
7.013525E+0	-9.913521E+1	2.314770E+2
7.026000E+0	-9.551790E+1	1.309223E+2
7.038475E+0	-9.785757E+1	1.338398E+2
7.050950E+0	-1.040918E+2	1.129460E+2
7.063425E+0	-1.007766E+2	1.958404E+2
7.075900E+0	-1.030687E+2	-1.093892E+1
7.088375E+0	-9.457603E+1	-2.394752E+1
7.100850E+0	-1.105401E+2	8.017362E+1
7.113325E+0	-9.669672E+1	7.661216E+1
7.125800E+0	-1.023398E+2	6.338407E+1
7.138275E+0	-9.319568E+1	1.499835E+2
7.150750E+0	-1.016081E+2	1.205393E+2
7.163225E+0	-1.030868E+2	4.138477E+1
7.175700E+0	-9.380655E+1	1.948667E+2
7.188175E+0	-1.014707E+2	1.657716E+2
7.200650E+0	-9.448850E+1	1.033927E+2
7.213125E+0	-1.096550E+2	1.075313E+2
7.225600E+0	-1.068524E+2	-4.049681E+1
7.238075E+0	-9.736588E+1	9.697918E+1
7.250550E+0	-1.102495E+2	1.941486E+2
7.263025E+0	-1.062622E+2	2.735430E+2
7.275500E+0	-1.107393E+2	2.440449E+1
7.287975E+0	-1.024748E+2	1.223215E+2
7.300450E+0	-1.058151E+2	1.715072E+2
7.312925E+0	-1.001869E+2	1.102396E+2
7.325400E+0	-1.086062E+2	-6.594966E+1
7.337875E+0	-1.055168E+2	-1.592992E+1
7.350350E+0	-9.965536E+1	-6.892814E+1
7.362825E+0	-1.081951E+2	1.692636E+2
7.375300E+0	-1.015299E+2	1.319309E+1
7.387775E+0	-1.027495E+2	1.853604E+2
7.400250E+0	-1.040414E+2	2.614802E+2
7.412725E+0	-9.673970E+1	1.191903E+2
7.425200E+0	-1.008081E+2	1.575342E+2
7.437675E+0	-9.536983E+1	1.167192E+1
7.450150E+0	-9.655945E+1	8.970306E+1
7.462625E+0	-9.736603E+1	-9.937703E+0
7.475100E+0	-9.386802E+1	6.269908E+1
7.487575E+0	-1.025825E+2	1.794056E+2
7.500050E+0	-1.103589E+2	-7.620042E+1
7.512525E+0	-9.528005E+1	1.029401E+2
7.525000E+0	-9.728506E+1	1.298701E+2
7.537475E+0	-9.767670E+1	9.625149E+1
7.549950E+0	-1.015017E+2	1.213113E+1
7.562425E+0	-1.033915E+2	-2.364448E+1
7.574900E+0	-9.794649E+1	1.245789E+2
7.587375E+0	-1.052239E+2	-6.302737E+1
7.599850E+0	-1.315078E+2	2.469145E+2
7.612325E+0	-9.995078E+1	7.985385E+1
7.624800E+0	-1.009148E+2	-6.200594E+1
7.637275E+0	-9.862976E+1	1.162572E+2
7.649750E+0	-1.073603E+2	1.525433E+2
7.662225E+0	-9.881538E+1	1.488308E+2
7.674700E+0	-1.075683E+2	1.313086E+2
7.687175E+0	-1.051994E+2	1.255067E+2
7.699650E+0	-1.060098E+2	8.458798E+0
7.712125E+0	-1.019328E+2	1.750350E+2
7.724600E+0	-1.007460E+2	1.489426E+2
7.737075E+0	-9.823106E+1	-3.094497E+1
7.749550E+0	-9.759995E+1	2.515575E+1
7.762025E+0	-9.471850E+1	-4.470358E+1
7.774500E+0	-1.005714E+2	7.842067E+1
7.786975E+0	-9.684640E+1	-3.013396E+1
7.799450E+0	-9.716341E+1	9.924129E+1
7.811925E+0	-1.006796E+2	1.162873E+2
7.824400E+0	-9.393555E+1	1.461642E+2
7.836875E+0	-1.073946E+2	-2.287952E+1
7.849350E+0	-1.005912E+2	4.499039E+1
7.861825E+0	-9.943985E+1	1.025863E+2
7.874300E+0	-1.010005E+2	-7.116747E+1
7.886775E+0	-1.014588E+2	-5.851801E+1
7.899250E+0	-9.736139E+1	6.681051E+1
7.911725E+0	-1.183403E+2	-7.429233E+1
7.924200E+0	-1.026398E+2	2.576241E+2
7.936675E+0	-1.244504E+2	-5.033604E+1
7.949150E+0	-9.894008E+1	1.873409E+2
7.961625E+0	-1.029892E+2	-6.967538E+1
7.974100E+0	-1.034330E+2	-7.980503E+1
7.986575E+0	-1.017199E+2	1.644574E+2
7.999050E+0	-1.024592E+2	2.361098E+2
8.011525E+0	-1.010107E+2	-5.883777E+0
8.024000E+0	-1.020586E+2	-3.686230E+1
8.036475E+0	-9.739101E+1	1.117778E+2
8.048950E+0	-1.030679E+2	-1.732681E+1
8.061425E+0	-9.724919E+1	2.355411E+2
8.073900E+0	-9.415458E+1	7.318293E+1
8.086375E+0	-9.936288E+1	2.372112E+2
8.098850E+0	-1.017919E+2	2.189798E+2
8.111325E+0	-1.002004E+2	-5.760220E+1
8.123800E+0	-9.809672E+1	5.221817E+1
8.136275E+0	-9.410266E+1	1.519236E+2
8.148750E+0	-9.288676E+1	9.653449E+1
8.161225E+0	-1.053451E+2	5.757034E+1
8.173700E+0	-9.791145E+1	3.956034E+1
8.186175E+0	-1.039450E+2	1.832370E+2
8.198650E+0	-1.038847E+2	1.485535E+2
8.211125E+0	-9.504649E+1	2.539216E+2
8.223600E+0	-1.019636E+2	1.321407E+2
8.236075E+0	-1.008954E+2	2.497926E+2
8.248550E+0	-9.485580E+1	-4.201381E+1
8.261025E+0	-9.912364E+1	2.732779E+2
8.273500E+0	-9.877170E+1	2.079771E+2
8.285975E+0	-1.005661E+2	8.145980E+1
8.298450E+0	-1.125014E+2	9.472772E+1
8.310925E+0	-1.037623E+2	9.680215E+0
8.323400E+0	-1.066816E+2	-7.172753E+1
8.335875E+0	-9.720729E+1	1.021182E+2
8.348350E+0	-1.081846E+2	-3.379106E+1
8.360825E+0	-1.030698E+2	1.991143E+1
8.373300E+0	-1.014876E+2	3.508828E+1
8.385775E+0	-9.979030E+1	2.130319E+2
8.398250E+0	-9.842393E+1	2.484721E+2
8.410725E+0	-1.052550E+2	8.789281E+1
8.423200E+0	-9.770258E+1	8.866985E+1
8.435675E+0	-1.162793E+2	1.332977E+2
8.448150E+0	-1.013565E+2	-7.013568E+1
8.460625E+0	-9.903632E+1	-1.537832E+1
8.473100E+0	-1.086848E+2	6.315112E+1
8.485575E+0	-1.022450E+2	2.607213E+2
8.498050E+0	-1.109105E+2	1.580795E+1
8.510525E+0	-1.036365E+2	1.971480E+2
8.523000E+0	-9.879339E+1	2.244283E+2
8.535475E+0	-9.923907E+1	6.527444E+1
8.547950E+0	-9.791026E+1	-4.579533E+1
8.560425E+0	-9.762524E+1	-2.758814E+1
8.572900E+0	-9.981147E+1	2.701680E+2
8.585375E+0	-9.343674E+1	2.657274E+2
8.597850E+0	-9.557417E+1	1.703138E+2
8.610325E+0	-9.683928E+1	-4.420192E+0
8.622800E+0	-1.060286E+2	2.350244E+2
8.635275E+0	-9.965960E+1	2.709527E+2
8.647750E+0	-1.044626E+2	-6.268370E+1
8.660225E+0	-1.031847E+2	-3.823701E+1
8.672700E+0	-1.000310E+2	-6.431853E+1
8.685175E+0	-9.291898E+1	-3.086360E+1
8.697650E+0	-1.025114E+2	-1.027951E+1
8.710125E+0	-1.086647E+2	2.110736E+2
8.722600E+0	-9.904710E+1	1.190997E+2
8.735075E+0	-1.000672E+2	-7.263328E+1
8.747550E+0	-1.085011E+2	9.836465E+1
8.760025E+0	-1.141336E+2	2.720539E+2
8.772500E+0	-9.819441E+1	5.605992E+1
8.784975E+0	-1.042767E+2	2.882140E+1
8.797450E+0	-1.008447E+2	1.602305E+0
8.809925E+0	-1.113991E+2	1.509039E+2
8.822400E+0	-9.609486E+1	-1.729006E+1
8.834875E+0	-9.890289E+1	-2.665745E+1
8.847350E+0	-1.013572E+2	2.008963E+2
8.859825E+0	-1.006550E+2	-7.274671E+1
8.872300E+0	-9.358890E+1	1.091019E+2
8.884775E+0	-9.525577E+1	9.599940E+1
8.897250E+0	-1.074804E+2	7.239152E+1
8.909725E+0	-1.025651E+2	1.664200E+2
8.922200E+0	-1.037663E+2	-6.510413E+1
8.934675E+0	-9.998098E+1	-9.461692E+0
8.947150E+0	-9.600916E+1	2.210237E+2
8.959625E+0	-9.642496E+1	1.681645E+2
8.972100E+0	-1.006537E+2	2.703840E+2
8.984575E+0	-9.735878E+1	-2.712362E+1
8.997050E+0	-1.019092E+2	1.479075E+2
9.009525E+0	-9.458073E+1	-5.694252E+1
9.022000E+0	-1.009765E+2	1.138914E+2
9.034475E+0	-9.601038E+1	1.430605E+2
9.046950E+0	-1.001815E+2	-7.309346E+0
9.059425E+0	-1.025375E+2	2.375668E+2
9.071900E+0	-1.070788E+2	2.505082E+2
9.084375E+0	-1.000536E+2	-6.857749E+1
9.096850E+0	-9.751744E+1	1.363856E+2
9.109325E+0	-9.179604E+1	2.451288E+2
9.121800E+0	-9.783597E+1	4.574416E+1
9.134275E+0	-1.041885E+2	2.498591E+2
9.146750E+0	-9.063516E+1	2.360386E+1
9.159225E+0	-9.532471E+1	2.933471E+1
9.171700E+0	-9.895473E+1	7.582869E+1
9.184175E+0	-1.050754E+2	8.653739E+1
9.196650E+0	-1.035727E+2	1.840421E+2
9.209125E+0	-1.014478E+2	1.368277E+2
9.221600E+0	-1.131885E+2	1.131867E+2
9.234075E+0	-9.944946E+1	1.594607E+2
9.246550E+0	-9.845268E+1	2.254156E+2
9.259025E+0	-1.038984E+2	1.611122E+2
9.271500E+0	-9.737906E+1	2.680094E+2
9.283975E+0	-9.719250E+1	-1.626062E+0
9.296450E+0	-1.081133E+2	1.483900E+2
9.308925E+0	-9.972149E+1	-6.856803E+1
9.321400E+0	-9.592165E+1	1.019684E+2
9.333875E+0	-9.644614E+1	8.577664E+1
9.346350E+0	-1.062368E+2	2.750118E+1
9.358825E+0	-9.633699E+1	2.206554E+1
9.371300E+0	-9.789220E+1	1.034772E+2
9.383775E+0	-1.122724E+2	3.743457E+1
9.396250E+0	-1.020960E+2	1.325764E+2
9.408725E+0	-1.136569E+2	1.797302E+2
9.421200E+0	-9.583839E+1	2.677491E+1
9.433675E+0	-9.735749E+1	-1.806002E+1
9.446150E+0	-1.065045E+2	-3.914803E+1
9.458625E+0	-9.946486E+1	-2.791718E+1
9.471100E+0	-1.166325E+2	6.921216E+1
9.483575E+0	-1.019751E+2	-7.830841E+0
9.496050E+0	-1.002511E+2	2.535242E+2
9.508525E+0	-9.473998E+1	2.477958E+2
9.521000E+0	-1.008271E+2	-9.356934E-1
9.533475E+0	-9.625620E+1	2.659170E+2
9.545950E+0	-9.660485E+1	1.728078E+2
9.558425E+0	-9.499210E+1	1.184062E+2
9.570900E+0	-9.684599E+1	-4.938460E+0
9.583375E+0	-9.416561E+1	1.205731E+2
9.595850E+0	-9.979420E+1	2.208803E+2
9.608325E+0	-9.944144E+1	1.195053E+2
9.620800E+0	-1.007804E+2	-5.326440E+1
9.633275E+0	-9.887256E+1	7.120938E+1
9.645750E+0	-1.045316E+2	1.723393E+2
9.658225E+0	-1.102470E+2	9.176627E+1
9.670700E+0	-1.016702E+2	9.548220E+1
9.683175E+0	-1.188201E+2	3.693335E+1
9.695650E+0	-1.031533E+2	2.387484E+2
9.708125E+0	-1.068690E+2	1.532424E+2
9.720600E+0	-9.714500E+1	4.181435E+1
9.733075E+0	-1.082587E+2	2.005752E+2
9.745550E+0	-1.070938E+2	1.295712E+2
9.758025E+0	-9.786126E+1	1.918555E+2
9.770500E+0	-9.915629E+1	2.628587E+2
9.782975E+0	-1.029883E+2	1.462024E+2
9.795450E+0	-9.836462E+1	-5.031985E+1
9.807925E+0	-1.041505E+2	6.210247E+1
9.820400E+0	-9.665650E+1	2.651318E+2
9.832875E+0	-1.021883E+2	2.421943E+2
9.845350E+0	-1.049462E+2	1.301091E+1
9.857825E+0	-1.005822E+2	-1.777091E+0
9.870300E+0	-1.179688E+2	1.819106E+2
9.882775E+0	-9.941740E+1	-4.129692E+1
9.895250E+0	-9.754498E+1	1.758812E+2
9.907725E+0	-1.000403E+2	1.564698E+2
9.920200E+0	-1.091088E+2	5.486517E+1
9.932675E+0	-1.089403E+2	-5.766314E+1
9.945150E+0	-9.532762E+1	2.231231E+2
9.957625E+0	-1.033108E+2	1.471458E+2
9.970100E+0	-9.719593E+1	2.402922E+2
9.982575E+0	-1.245075E+2	2.402635E+1
9.995050E+0	-1.016231E+2	1.822839E+2
