4.000000E-2	-4.303873E+1	-2.074122E+1
5.247500E-2	-4.329993E+1	2.238259E+1
6.495000E-2	-4.353230E+1	6.661578E+1
7.742500E-2	-4.372388E+1	1.105260E+2
8.990000E-2	-4.387524E+1	1.539766E+2
1.023750E-1	-4.412396E+1	1.983855E+2
1.148500E-1	-4.431027E+1	2.419314E+2
1.273250E-1	-4.453410E+1	-7.448569E+1
1.398000E-1	-4.479470E+1	-3.004523E+1
1.522750E-1	-4.506358E+1	1.444654E+1
1.647500E-1	-4.524001E+1	5.945618E+1
1.772250E-1	-4.535992E+1	1.042924E+2
1.897000E-1	-4.549047E+1	1.490661E+2
2.021750E-1	-4.558742E+1	1.931222E+2
2.146500E-1	-4.574371E+1	2.370698E+2
2.271250E-1	-4.596989E+1	-7.897697E+1
2.396000E-1	-4.621820E+1	-3.454447E+1
2.520750E-1	-4.646711E+1	1.030407E+1
2.645500E-1	-4.665695E+1	5.542534E+1
2.770250E-1	-4.669772E+1	1.010516E+2
2.895000E-1	-4.684905E+1	1.461424E+2
3.019750E-1	-4.689617E+1	1.897476E+2
3.144500E-1	-4.692448E+1	2.343613E+2
3.269250E-1	-4.722752E+1	2.781973E+2
3.394000E-1	-4.733585E+1	-3.652525E+1
3.518750E-1	-4.770866E+1	9.074609E+0
3.643500E-1	-4.782249E+1	5.450722E+1
3.768250E-1	-4.775156E+1	9.902802E+1
3.893000E-1	-4.782777E+1	1.427988E+2
4.017750E-1	-4.799810E+1	1.873758E+2
4.142500E-1	-4.821712E+1	2.314902E+2
4.267250E-1	-4.833509E+1	2.767577E+2
4.392000E-1	-4.854001E+1	-3.899967E+1
4.516750E-1	-4.872289E+1	5.727483E+0
4.641500E-1	-4.884590E+1	4.975278E+1
4.766250E-1	-4.902020E+1	9.474681E+1
4.891000E-1	-4.914414E+1	1.394045E+2
5.015750E-1	-4.932016E+1	1.837155E+2
5.140500E-1	-4.942081E+1	2.286086E+2
5.265250E-1	-4.966597E+1	2.728038E+2
5.390000E-1	-4.989949E+1	-4.188453E+1
5.514750E-1	-5.001296E+1	2.848901E+0
5.639500E-1	-5.019878E+1	4.698874E+1
5.764250E-1	-5.035077E+1	9.126348E+1
5.889000E-1	-5.059744E+1	1.355094E+2
6.013750E-1	-5.089163E+1	1.803282E+2
6.138500E-1	-5.121364E+1	2.260688E+2
6.263250E-1	-5.139745E+1	2.718315E+2
6.388000E-1	-5.148605E+1	-4.288500E+1
6.512750E-1	-5.160444E+1	1.010355E+0
6.637500E-1	-5.179765E+1	4.572709E+1
6.762250E-1	-5.201545E+1	9.080908E+1
6.887000E-1	-5.219583E+1	1.360869E+2
7.011750E-1	-5.218061E+1	1.819489E+2
7.136500E-1	-5.231200E+1	2.258345E+2
7.261250E-1	-5.244091E+1	2.699296E+2
7.386000E-1	-5.274906E+1	-4.510628E+1
7.510750E-1	-5.294862E+1	-6.174216E-1
7.635500E-1	-5.305257E+1	4.385699E+1
7.760250E-1	-5.311858E+1	8.907078E+1
7.885000E-1	-5.341934E+1	1.334660E+2
8.009750E-1	-5.345587E+1	1.782488E+2
8.134500E-1	-5.372138E+1	2.221433E+2
8.259250E-1	-5.386942E+1	2.674735E+2
8.384000E-1	-5.401959E+1	-4.827352E+1
8.508750E-1	-5.426559E+1	-4.073207E+0
8.633500E-1	-5.441896E+1	4.033758E+1
8.758250E-1	-5.461971E+1	8.446162E+1
8.883000E-1	-5.487512E+1	1.292413E+2
9.007750E-1	-5.514508E+1	1.746288E+2
9.132500E-1	-5.537628E+1	2.182810E+2
9.257250E-1	-5.561475E+1	2.630987E+2
9.382000E-1	-5.579934E+1	-5.209259E+1
9.506750E-1	-5.604846E+1	-8.126073E+0
9.631500E-1	-5.619493E+1	3.652195E+1
9.756250E-1	-5.647881E+1	8.088942E+1
9.881000E-1	-5.659876E+1	1.253195E+2
1.000575E+0	-5.687950E+1	1.703642E+2
1.013050E+0	-5.707113E+1	2.154341E+2
1.025525E+0	-5.740102E+1	2.596247E+2
1.038000E+0	-5.757905E+1	-5.659057E+1
1.050475E+0	-5.776692E+1	-1.268498E+1
1.062950E+0	-5.789467E+1	3.189210E+1
1.075425E+0	-5.818864E+1	7.650867E+1
1.087900E+0	-5.849406E+1	1.199185E+2
1.100375E+0	-5.876353E+1	1.650090E+2
1.112850E+0	-5.905267E+1	2.088407E+2
1.125325E+0	-5.912096E+1	2.529971E+2
1.137800E+0	-5.949442E+1	-6.155205E+1
1.150275E+0	-5.951660E+1	-1.802477E+1
1.162750E+0	-5.992325E+1	2.553748E+1
1.175225E+0	-6.028063E+1	6.965025E+1
1.187700E+0	-6.055176E+1	1.135473E+2
1.200175E+0	-6.100406E+1	1.585063E+2
1.212650E+0	-6.091772E+1	2.020504E+2
1.225125E+0	-6.138398E+1	2.470519E+2
1.237600E+0	-6.181455E+1	-6.767318E+1
1.250075E+0	-6.190738E+1	-2.361777E+1
1.262550E+0	-6.216889E+1	2.116549E+1
1.275025E+0	-6.237279E+1	6.550277E+1
1.287500E+0	-6.251815E+1	1.091706E+2
1.299975E+0	-6.248738E+1	1.528327E+2
1.312450E+0	-6.292140E+1	1.958204E+2
1.324925E+0	-6.336029E+1	2.400885E+2
1.337400E+0	-6.360229E+1	-7.771960E+1
1.349875E+0	-6.404574E+1	-3.262348E+1
1.362350E+0	-6.418903E+1	1.264191E+1
1.374825E+0	-6.448930E+1	5.510061E+1
1.387300E+0	-6.480260E+1	9.932074E+1
1.399775E+0	-6.495889E+1	1.424266E+2
1.412250E+0	-6.528725E+1	1.846334E+2
1.424725E+0	-6.530235E+1	2.302070E+2
1.437200E+0	-6.595462E+1	2.732471E+2
1.449675E+0	-6.627451E+1	-4.509555E+1
1.462150E+0	-6.657143E+1	-2.389104E+0
1.474625E+0	-6.706267E+1	4.310004E+1
1.487100E+0	-6.742195E+1	8.886726E+1
1.499575E+0	-6.804121E+1	1.306388E+2
1.512050E+0	-6.818858E+1	1.719542E+2
1.524525E+0	-6.894380E+1	2.190189E+2
1.537000E+0	-6.914011E+1	2.620237E+2
1.549475E+0	-6.952039E+1	-5.131974E+1
1.561950E+0	-6.976397E+1	-7.228283E+0
1.574425E+0	-7.007735E+1	3.598435E+1
1.586900E+0	-7.008534E+1	8.017730E+1
1.599375E+0	-7.044240E+1	1.228169E+2
1.611850E+0	-7.053455E+1	1.684104E+2
1.624325E+0	-7.070272E+1	2.112519E+2
1.636800E+0	-7.063300E+1	2.526620E+2
1.649275E+0	-7.084964E+1	-6.703081E+1
1.661750E+0	-7.140780E+1	-1.698835E+1
1.674225E+0	-7.149934E+1	1.939206E+1
1.686700E+0	-7.189737E+1	6.416389E+1
1.699175E+0	-7.224653E+1	1.080613E+2
1.711650E+0	-7.179439E+1	1.517120E+2
1.724125E+0	-7.241502E+1	1.904313E+2
1.736600E+0	-7.325211E+1	2.345517E+2
1.749075E+0	-7.294389E+1	2.722662E+2
1.761550E+0	-7.330913E+1	-4.131361E+1
1.774025E+0	-7.380249E+1	-2.787188E+0
1.786500E+0	-7.424580E+1	3.701359E+1
1.798975E+0	-7.370626E+1	7.873158E+1
1.811450E+0	-7.455077E+1	1.209810E+2
1.823925E+0	-7.469244E+1	1.650568E+2
1.836400E+0	-7.527814E+1	2.049565E+2
1.848875E+0	-7.552632E+1	2.431421E+2
1.861350E+0	-7.620024E+1	-7.395193E+1
1.873825E+0	-7.662106E+1	-4.007015E+1
1.886300E+0	-7.705209E+1	-3.546721E+0
1.898775E+0	-7.865685E+1	4.314080E+1
1.911250E+0	-7.750391E+1	7.507706E+1
1.923725E+0	-7.885167E+1	1.218728E+2
1.936200E+0	-7.916908E+1	1.615844E+2
1.948675E+0	-7.913371E+1	1.982326E+2
1.961150E+0	-7.848983E+1	2.356574E+2
1.973625E+0	-7.949258E+1	2.736446E+2
1.986100E+0	-8.066296E+1	-5.039261E+1
1.998575E+0	-8.210165E+1	-1.193267E+1
2.011050E+0	-8.306694E+1	3.543380E+1
2.023525E+0	-8.134430E+1	6.261810E+1
2.036000E+0	-8.432619E+1	1.086680E+2
2.048475E+0	-8.534962E+1	1.516281E+2
2.060950E+0	-8.349194E+1	1.650221E+2
2.073425E+0	-8.334784E+1	1.995320E+2
2.085900E+0	-8.551659E+1	2.513722E+2
2.098375E+0	-8.731775E+1	-6.317331E+1
2.110850E+0	-9.309867E+1	-3.998487E+1
2.123325E+0	-8.818378E+1	-1.348219E+1
2.135800E+0	-9.650938E+1	3.326672E+1
2.148275E+0	-9.483482E+1	2.072412E+1
2.160750E+0	-1.016491E+2	9.550050E+1
2.173225E+0	-9.467754E+1	1.811322E+2
2.185700E+0	-9.968282E+1	2.429379E+2
2.198175E+0	-9.924876E+1	2.347527E+2
2.210650E+0	-9.731293E+1	2.599995E+2
2.223125E+0	-1.124782E+2	-1.796703E+1
2.235600E+0	-1.080920E+2	-6.396753E+1
2.248075E+0	-9.871268E+1	2.775829E+2
2.260550E+0	-1.030834E+2	1.275247E+2
2.273025E+0	-9.887170E+1	1.237854E+1
2.285500E+0	-1.021116E+2	2.302674E+2
2.297975E+0	-1.051127E+2	2.410050E+2
2.310450E+0	-1.025509E+2	1.394557E+2
2.322925E+0	-1.094308E+2	1.621491E+2
2.335400E+0	-1.045794E+2	-1.853768E+0
2.347875E+0	-9.989244E+1	-2.975503E+1
2.360350E+0	-9.727692E+1	1.784299E+2
2.372825E+0	-9.697387E+1	-7.069965E+1
2.385300E+0	-1.078079E+2	2.672975E+2
2.397775E+0	-1.015113E+2	3.650118E+1
2.410250E+0	-9.581760E+1	-3.303035E+0
2.422725E+0	-1.063461E+2	2.285178E+2
2.435200E+0	-9.827704E+1	2.400735E+2
2.447675E+0	-9.566699E+1	6.029747E+1
2.460150E+0	-1.050254E+2	1.448693E+2
2.472625E+0	-1.025315E+2	2.573806E+2
2.485100E+0	-1.125842E+2	1.595573E+2
2.497575E+0	-9.351703E+1	1.446240E+2
2.510050E+0	-1.049985E+2	2.491645E+2
2.522525E+0	-9.506124E+1	2.343436E+2
2.535000E+0	-1.001816E+2	7.951646E+1
2.547475E+0	-1.021075E+2	2.247865E+2
2.559950E+0	-1.001887E+2	2.525122E+2
2.572425E+0	-9.998611E+1	2.087138E+2
2.584900E+0	-1.078714E+2	-5.764369E+1
2.597375E+0	-1.115969E+2	1.027296E+2
2.609850E+0	-1.058935E+2	1.747200E+2
2.622325E+0	-1.002275E+2	-2.201112E+1
2.634800E+0	-1.072907E+2	-1.977687E+1
2.647275E+0	-1.050854E+2	2.491350E+2
2.659750E+0	-9.677319E+1	2.633357E+2
2.672225E+0	-1.068262E+2	2.554323E+2
2.684700E+0	-9.553947E+1	2.393092E+2
2.697175E+0	-1.084544E+2	4.728451E+1
2.709650E+0	-9.284908E+1	-3.311090E+1
2.722125E+0	-9.491792E+1	9.851225E+1
2.734600E+0	-9.112975E+1	2.765774E+2
2.747075E+0	-1.027039E+2	2.625945E+2
2.759550E+0	-9.854615E+1	2.723561E+2
2.772025E+0	-1.071418E+2	9.030460E+1
2.784500E+0	-1.017576E+2	4.049489E+0
2.796975E+0	-1.036923E+2	1.453557E+2
2.809450E+0	-9.568406E+1	1.652088E+2
2.821925E+0	-1.007202E+2	1.730115E+2
2.834400E+0	-1.103952E+2	-1.498261E+1
2.846875E+0	-1.029409E+2	5.066579E+1
2.859350E+0	-1.012047E+2	2.591472E+2
2.871825E+0	-9.807890E+1	1.456076E+2
2.884300E+0	-1.059875E+2	1.758643E+2
2.896775E+0	-1.021937E+2	2.304433E+2
2.909250E+0	-1.019653E+2	9.670814E+0
2.921725E+0	-1.037302E+2	1.530093E+2
2.934200E+0	-1.076835E+2	2.292242E+2
2.946675E+0	-1.054076E+2	3.967475E+1
2.959150E+0	-1.042660E+2	2.196204E+2
2.971625E+0	-1.018598E+2	2.558624E+2
2.984100E+0	-1.036851E+2	6.134671E+1
2.996575E+0	-9.975167E+1	3.355840E+1
3.009050E+0	-1.132638E+2	2.446774E+2
3.021525E+0	-9.881319E+1	6.608081E+1
3.034000E+0	-1.029893E+2	5.828233E+0
3.046475E+0	-1.079065E+2	7.499539E+1
3.058950E+0	-9.666029E+1	-7.571391E+1
3.071425E+0	-1.021974E+2	-7.962553E+1
3.083900E+0	-9.752304E+1	1.956389E+2
3.096375E+0	-1.038666E+2	3.916877E+1
3.108850E+0	-9.766128E+1	-5.605784E+1
3.121325E+0	-1.001902E+2	2.360278E+2
3.133800E+0	-9.817954E+1	-5.432170E+1
3.146275E+0	-1.185870E+2	1.977391E+2
3.158750E+0	-1.022454E+2	-2.634285E+1
3.171225E+0	-9.764886E+1	-6.603243E+1
3.183700E+0	-9.495103E+1	2.069642E+2
3.196175E+0	-1.043407E+2	2.654427E+2
3.208650E+0	-1.044803E+2	4.442760E+1
3.221125E+0	-1.261972E+2	-6.534349E+1
3.233600E+0	-9.905972E+1	2.589691E+2
3.246075E+0	-9.685173E+1	-3.404764E+1
3.258550E+0	-9.544606E+1	2.050892E+2
3.271025E+0	-1.215331E+2	2.738295E+2
3.283500E+0	-1.024607E+2	6.266526E+1
3.295975E+0	-9.952016E+1	2.799745E+2
3.308450E+0	-1.005644E+2	8.351956E+1
3.320925E+0	-9.617926E+1	4.622383E+1
3.333400E+0	-1.014741E+2	1.407896E+2
3.345875E+0	-1.032235E+2	1.505408E+2
3.358350E+0	-1.025769E+2	6.106446E+1
3.370825E+0	-9.748674E+1	2.369050E+2
3.383300E+0	-9.590408E+1	2.282993E+2
3.395775E+0	-9.895727E+1	7.993185E-1
3.408250E+0	-9.925030E+1	1.011648E+2
3.420725E+0	-1.039329E+2	1.194446E+2
3.433200E+0	-1.091739E+2	2.434098E+2
3.445675E+0	-1.008153E+2	9.834258E+1
3.458150E+0	-1.025603E+2	1.671477E+2
3.470625E+0	-1.012689E+2	2.548907E+2
3.483100E+0	-9.796727E+1	3.370311E+1
3.495575E+0	-1.004460E+2	8.323772E+1
3.508050E+0	-9.704380E+1	-7.427828E+1
3.520525E+0	-9.857834E+1	2.293390E+2
3.533000E+0	-1.014712E+2	-2.991067E+1
3.545475E+0	-1.074193E+2	2.082124E+2
3.557950E+0	-1.035556E+2	1.639311E+2
3.570425E+0	-1.065237E+2	-7.654655E+1
3.582900E+0	-1.078656E+2	1.066541E+1
3.595375E+0	-1.038135E+2	2.053858E+2
3.607850E+0	-1.104484E+2	3.278666E+1
3.620325E+0	-9.410670E+1	8.095880E+0
3.632800E+0	-9.928749E+1	2.161716E+1
3.645275E+0	-9.838092E+1	2.866622E+1
3.657750E+0	-9.799364E+1	4.614482E+1
3.670225E+0	-9.740049E+1	2.216966E+2
3.682700E+0	-9.256003E+1	1.713323E+2
3.695175E+0	-1.046090E+2	1.713834E+1
3.707650E+0	-9.844083E+1	2.477925E+2
3.720125E+0	-9.421953E+1	2.291490E+2
3.732600E+0	-9.560751E+1	-1.898129E+1
3.745075E+0	-1.124283E+2	1.855748E+2
3.757550E+0	-1.020123E+2	2.397414E+2
3.770025E+0	-9.908184E+1	-4.227378E+1
3.782500E+0	-1.007878E+2	-7.090866E+0
3.794975E+0	-1.166877E+2	-7.097839E+1
3.807450E+0	-9.826698E+1	2.513989E+2
3.819925E+0	-1.005096E+2	-5.711824E+1
3.832400E+0	-1.072455E+2	-2.695772E+0
3.844875E+0	-9.640665E+1	1.341534E+2
3.857350E+0	-9.820429E+1	9.917042E+1
3.869825E+0	-1.064493E+2	2.042148E+2
3.882300E+0	-1.031839E+2	1.262424E+2
3.894775E+0	-1.009446E+2	-6.069549E+1
3.907250E+0	-9.508507E+1	1.339634E+2
3.919725E+0	-1.036165E+2	2.781737E+2
3.932200E+0	-1.037640E+2	-6.913229E+1
3.944675E+0	-1.059673E+2	-3.210112E+1
3.957150E+0	-1.053442E+2	-5.702158E+1
3.969625E+0	-9.458500E+1	1.135912E+1
3.982100E+0	-1.096834E+2	1.927971E+2
3.994575E+0	-9.569833E+1	-7.828476E+1
4.007050E+0	-9.887601E+1	3.958127E+1
4.019525E+0	-9.860805E+1	5.571731E+1
4.032000E+0	-1.002858E+2	4.549413E+1
4.044475E+0	-1.151695E+2	6.817218E+1
4.056950E+0	-1.004379E+2	1.806371E+2
4.069425E+0	-9.838931E+1	1.500372E+2
4.081900E+0	-1.027746E+2	1.545448E+2
4.094375E+0	-1.061378E+2	1.316190E+1
4.106850E+0	-9.687179E+1	2.056099E+2
4.119325E+0	-1.006403E+2	-2.155002E+1
4.131800E+0	-9.825514E+1	7.164718E+1
4.144275E+0	-1.152545E+2	4.100530E+1
4.156750E+0	-1.061899E+2	1.316538E+2
4.169225E+0	-1.073129E+2	9.333926E+1
4.181700E+0	-9.528455E+1	-1.797548E+1
4.194175E+0	-1.035486E+2	2.182834E+2
4.206650E+0	-9.791142E+1	8.690941E+1
4.219125E+0	-1.134331E+2	8.731879E+1
4.231600E+0	-9.760810E+1	4.540906E+1
4.244075E+0	-9.611852E+1	2.413802E+2
4.256550E+0	-9.591044E+1	2.615149E+2
4.269025E+0	-1.046327E+2	2.134476E+2
4.281500E+0	-1.052217E+2	3.091831E+1
4.293975E+0	-1.014308E+2	5.609287E+1
4.306450E+0	-9.574097E+1	2.583450E+2
4.318925E+0	-1.014729E+2	1.133316E+2
4.331400E+0	-1.040451E+2	-3.629094E+1
4.343875E+0	-1.038565E+2	2.302355E+1
4.356350E+0	-9.407468E+1	1.066925E+2
4.368825E+0	-1.006029E+2	1.735448E+2
4.381300E+0	-1.048192E+2	2.391707E+2
4.393775E+0	-1.180419E+2	2.408302E+2
4.406250E+0	-1.054203E+2	-2.916836E+1
4.418725E+0	-9.869478E+1	5.374977E+1
4.431200E+0	-1.016953E+2	6.982928E+1
4.443675E+0	-1.037082E+2	7.459368E+0
4.456150E+0	-9.668945E+1	1.591024E+2
4.468625E+0	-1.035337E+2	4.140956E+1
4.481100E+0	-9.968136E+1	1.206129E+2
4.493575E+0	-9.554710E+1	2.202104E+1
4.506050E+0	-1.024592E+2	-5.903969E+1
4.518525E+0	-1.076158E+2	-2.612569E+1
4.531000E+0	-1.132791E+2	1.728133E+2
4.543475E+0	-1.018395E+2	1.165706E+1
4.555950E+0	-1.040269E+2	2.549586E+1
4.568425E+0	-1.030388E+2	1.256235E+2
4.580900E+0	-9.879417E+1	-8.524408E+0
4.593375E+0	-9.905205E+1	-1.083708E+1
4.605850E+0	-1.078166E+2	5.319247E+1
4.618325E+0	-1.493984E+2	1.642053E+2
4.630800E+0	-9.773283E+1	2.655947E+2
4.643275E+0	-1.028889E+2	-3.095758E+1
4.655750E+0	-9.565050E+1	1.140996E+2
4.668225E+0	-1.013425E+2	-4.854930E+1
4.680700E+0	-9.785313E+1	1.336818E+2
4.693175E+0	-1.008684E+2	2.119602E+2
4.705650E+0	-9.769889E+1	1.858357E+2
4.718125E+0	-9.708876E+1	-2.703560E+1
4.730600E+0	-9.564008E+1	2.782570E+2
4.743075E+0	-1.129166E+2	-6.838062E+1
4.755550E+0	-1.063345E+2	2.467257E+2
4.768025E+0	-1.005077E+2	-4.543800E+1
4.780500E+0	-9.847655E+1	1.551954E+2
4.792975E+0	-1.116689E+2	2.104599E+2
4.805450E+0	-9.534249E+1	8.558117E+0
4.817925E+0	-9.519177E+1	2.117714E+2
4.830400E+0	-1.030693E+2	-3.415038E+1
4.842875E+0	-1.074730E+2	-1.873456E+1
4.855350E+0	-9.874697E+1	1.308539E+2
4.867825E+0	-1.043464E+2	1.299754E+2
4.880300E+0	-1.013258E+2	1.036644E+2
4.892775E+0	-9.717870E+1	1.577583E+2
4.905250E+0	-9.647117E+1	1.976679E+2
4.917725E+0	-1.215068E+2	7.777580E+1
4.930200E+0	-1.073385E+2	3.174742E+0
4.942675E+0	-1.037640E+2	-4.001772E+1
4.955150E+0	-9.697561E+1	-6.642306E+1
4.967625E+0	-1.020110E+2	1.573541E+2
4.980100E+0	-9.582849E+1	-1.999707E+1
4.992575E+0	-1.020159E+2	-4.763277E+1
5.005050E+0	-1.135288E+2	1.918602E+2
5.017525E+0	-9.377151E+1	-3.534882E+1
5.030000E+0	-9.971295E+1	-1.192988E-1
5.042475E+0	-9.878535E+1	7.685793E+1
5.054950E+0	-1.105785E+2	4.704969E+1
5.067425E+0	-1.044211E+2	-2.711937E+1
5.079900E+0	-9.732265E+1	1.480475E+2
5.092375E+0	-9.735626E+1	2.310818E+2
5.104850E+0	-1.027314E+2	-2.669785E+1
5.117325E+0	-1.099248E+2	2.591532E+2
5.129800E+0	-1.033013E+2	1.363221E+2
5.142275E+0	-1.038420E+2	-5.715083E+1
5.154750E+0	-9.805202E+1	-1.016610E+1
5.167225E+0	-1.032783E+2	-6.291349E+0
5.179700E+0	-1.001169E+2	6.664860E+1
5.192175E+0	-9.653593E+1	9.355111E+1
5.204650E+0	-1.036858E+2	1.574943E+2
5.217125E+0	-1.112123E+2	1.932153E+1
5.229600E+0	-1.071122E+2	1.500913E+2
5.242075E+0	-9.560467E+1	1.559381E+2
5.254550E+0	-1.120542E+2	8.073173E+1
5.267025E+0	-1.061823E+2	1.553996E+2
5.279500E+0	-9.611303E+1	2.199498E+2
5.291975E+0	-9.635494E+1	2.782874E+2
5.304450E+0	-1.021768E+2	5.790244E+1
5.316925E+0	-9.867747E+1	4.345454E+1
5.329400E+0	-1.006080E+2	2.767404E+2
5.341875E+0	-9.855923E+1	2.570181E+2
5.354350E+0	-1.035814E+2	2.011311E+2
5.366825E+0	-1.050007E+2	1.486745E+2
5.379300E+0	-1.188286E+2	4.157575E+1
5.391775E+0	-1.133263E+2	9.418041E+1
5.404250E+0	-9.797040E+1	1.405086E+2
5.416725E+0	-9.945349E+1	1.539085E+2
5.429200E+0	-1.103353E+2	7.062316E+1
5.441675E+0	-1.095790E+2	2.572998E+2
5.454150E+0	-1.001220E+2	8.358387E+1
5.466625E+0	-9.686604E+1	2.433553E+1
5.479100E+0	-1.030177E+2	2.382202E+2
5.491575E+0	-9.716557E+1	2.722637E+2
5.504050E+0	-1.067801E+2	2.013941E+2
5.516525E+0	-1.122633E+2	5.103410E+1
5.529000E+0	-1.033837E+2	2.297029E+2
5.541475E+0	-9.501870E+1	1.542004E+2
5.553950E+0	-1.005414E+2	8.942923E+1
5.566425E+0	-9.955719E+1	-1.611309E+1
5.578900E+0	-1.082661E+2	1.208766E+1
5.591375E+0	-9.654343E+1	2.066248E+2
5.603850E+0	-1.055577E+2	1.685042E+2
5.616325E+0	-9.535182E+1	3.105524E+1
5.628800E+0	-9.504410E+1	2.582351E+2
5.641275E+0	-1.028705E+2	8.923438E+1
5.653750E+0	-9.621322E+1	2.000995E+2
5.666225E+0	-9.406425E+1	2.240075E+2
5.678700E+0	-9.832964E+1	7.863929E+1
5.691175E+0	-9.708140E+1	-7.167763E+1
5.703650E+0	-9.448136E+1	1.790750E+2
5.716125E+0	-9.849232E+1	3.606185E+1
5.728600E+0	-1.050166E+2	1.889064E+2
5.741075E+0	-1.073650E+2	2.705500E+2
5.753550E+0	-9.743795E+1	1.464810E+2
5.766025E+0	-9.372146E+1	-5.747113E+1
5.778500E+0	-9.902291E+1	1.780282E+2
5.790975E+0	-1.142433E+2	2.180797E+2
5.803450E+0	-9.798866E+1	1.161777E+2
5.815925E+0	-1.063082E+2	3.567009E+1
5.828400E+0	-1.017558E+2	1.500605E+2
5.840875E+0	-9.851375E+1	-7.614972E+1
5.853350E+0	-9.925522E+1	2.577455E+2
5.865825E+0	-1.105793E+2	1.187785E+2
5.878300E+0	-1.038707E+2	1.048426E+2
5.890775E+0	-1.022059E+2	-6.976692E+0
5.903250E+0	-1.105447E+2	2.581347E+2
5.915725E+0	-1.066778E+2	1.449866E+2
5.928200E+0	-9.583369E+1	1.302414E+2
5.940675E+0	-9.382835E+1	1.931278E+2
5.953150E+0	-9.759963E+1	2.656310E+2
5.965625E+0	-9.864654E+1	2.321468E+2
5.978100E+0	-1.041900E+2	-5.214291E+1
5.990575E+0	-9.366930E+1	-1.948003E+1
6.003050E+0	-1.050984E+2	-6.830386E+1
6.015525E+0	-1.119192E+2	2.071523E+2
6.028000E+0	-9.863409E+1	-3.559559E+1
6.040475E+0	-1.087199E+2	2.787366E+2
6.052950E+0	-1.004206E+2	7.685329E+0
6.065425E+0	-9.351443E+1	5.982352E+1
6.077900E+0	-1.032562E+2	6.072038E+1
6.090375E+0	-9.907295E+1	6.708688E+1
6.102850E+0	-9.443874E+1	2.626462E+2
6.115325E+0	-9.304816E+1	6.947147E+1
6.127800E+0	-1.020065E+2	1.734709E+2
6.140275E+0	-1.062972E+2	1.331811E+2
6.152750E+0	-9.793805E+1	2.139316E+2
6.165225E+0	-9.471880E+1	1.658491E+2
6.177700E+0	-9.932935E+1	1.325505E+2
6.190175E+0	-9.824827E+1	2.459992E+2
6.202650E+0	-1.021455E+2	4.332302E+1
6.215125E+0	-9.982316E+1	1.535753E+2
6.227600E+0	-1.006802E+2	1.898962E+2
6.240075E+0	-1.007393E+2	8.680830E+1
6.252550E+0	-9.962041E+1	7.415269E+1
6.265025E+0	-9.936507E+1	-6.635988E+1
6.277500E+0	-1.135783E+2	1.575619E+2
6.289975E+0	-1.035549E+2	1.607556E+2
6.302450E+0	-9.895770E+1	-4.398570E+1
6.314925E+0	-1.024381E+2	-9.331575E+0
6.327400E+0	-9.549662E+1	1.770678E+1
6.339875E+0	-1.043695E+2	1.107497E+2
6.352350E+0	-1.027356E+2	2.536003E+2
6.364825E+0	-9.588321E+1	-6.712351E+0
6.377300E+0	-1.098503E+2	-3.692887E+1
6.389775E+0	-1.050640E+2	2.648701E+2
6.402250E+0	-1.128600E+2	2.357022E+1
6.414725E+0	-9.713642E+1	2.617971E+2
6.427200E+0	-9.706609E+1	2.622568E+2
6.439675E+0	-1.007701E+2	1.737957E+2
6.452150E+0	-9.923075E+1	1.915789E+2
6.464625E+0	-9.789072E+1	1.428085E+2
6.477100E+0	-1.063989E+2	1.284332E+2
6.489575E+0	-9.621995E+1	7.449427E+1
6.502050E+0	-1.026337E+2	2.528686E+2
6.514525E+0	-1.062551E+2	-6.735452E+1
6.527000E+0	-1.005547E+2	1.659646E+2
6.539475E+0	-1.021421E+2	-4.264164E+1
6.551950E+0	-9.838701E+1	1.129114E+2
6.564425E+0	-9.820925E+1	8.171028E+1
6.576900E+0	-9.933999E+1	9.361836E+1
6.589375E+0	-1.000184E+2	1.746411E+2
6.601850E+0	-1.060875E+2	2.739997E+2
6.614325E+0	-1.105147E+2	2.203660E+2
6.626800E+0	-1.086344E+2	5.292305E+1
6.639275E+0	-1.004473E+2	-4.877734E+1
6.651750E+0	-9.874075E+1	-6.524585E+1
6.664225E+0	-1.093218E+2	2.211287E+2
6.676700E+0	-1.056268E+2	-6.332986E+1
6.689175E+0	-1.030623E+2	9.706915E+1
6.701650E+0	-1.061409E+2	5.956321E+1
6.714125E+0	-9.693985E+1	4.427598E+1
6.726600E+0	-1.013985E+2	1.191900E+1
6.739075E+0	-1.025582E+2	-3.421720E+1
6.751550E+0	-1.271237E+2	1.813651E+1
6.764025E+0	-1.017809E+2	1.100915E+2
6.776500E+0	-1.056188E+2	1.450911E+2
6.788975E+0	-9.822710E+1	3.212772E+1
6.801450E+0	-9.864907E+1	1.051363E+2
6.813925E+0	-1.172040E+2	-4.558696E+1
6.826400E+0	-1.002999E+2	2.272107E+2
6.838875E+0	-1.002804E+2	1.196921E+1
6.851350E+0	-1.015832E+2	1.198783E+2
6.863825E+0	-1.038824E+2	6.771445E+1
6.876300E+0	-9.682498E+1	-2.650960E+1
6.888775E+0	-9.410468E+1	2.780706E+1
6.901250E+0	-9.768977E+1	-5.805390E+1
6.913725E+0	-9.670245E+1	1.853176E+2
6.926200E+0	-9.746390E+1	2.664468E+2
6.938675E+0	-9.873501E+1	2.473300E+2
6.951150E+0	-9.826501E+1	6.894269E+1
6.963625E+0	-1.277115E+2	1.040813E+2
6.976100E+0	-1.017943E+2	3.883265E+1
6.988575E+0	-9.840814E+1	-3.265580E+1
7.001050E+0	-1.026187E+2	1.846205E+2
7.013525E+0	-9.920907E+1	2.702693E+2
7.026000E+0	-1.042498E+2	1.869559E+2
7.038475E+0	-9.680492E+1	2.410739E+2
7.050950E+0	-1.053088E+2	-5.119796E+1
7.063425E+0	-9.782095E+1	-5.196797E+1
7.075900E+0	-1.066810E+2	-1.450902E+1
7.088375E+0	-9.803059E+1	2.579587E+2
7.100850E+0	-9.857336E+1	2.657777E+2
7.113325E+0	-9.482777E+1	-4.818317E+1
7.125800E+0	-1.075296E+2	-6.044109E+1
7.138275E+0	-1.041383E+2	9.505134E+1
7.150750E+0	-1.001989E+2	2.541131E+2
7.163225E+0	-1.000564E+2	2.735376E+2
7.175700E+0	-9.748499E+1	1.018283E+2
7.188175E+0	-9.507613E+1	-5.435136E+1
7.200650E+0	-1.043569E+2	-6.584573E+1
7.213125E+0	-9.473132E+1	9.412995E+1
7.225600E+0	-1.008404E+2	4.361570E+1
7.238075E+0	-1.053317E+2	-5.293328E+1
7.250550E+0	-1.007557E+2	4.729490E+1
7.263025E+0	-1.037969E+2	-7.932512E+0
7.275500E+0	-1.010717E+2	2.135148E+1
7.287975E+0	-1.123691E+2	2.065137E+2
7.300450E+0	-1.015600E+2	-5.593637E+1
7.312925E+0	-9.515977E+1	6.324803E+1
7.325400E+0	-1.051917E+2	2.357688E+2
7.337875E+0	-1.072516E+2	-1.776747E+1
7.350350E+0	-1.007285E+2	7.842455E+1
7.362825E+0	-1.017943E+2	9.222561E+1
7.375300E+0	-1.043365E+2	7.866710E+0
7.387775E+0	-9.899474E+1	1.302160E+1
7.400250E+0	-1.063208E+2	1.956122E+2
7.412725E+0	-1.025939E+2	2.495196E+1
7.425200E+0	-9.938759E+1	2.542980E+1
7.437675E+0	-9.758259E+1	-7.970690E+1
7.450150E+0	-1.052868E+2	2.707400E+1
7.462625E+0	-1.011166E+2	1.151433E+2
7.475100E+0	-9.777811E+1	2.335159E+2
7.487575E+0	-9.929693E+1	1.368182E+2
7.500050E+0	-1.036350E+2	9.564693E+1
7.512525E+0	-9.753655E+1	-5.202921E+0
7.525000E+0	-1.135747E+2	4.536517E+1
7.537475E+0	-1.055415E+2	1.289015E+1
7.549950E+0	-1.030111E+2	1.445435E+2
7.562425E+0	-9.168676E+1	-4.429152E+1
7.574900E+0	-9.997464E+1	1.346513E+1
7.587375E+0	-9.855902E+1	1.291329E+2
7.599850E+0	-9.481458E+1	2.744648E+2
7.612325E+0	-1.041458E+2	2.683591E+2
7.624800E+0	-1.019464E+2	9.489497E+1
7.637275E+0	-9.976093E+1	1.429246E+2
7.649750E+0	-9.919071E+1	1.019571E+1
7.662225E+0	-1.004119E+2	1.704949E+2
7.674700E+0	-1.022878E+2	1.222833E+2
7.687175E+0	-9.676260E+1	2.308183E+2
7.699650E+0	-1.006440E+2	2.460300E+2
7.712125E+0	-1.026863E+2	2.164428E+2
7.724600E+0	-9.787346E+1	3.616938E+1
7.737075E+0	-9.787659E+1	7.128745E+1
7.749550E+0	-1.057577E+2	2.408756E+2
7.762025E+0	-9.771075E+1	2.738710E+2
7.774500E+0	-1.080544E+2	1.658584E+2
7.786975E+0	-9.882627E+1	8.111958E+1
7.799450E+0	-1.035472E+2	-3.512843E+1
7.811925E+0	-9.873352E+1	1.973990E+0
7.824400E+0	-1.114926E+2	4.517104E+1
7.836875E+0	-9.822651E+1	-5.041404E+1
7.849350E+0	-1.029345E+2	1.068729E+2
7.861825E+0	-1.072956E+2	1.627425E+2
7.874300E+0	-1.089836E+2	-3.195392E+1
7.886775E+0	-9.889206E+1	2.163671E+2
7.899250E+0	-1.007537E+2	1.251733E+2
7.911725E+0	-1.008027E+2	-5.965972E+1
7.924200E+0	-1.102873E+2	-5.775358E+1
7.936675E+0	-9.729803E+1	2.350110E+2
7.949150E+0	-9.581137E+1	-3.136967E+0
7.961625E+0	-1.022130E+2	1.696926E+2
7.974100E+0	-9.811678E+1	1.035948E+1
7.986575E+0	-1.103130E+2	-5.742690E+1
7.999050E+0	-9.731158E+1	-6.697758E+1
8.011525E+0	-1.055070E+2	3.860370E+1
8.024000E+0	-9.592934E+1	-5.938301E+1
8.036475E+0	-1.020922E+2	2.035144E+2
8.048950E+0	-1.004722E+2	-4.237357E+1
8.061425E+0	-9.984650E+1	-3.806752E+0
8.073900E+0	-1.060557E+2	3.564368E+1
8.086375E+0	-1.059751E+2	2.704070E+1
8.098850E+0	-9.481087E+1	1.153337E+2
8.111325E+0	-9.445584E+1	1.358565E+2
8.123800E+0	-9.940150E+1	1.359265E+2
8.136275E+0	-9.736622E+1	1.287005E+2
8.148750E+0	-1.031372E+2	-2.815937E+1
8.161225E+0	-1.079210E+2	-3.318998E+1
8.173700E+0	-1.053849E+2	2.579548E+2
8.186175E+0	-9.884426E+1	-4.030770E+1
8.198650E+0	-9.292860E+1	2.374035E+2
8.211125E+0	-9.693619E+1	7.847343E+1
8.223600E+0	-9.268143E+1	-7.598241E+1
8.236075E+0	-1.061857E+2	8.199793E+1
8.248550E+0	-9.910401E+1	1.544421E+2
8.261025E+0	-9.949948E+1	-7.176709E+1
8.273500E+0	-9.882945E+1	2.707320E+2
8.285975E+0	-9.698444E+1	6.763316E+1
8.298450E+0	-1.001852E+2	6.474821E+1
8.310925E+0	-9.866155E+1	7.582790E+1
8.323400E+0	-9.799117E+1	1.944335E+2
8.335875E+0	-9.511795E+1	1.710507E+2
8.348350E+0	-9.337928E+1	2.625381E+2
8.360825E+0	-9.133415E+1	1.075604E+2
8.373300E+0	-9.771314E+1	-6.955783E+1
8.385775E+0	-9.332813E+1	2.557638E+2
8.398250E+0	-1.010983E+2	2.573607E+2
8.410725E+0	-1.115852E+2	4.317455E+1
8.423200E+0	-1.051626E+2	8.881080E+0
8.435675E+0	-9.351815E+1	9.295257E+1
8.448150E+0	-1.021145E+2	2.549484E+2
8.460625E+0	-9.806561E+1	-5.457652E+1
8.473100E+0	-1.040779E+2	2.133572E+2
8.485575E+0	-9.637285E+1	1.062540E+2
8.498050E+0	-9.757441E+1	5.547418E+1
8.510525E+0	-9.728122E+1	5.962962E+1
8.523000E+0	-9.998822E+1	1.797266E+2
8.535475E+0	-9.583105E+1	6.412751E-1
8.547950E+0	-1.050703E+2	1.571376E+2
8.560425E+0	-9.419138E+1	2.420617E+2
8.572900E+0	-9.715659E+1	-6.279657E+1
8.585375E+0	-1.032219E+2	2.664753E+2
8.597850E+0	-9.506227E+1	1.754352E+2
8.610325E+0	-1.076057E+2	2.763350E+2
8.622800E+0	-1.004848E+2	1.453736E+2
8.635275E+0	-9.765954E+1	7.848814E+1
8.647750E+0	-1.025513E+2	2.495904E+1
8.660225E+0	-1.139656E+2	1.945519E+2
8.672700E+0	-9.671485E+1	1.021871E+2
8.685175E+0	-1.054022E+2	2.675471E+2
8.697650E+0	-9.647094E+1	-6.938937E+1
8.710125E+0	-9.541740E+1	1.964967E+2
8.722600E+0	-1.004463E+2	1.217286E+2
8.735075E+0	-1.008356E+2	6.391187E+1
8.747550E+0	-1.063262E+2	9.168636E+0
8.760025E+0	-9.876353E+1	1.998118E+2
8.772500E+0	-1.008867E+2	-3.555843E+1
8.784975E+0	-1.002453E+2	-4.125521E+1
8.797450E+0	-1.007583E+2	-4.603574E+1
8.809925E+0	-1.020316E+2	4.745967E+1
8.822400E+0	-9.882923E+1	-6.437472E+1
8.834875E+0	-9.495318E+1	1.985516E+1
8.847350E+0	-1.017256E+2	4.217574E+1
8.859825E+0	-1.007127E+2	1.789821E+2
8.872300E+0	-1.047976E+2	1.619362E+1
8.884775E+0	-9.771255E+1	1.612393E+2
8.897250E+0	-9.298784E+1	-1.399123E+1
8.909725E+0	-1.174233E+2	1.484741E+2
8.922200E+0	-1.008273E+2	1.361508E+2
8.934675E+0	-1.146790E+2	1.152222E+2
8.947150E+0	-9.889834E+1	-1.556372E+1
8.959625E+0	-1.082735E+2	2.778676E+1
8.972100E+0	-9.354637E+1	7.588888E+1
8.984575E+0	-9.557855E+1	-1.031331E+0
8.997050E+0	-9.703068E+1	1.377575E+2
9.009525E+0	-9.889534E+1	-3.669212E+1
9.022000E+0	-1.112210E+2	2.606358E+2
9.034475E+0	-9.746201E+1	5.261885E+1
9.046950E+0	-9.723796E+1	-3.996032E+1
9.059425E+0	-1.022207E+2	6.003080E+1
9.071900E+0	-1.132709E+2	-6.861391E+1
9.084375E+0	-1.064183E+2	-5.613986E+0
9.096850E+0	-9.551823E+1	3.792936E+1
9.109325E+0	-9.819698E+1	-7.365224E+1
9.121800E+0	-9.620272E+1	-3.054653E+1
9.134275E+0	-9.806910E+1	7.928004E+0
9.146750E+0	-1.095488E+2	5.174071E+1
9.159225E+0	-9.960386E+1	7.831702E+1
9.171700E+0	-9.981094E+1	1.229122E+1
9.184175E+0	-9.793406E+1	1.641346E+2
9.196650E+0	-1.026279E+2	8.498080E+1
9.209125E+0	-1.016137E+2	-5.600774E+1
9.221600E+0	-1.009703E+2	7.130949E+0
9.234075E+0	-1.033380E+2	2.130360E+2
9.246550E+0	-9.543114E+1	2.279978E+2
9.259025E+0	-9.331023E+1	2.634310E+2
9.271500E+0	-9.910942E+1	1.321617E+2
9.283975E+0	-9.710271E+1	1.047694E+2
9.296450E+0	-1.055744E+2	1.949094E+2
9.308925E+0	-1.137067E+2	9.239040E+1
9.321400E+0	-9.516077E+1	1.220684E+2
9.333875E+0	-1.039792E+2	9.591705E+1
9.346350E+0	-9.868592E+1	1.367436E+2
9.358825E+0	-1.071219E+2	2.635833E+2
9.371300E+0	-1.007709E+2	7.258115E+1
9.383775E+0	-1.034115E+2	1.374577E+2
9.396250E+0	-1.020201E+2	1.748056E+2
9.408725E+0	-1.006099E+2	-3.039726E+1
9.421200E+0	-1.012899E+2	1.311400E+2
9.433675E+0	-1.066262E+2	2.062683E+2
9.446150E+0	-1.008111E+2	-6.106195E+0
9.458625E+0	-9.484342E+1	-2.779148E+1
9.471100E+0	-9.944973E+1	7.354459E+1
9.483575E+0	-1.040937E+2	-5.849178E+0
9.496050E+0	-1.006878E+2	2.798341E+2
9.508525E+0	-1.008334E+2	-2.905900E+1
9.521000E+0	-9.778171E+1	1.265462E+2
9.533475E+0	-9.516106E+1	1.376121E+2
9.545950E+0	-1.062474E+2	1.438873E+2
9.558425E+0	-1.024252E+2	1.427946E+2
9.570900E+0	-1.002043E+2	2.448739E+2
9.583375E+0	-9.296041E+1	1.645071E+2
9.595850E+0	-1.011332E+2	2.508645E+2
9.608325E+0	-9.648426E+1	1.541677E+2
9.620800E+0	-9.227629E+1	2.331755E+2
9.633275E+0	-1.073281E+2	1.723243E+2
9.645750E+0	-1.023515E+2	2.676435E+2
9.658225E+0	-9.856449E+1	-6.267518E+1
9.670700E+0	-9.222160E+1	9.494608E+1
9.683175E+0	-9.926431E+1	5.336476E+1
9.695650E+0	-1.087020E+2	5.000573E+1
9.708125E+0	-9.340791E+1	9.960636E+1
9.720600E+0	-1.026507E+2	1.098863E+2
9.733075E+0	-9.753306E+1	1.642340E+2
9.745550E+0	-9.900275E+1	1.258822E+2
9.758025E+0	-1.017218E+2	1.929986E+2
9.770500E+0	-9.885934E+1	-7.813749E+1
9.782975E+0	-9.758288E+1	1.064781E+2
9.795450E+0	-1.012294E+2	1.300473E+2
9.807925E+0	-1.007506E+2	-7.460870E+1
9.820400E+0	-1.059224E+2	-6.851897E+1
9.832875E+0	-9.788451E+1	-3.726027E+1
9.845350E+0	-1.001622E+2	1.399236E+2
9.857825E+0	-9.560788E+1	8.257630E+1
9.870300E+0	-1.016398E+2	-3.305395E+0
9.882775E+0	-1.010315E+2	1.469194E+2
9.895250E+0	-1.062166E+2	2.221441E+2
9.907725E+0	-1.031101E+2	1.684913E+2
9.920200E+0	-1.008250E+2	-5.096175E+0
9.932675E+0	-1.041698E+2	-7.751287E+1
9.945150E+0	-1.018971E+2	2.434407E+2
9.957625E+0	-1.006054E+2	1.848305E+2
9.970100E+0	-1.095755E+2	-2.376026E+1
9.982575E+0	-9.308143E+1	1.599131E+2
9.995050E+0	-9.379626E+1	1.106905E+2
