4.000000E-2	-1.535505E+1	9.311125E+1
5.247500E-2	-1.037306E+1	1.328398E+2
6.495000E-2	-7.032878E+0	1.810031E+2
7.742500E-2	-4.033666E+0	2.327843E+2
8.990000E-2	-1.452312E+0	2.786507E+2
1.023750E-1	-8.959178E-1	-3.418740E+1
1.148500E-1	-9.528975E-1	2.029040E+1
1.273250E-1	-1.080144E+0	7.841055E+1
1.398000E-1	-1.337473E+0	1.393787E+2
1.522750E-1	-1.739877E+0	2.027147E+2
1.647500E-1	-2.093499E+0	2.690508E+2
1.772250E-1	-2.061558E+0	-2.151661E+1
1.897000E-1	-1.534329E+0	4.798771E+1
2.021750E-1	-8.083143E-1	1.136123E+2
2.146500E-1	-4.011887E-1	1.764504E+2
2.271250E-1	-3.607324E-1	2.396210E+2
2.396000E-1	-5.021580E-1	-5.558434E+1
2.520750E-1	-5.137940E-1	1.048872E+1
2.645500E-1	-4.179793E-1	7.630080E+1
2.770250E-1	-4.341094E-1	1.412657E+2
2.895000E-1	-6.108673E-1	2.061230E+2
3.019750E-1	-9.107434E-1	2.717864E+2
3.144500E-1	-1.247929E+0	-2.154387E+1
3.269250E-1	-1.551629E+0	4.533391E+1
3.394000E-1	-1.829178E+0	1.129212E+2
3.518750E-1	-2.096467E+0	1.813732E+2
3.643500E-1	-2.365501E+0	2.499374E+2
3.768250E-1	-2.540629E+0	-4.173953E+1
3.893000E-1	-2.681825E+0	2.647790E+1
4.017750E-1	-2.829608E+0	9.478119E+1
4.142500E-1	-2.967196E+0	1.627878E+2
4.267250E-1	-3.058365E+0	2.310609E+2
4.392000E-1	-3.200910E+0	-6.066372E+1
4.516750E-1	-3.403107E+0	7.568172E+0
4.641500E-1	-3.571201E+0	7.543525E+1
4.766250E-1	-3.793198E+0	1.434231E+2
4.891000E-1	-4.043787E+0	2.118613E+2
5.015750E-1	-4.253904E+0	-7.921967E+1
5.140500E-1	-4.333744E+0	-9.935869E+0
5.265250E-1	-4.407281E+0	5.877655E+1
5.390000E-1	-4.546548E+0	1.268799E+2
5.514750E-1	-4.744363E+0	1.947399E+2
5.639500E-1	-4.969774E+0	2.632201E+2
5.764250E-1	-5.112910E+0	-2.818571E+1
5.889000E-1	-5.248968E+0	4.023186E+1
6.013750E-1	-5.398467E+0	1.087558E+2
6.138500E-1	-5.611358E+0	1.772847E+2
6.263250E-1	-5.835302E+0	2.456523E+2
6.388000E-1	-6.043989E+0	-4.611563E+1
6.512750E-1	-6.294330E+0	2.247946E+1
6.637500E-1	-6.481318E+0	9.111438E+1
6.762250E-1	-6.697453E+0	1.597843E+2
6.887000E-1	-6.896823E+0	2.288038E+2
7.011750E-1	-7.150392E+0	-6.245774E+1
7.136500E-1	-7.374966E+0	6.314362E+0
7.261250E-1	-7.569275E+0	7.497390E+1
7.386000E-1	-7.764702E+0	1.437157E+2
7.510750E-1	-7.943631E+0	2.123118E+2
7.635500E-1	-8.161996E+0	-7.893958E+1
7.760250E-1	-8.388752E+0	-9.991377E+0
7.885000E-1	-8.653283E+0	5.844390E+1
8.009750E-1	-8.929159E+0	1.271466E+2
8.134500E-1	-9.181300E+0	1.958808E+2
8.259250E-1	-9.421711E+0	2.649330E+2
8.384000E-1	-9.647490E+0	-2.624711E+1
8.508750E-1	-9.929346E+0	4.301496E+1
8.633500E-1	-1.016731E+1	1.124604E+2
8.758250E-1	-1.039677E+1	1.815924E+2
8.883000E-1	-1.058441E+1	2.507208E+2
9.007750E-1	-1.074717E+1	-4.047648E+1
9.132500E-1	-1.091630E+1	2.853074E+1
9.257250E-1	-1.104097E+1	9.738931E+1
9.382000E-1	-1.119739E+1	1.660448E+2
9.506750E-1	-1.140355E+1	2.343048E+2
9.631500E-1	-1.169327E+1	-5.762618E+1
9.756250E-1	-1.194058E+1	1.077234E+1
9.881000E-1	-1.220610E+1	7.896167E+1
1.000575E+0	-1.251578E+1	1.476514E+2
1.013050E+0	-1.280309E+1	2.165084E+2
1.025525E+0	-1.312885E+1	-7.467506E+1
1.038000E+0	-1.344578E+1	-5.534819E+0
1.050475E+0	-1.375121E+1	6.358987E+1
1.062950E+0	-1.394203E+1	1.328276E+2
1.075425E+0	-1.414515E+1	2.015863E+2
1.087900E+0	-1.433406E+1	2.705410E+2
1.100375E+0	-1.451745E+1	-2.092062E+1
1.112850E+0	-1.477227E+1	4.744737E+1
1.125325E+0	-1.505184E+1	1.159139E+2
1.137800E+0	-1.534092E+1	1.839444E+2
1.150275E+0	-1.564988E+1	2.522039E+2
1.162750E+0	-1.597764E+1	-3.907064E+1
1.175225E+0	-1.630876E+1	3.028824E+1
1.187700E+0	-1.657461E+1	9.930614E+1
1.200175E+0	-1.685131E+1	1.684731E+2
1.212650E+0	-1.707095E+1	2.374476E+2
1.225125E+0	-1.723893E+1	-5.417783E+1
1.237600E+0	-1.744448E+1	1.411763E+1
1.250075E+0	-1.766247E+1	8.251466E+1
1.262550E+0	-1.792061E+1	1.508652E+2
1.275025E+0	-1.818237E+1	2.187337E+2
1.287500E+0	-1.848192E+1	-7.337074E+1
1.299975E+0	-1.881960E+1	-5.425404E+0
1.312450E+0	-1.920931E+1	6.241645E+1
1.324925E+0	-1.959850E+1	1.305128E+2
1.337400E+0	-2.000585E+1	1.993972E+2
1.349875E+0	-2.041220E+1	2.684179E+2
1.362350E+0	-2.075133E+1	-2.231450E+1
1.374825E+0	-2.099082E+1	4.686883E+1
1.387300E+0	-2.122450E+1	1.156292E+2
1.399775E+0	-2.143032E+1	1.838637E+2
1.412250E+0	-2.163595E+1	2.521455E+2
1.424725E+0	-2.185044E+1	-3.982320E+1
1.437200E+0	-2.216941E+1	2.774208E+1
1.449675E+0	-2.252789E+1	9.532122E+1
1.462150E+0	-2.290470E+1	1.631098E+2
1.474625E+0	-2.335019E+1	2.309645E+2
1.487100E+0	-2.376665E+1	-6.096622E+1
1.499575E+0	-2.420176E+1	7.574021E+0
1.512050E+0	-2.464780E+1	7.672031E+1
1.524525E+0	-2.503449E+1	1.458703E+2
1.537000E+0	-2.529120E+1	2.148969E+2
1.549475E+0	-2.549066E+1	-7.635666E+1
1.561950E+0	-2.577598E+1	-7.762823E+0
1.574425E+0	-2.592128E+1	6.016732E+1
1.586900E+0	-2.610400E+1	1.277108E+2
1.599375E+0	-2.642288E+1	1.954884E+2
1.611850E+0	-2.676210E+1	2.629980E+2
1.624325E+0	-2.710653E+1	-2.941710E+1
1.636800E+0	-2.743478E+1	3.872678E+1
1.649275E+0	-2.773279E+1	1.065334E+2
1.661750E+0	-2.792871E+1	1.744300E+2
1.674225E+0	-2.816653E+1	2.417979E+2
1.686700E+0	-2.843656E+1	-5.062248E+1
1.699175E+0	-2.870215E+1	1.605616E+1
1.711650E+0	-2.898900E+1	8.291264E+1
1.724125E+0	-2.932192E+1	1.499210E+2
1.736600E+0	-2.964265E+1	2.165082E+2
1.749075E+0	-2.994519E+1	-7.670284E+1
1.761550E+0	-3.025889E+1	-9.856781E+0
1.774025E+0	-3.066982E+1	5.680067E+1
1.786500E+0	-3.102796E+1	1.227835E+2
1.798975E+0	-3.147782E+1	1.895730E+2
1.811450E+0	-3.186768E+1	2.568861E+2
1.823925E+0	-3.220824E+1	-3.660579E+1
1.836400E+0	-3.244710E+1	3.022854E+1
1.848875E+0	-3.275031E+1	9.716228E+1
1.861350E+0	-3.304453E+1	1.631570E+2
1.873825E+0	-3.328547E+1	2.285266E+2
1.886300E+0	-3.358497E+1	-6.615842E+1
1.898775E+0	-3.397988E+1	-1.038657E+0
1.911250E+0	-3.433199E+1	6.367809E+1
1.923725E+0	-3.470340E+1	1.288841E+2
1.936200E+0	-3.510180E+1	1.937345E+2
1.948675E+0	-3.564012E+1	2.581810E+2
1.961150E+0	-3.614692E+1	-3.738724E+1
1.973625E+0	-3.671070E+1	2.804331E+1
1.986100E+0	-3.726065E+1	9.300430E+1
1.998575E+0	-3.770610E+1	1.574676E+2
2.011050E+0	-3.807365E+1	2.233350E+2
2.023525E+0	-3.840033E+1	-7.229936E+1
2.036000E+0	-3.872338E+1	-8.963044E+0
2.048475E+0	-3.909140E+1	5.343671E+1
2.060950E+0	-3.950264E+1	1.157460E+2
2.073425E+0	-4.010596E+1	1.773204E+2
2.085900E+0	-4.068661E+1	2.392710E+2
2.098375E+0	-4.124730E+1	-5.874499E+1
2.110850E+0	-4.191977E+1	1.208535E+0
2.123325E+0	-4.280128E+1	6.193626E+1
2.135800E+0	-4.353219E+1	1.221097E+2
2.148275E+0	-4.462564E+1	1.829909E+2
2.160750E+0	-4.578194E+1	2.446696E+2
2.173225E+0	-4.655147E+1	-5.395077E+1
2.185700E+0	-4.724438E+1	7.209415E+0
2.198175E+0	-4.818612E+1	6.602459E+1
2.210650E+0	-4.866896E+1	1.238729E+2
2.223125E+0	-4.976527E+1	1.779082E+2
2.235600E+0	-5.141772E+1	2.327597E+2
2.248075E+0	-5.319809E+1	-7.481478E+1
2.260550E+0	-5.511943E+1	-1.936194E+1
2.273025E+0	-5.692355E+1	3.364374E+1
2.285500E+0	-5.957551E+1	8.933067E+1
2.297975E+0	-6.235631E+1	1.428441E+2
2.310450E+0	-6.621500E+1	1.988701E+2
2.322925E+0	-7.097474E+1	2.571804E+2
2.335400E+0	-7.146116E+1	-4.828352E+1
2.347875E+0	-7.598390E+1	1.496656E+1
2.360350E+0	-7.981763E+1	1.200663E+2
2.372825E+0	-8.988400E+1	1.756203E+2
2.385300E+0	-9.748378E+1	9.242445E+1
2.397775E+0	-1.012979E+2	5.946057E+1
2.410250E+0	-8.084466E+1	1.476273E+2
2.422725E+0	-8.440900E+1	-5.652935E+1
2.435200E+0	-8.695248E+1	-3.812460E+1
2.447675E+0	-8.337943E+1	-6.930127E+1
2.460150E+0	-8.758529E+1	8.637154E+0
2.472625E+0	-8.686921E+1	1.849973E+2
2.485100E+0	-9.524199E+1	9.275084E+1
2.497575E+0	-8.505609E+1	-3.067494E+1
2.510050E+0	-7.945054E+1	1.313876E+1
2.522525E+0	-8.417268E+1	2.692501E+2
2.535000E+0	-9.174921E+1	1.670559E+2
2.547475E+0	-8.949706E+1	6.009383E-1
2.559950E+0	-8.128455E+1	2.266853E+2
2.572425E+0	-8.369448E+1	1.760543E+2
2.584900E+0	-8.552087E+1	5.687197E+1
2.597375E+0	-8.125401E+1	1.901398E+2
2.609850E+0	-9.394064E+1	1.832413E+2
2.622325E+0	-8.077085E+1	-3.921944E+1
2.634800E+0	-8.534559E+1	6.341138E+1
2.647275E+0	-8.610210E+1	1.661472E+2
2.659750E+0	-8.616249E+1	2.573323E+2
2.672225E+0	-1.020957E+2	-5.508497E+1
2.684700E+0	-8.586176E+1	-4.561694E+1
2.697175E+0	-8.992616E+1	8.327526E+1
2.709650E+0	-8.797243E+1	1.485316E+2
2.722125E+0	-8.423735E+1	-3.316290E+1
2.734600E+0	-8.620348E+1	-5.170374E+1
2.747075E+0	-1.013581E+2	1.372013E+2
2.759550E+0	-1.040543E+2	5.299226E+1
2.772025E+0	-8.476433E+1	1.874065E+2
2.784500E+0	-9.256661E+1	1.530489E+2
2.796975E+0	-8.394518E+1	1.295883E+2
2.809450E+0	-8.195826E+1	-7.960313E+1
2.821925E+0	-8.354773E+1	1.808666E+2
2.834400E+0	-8.681548E+1	2.617887E+2
2.846875E+0	-8.379675E+1	2.439937E+2
2.859350E+0	-8.528020E+1	-6.815388E+1
2.871825E+0	-9.383870E+1	-6.438079E+1
2.884300E+0	-8.662882E+1	8.263106E+1
2.896775E+0	-8.846004E+1	2.532998E+2
2.909250E+0	-8.914153E+1	2.604133E+2
2.921725E+0	-8.510141E+1	1.772204E+2
2.934200E+0	-8.773820E+1	-5.318835E+1
2.946675E+0	-8.143399E+1	-2.199205E+1
2.959150E+0	-9.166003E+1	2.201372E+2
2.971625E+0	-9.409349E+1	1.363056E+2
2.984100E+0	-9.090403E+1	-2.066078E+1
2.996575E+0	-8.107677E+1	2.648991E+2
3.009050E+0	-8.120254E+1	2.376446E+2
3.021525E+0	-8.988242E+1	1.346178E+2
3.034000E+0	-8.409380E+1	7.932682E+1
3.046475E+0	-9.275710E+1	2.191365E+2
3.058950E+0	-1.017276E+2	2.444457E+2
3.071425E+0	-8.937196E+1	1.509257E+2
3.083900E+0	-8.249555E+1	7.190640E+1
3.096375E+0	-8.774664E+1	1.628510E+2
3.108850E+0	-7.847472E+1	1.358528E+2
3.121325E+0	-8.154239E+1	1.377307E+2
3.133800E+0	-8.500198E+1	2.140114E+2
3.146275E+0	-8.211798E+1	3.818829E+1
3.158750E+0	-8.895783E+1	-3.639868E+1
3.171225E+0	-1.099779E+2	-1.808544E+0
3.183700E+0	-8.349242E+1	5.878492E+1
3.196175E+0	-9.799512E+1	-5.358753E+1
3.208650E+0	-1.002735E+2	2.078004E+2
3.221125E+0	-8.266270E+1	8.169001E+1
3.233600E+0	-8.496462E+1	2.766858E+2
3.246075E+0	-8.755052E+1	5.207311E+1
3.258550E+0	-8.026381E+1	1.660997E+2
3.271025E+0	-9.898660E+1	7.298465E+1
3.283500E+0	-8.962790E+1	1.147981E+2
3.295975E+0	-8.610458E+1	-7.538396E+1
3.308450E+0	-8.695148E+1	1.552339E+1
3.320925E+0	-9.210946E+1	2.799575E+2
3.333400E+0	-8.611604E+1	2.165641E+2
3.345875E+0	-8.096552E+1	7.370374E+1
3.358350E+0	-8.116555E+1	-7.949700E+1
3.370825E+0	-8.760686E+1	2.234849E+2
3.383300E+0	-8.373583E+1	2.520379E+2
3.395775E+0	-8.390733E+1	2.688150E+1
3.408250E+0	-8.427380E+1	9.160844E+1
3.420725E+0	-8.984246E+1	2.671884E+2
3.433200E+0	-8.389392E+1	2.789425E+2
3.445675E+0	-9.046814E+1	1.404332E+2
3.458150E+0	-8.480277E+1	5.896140E+1
3.470625E+0	-8.810029E+1	-4.728218E+1
3.483100E+0	-8.018150E+1	5.814013E+1
3.495575E+0	-8.309475E+1	-1.117840E+1
3.508050E+0	-8.526978E+1	1.181677E+2
3.520525E+0	-8.298502E+1	2.714734E+2
3.533000E+0	-9.396403E+1	2.456495E+2
3.545475E+0	-9.158154E+1	2.342422E+2
3.557950E+0	-1.073395E+2	1.106838E+2
3.570425E+0	-7.795441E+1	1.061113E+2
3.582900E+0	-7.941303E+1	1.239153E+2
3.595375E+0	-8.589935E+1	4.003170E+0
3.607850E+0	-9.661037E+1	2.545092E+2
3.620325E+0	-9.421402E+1	2.557762E+2
3.632800E+0	-8.901670E+1	2.702251E+2
3.645275E+0	-9.158968E+1	2.036830E+2
3.657750E+0	-9.482446E+1	-2.895846E+1
3.670225E+0	-9.305654E+1	1.455180E+2
3.682700E+0	-8.948103E+1	2.463032E+2
3.695175E+0	-8.305489E+1	1.125346E+2
3.707650E+0	-9.267117E+1	1.842747E+2
3.720125E+0	-8.135896E+1	1.231199E+2
3.732600E+0	-8.583173E+1	1.475805E+2
3.745075E+0	-8.836391E+1	1.787175E+2
3.757550E+0	-8.072816E+1	1.780080E+2
3.770025E+0	-8.643378E+1	-2.883551E+1
3.782500E+0	-9.231215E+1	3.561501E+1
3.794975E+0	-9.876294E+1	8.044643E+1
3.807450E+0	-8.931293E+1	1.509899E+2
3.819925E+0	-8.763801E+1	1.704233E+1
3.832400E+0	-8.667822E+1	8.169592E+1
3.844875E+0	-8.915529E+1	3.606305E+1
3.857350E+0	-8.610205E+1	2.534209E+0
3.869825E+0	-9.022817E+1	-3.639815E+1
3.882300E+0	-8.827784E+1	2.488393E+2
3.894775E+0	-8.479030E+1	7.234816E+1
3.907250E+0	-8.213734E+1	1.045244E+2
3.919725E+0	-8.400028E+1	2.744404E+2
3.932200E+0	-8.273399E+1	-2.466943E+1
3.944675E+0	-9.289495E+1	5.086996E-1
3.957150E+0	-9.977120E+1	1.916553E+2
3.969625E+0	-9.137007E+1	1.135261E+2
3.982100E+0	-9.581470E+1	1.838069E+2
3.994575E+0	-9.866222E+1	2.435046E+2
4.007050E+0	-8.662257E+1	5.498725E+1
4.019525E+0	-8.162846E+1	1.118583E+2
4.032000E+0	-8.424668E+1	1.936744E+2
4.044475E+0	-8.327194E+1	2.686380E+1
4.056950E+0	-8.691430E+1	-4.203020E+1
4.069425E+0	-8.513271E+1	-5.231439E+1
4.081900E+0	-8.414993E+1	2.136623E+2
4.094375E+0	-9.296993E+1	2.730839E+2
4.106850E+0	-8.718431E+1	9.363975E+1
4.119325E+0	-1.105975E+2	7.145828E+1
4.131800E+0	-8.431420E+1	6.207539E+1
4.144275E+0	-8.292886E+1	6.573833E+1
4.156750E+0	-8.491941E+1	8.935027E+1
4.169225E+0	-8.530587E+1	-2.520133E+1
4.181700E+0	-8.811913E+1	1.058143E+1
4.194175E+0	-8.853860E+1	2.550245E+2
4.206650E+0	-8.131303E+1	-1.621333E+1
4.219125E+0	-9.032717E+1	1.266415E+1
4.231600E+0	-8.537986E+1	6.333767E+1
4.244075E+0	-9.395705E+1	7.893125E+0
4.256550E+0	-8.547070E+1	1.573298E+2
4.269025E+0	-8.280386E+1	6.853812E+1
4.281500E+0	-8.915612E+1	1.365167E+2
4.293975E+0	-8.774687E+1	1.236165E+2
4.306450E+0	-1.017263E+2	1.817492E+2
4.318925E+0	-9.068520E+1	-5.435114E+1
4.331400E+0	-8.199973E+1	1.618406E+2
4.343875E+0	-8.435190E+1	-7.554876E+1
4.356350E+0	-8.036710E+1	1.264551E+2
4.368825E+0	-8.549395E+1	1.968175E+1
4.381300E+0	-9.606291E+1	1.455638E+2
4.393775E+0	-8.726791E+1	-4.717835E+1
4.406250E+0	-8.544492E+1	8.279779E+1
4.418725E+0	-9.308035E+1	-2.974527E+1
4.431200E+0	-8.807565E+1	2.155809E+2
4.443675E+0	-8.541404E+1	-4.429384E+1
4.456150E+0	-8.917722E+1	-9.411362E+0
4.468625E+0	-8.288525E+1	1.075226E+2
4.481100E+0	-8.472803E+1	7.146366E+1
4.493575E+0	-8.564938E+1	2.026822E+1
4.506050E+0	-9.293536E+1	-6.066519E+1
4.518525E+0	-8.245177E+1	4.832180E+1
4.531000E+0	-8.810993E+1	1.331493E+2
4.543475E+0	-9.147935E+1	-5.504852E+1
4.555950E+0	-8.843428E+1	3.824108E+1
4.568425E+0	-8.431462E+1	-4.371494E+1
4.580900E+0	-9.165614E+1	1.156894E+2
4.593375E+0	-8.938570E+1	-7.314608E+1
4.605850E+0	-1.022645E+2	1.317551E+2
4.618325E+0	-8.845833E+1	2.622779E+2
4.630800E+0	-8.958140E+1	1.666807E+2
4.643275E+0	-8.975539E+1	2.069527E+2
4.655750E+0	-8.423079E+1	2.228264E+2
4.668225E+0	-8.346697E+1	6.585877E+1
4.680700E+0	-8.790439E+1	-1.604111E+1
4.693175E+0	-9.098800E+1	2.212687E+1
4.705650E+0	-9.889248E+1	-6.310387E+1
4.718125E+0	-8.505771E+1	-7.359673E+1
4.730600E+0	-8.379533E+1	6.383197E+1
4.743075E+0	-8.339839E+1	-6.609409E+0
4.755550E+0	-8.633468E+1	8.063249E+1
4.768025E+0	-9.286412E+1	2.729098E+2
4.780500E+0	-9.215551E+1	1.424698E+2
4.792975E+0	-8.422078E+1	2.829875E+1
4.805450E+0	-8.452158E+1	1.693038E+2
4.817925E+0	-8.795621E+1	2.709955E+2
4.830400E+0	-9.108814E+1	1.755915E+1
4.842875E+0	-9.298475E+1	2.756821E+2
4.855350E+0	-9.046791E+1	1.713931E+2
4.867825E+0	-9.787373E+1	-7.184971E+0
4.880300E+0	-8.363728E+1	2.651821E+2
4.892775E+0	-8.768297E+1	-5.589173E+1
4.905250E+0	-8.413501E+1	1.383648E+2
4.917725E+0	-8.241136E+1	1.380541E+2
4.930200E+0	-8.880533E+1	6.331526E+1
4.942675E+0	-8.728168E+1	2.242487E+2
4.955150E+0	-9.127614E+1	-8.039450E+0
4.967625E+0	-8.950018E+1	2.796608E+2
4.980100E+0	-8.818106E+1	1.965396E+2
4.992575E+0	-8.593130E+1	1.827006E+1
5.005050E+0	-9.296243E+1	1.449962E+2
5.017525E+0	-8.479105E+1	-3.759109E+1
5.030000E+0	-8.400761E+1	-4.878743E+1
5.042475E+0	-7.847118E+1	-5.098027E+1
5.054950E+0	-9.489545E+1	2.756089E+2
5.067425E+0	-8.441882E+1	1.690978E+2
5.079900E+0	-8.390946E+1	-3.322838E+1
5.092375E+0	-8.257104E+1	2.658861E+2
5.104850E+0	-9.133282E+1	5.496151E+1
5.117325E+0	-9.658509E+1	1.956451E+2
5.129800E+0	-9.248003E+1	1.176084E+2
5.142275E+0	-8.385965E+1	2.654486E+2
5.154750E+0	-8.834903E+1	1.985251E+2
5.167225E+0	-9.184429E+1	-3.536817E+1
5.179700E+0	-8.175220E+1	-7.944752E+1
5.192175E+0	-8.847441E+1	2.637012E+2
5.204650E+0	-1.014024E+2	1.191592E+2
5.217125E+0	-9.186720E+1	-2.000744E+1
5.229600E+0	-9.386449E+1	-1.962507E+1
5.242075E+0	-8.818362E+1	-1.335327E+0
5.254550E+0	-8.842957E+1	-2.874266E+1
5.267025E+0	-8.223736E+1	4.260272E+1
5.279500E+0	-8.796896E+1	6.165375E+1
5.291975E+0	-9.524769E+1	2.056417E+2
5.304450E+0	-9.012849E+1	1.641994E+1
5.316925E+0	-9.140503E+1	8.047870E+1
5.329400E+0	-8.362410E+1	1.417570E+2
5.341875E+0	-8.788447E+1	-4.918710E+1
5.354350E+0	-9.708839E+1	2.250708E+2
5.366825E+0	-8.563671E+1	1.918106E+2
5.379300E+0	-7.929769E+1	2.644096E+2
5.391775E+0	-9.070157E+1	-2.774234E+1
5.404250E+0	-8.425083E+1	2.074032E+2
5.416725E+0	-8.902816E+1	-6.129667E+1
5.429200E+0	-9.360159E+1	1.175764E+2
5.441675E+0	-9.364725E+1	2.540155E+2
5.454150E+0	-9.752632E+1	1.095725E+2
5.466625E+0	-8.659660E+1	5.568076E+0
5.479100E+0	-9.087769E+1	5.484164E+1
5.491575E+0	-8.787913E+1	2.685468E+2
5.504050E+0	-8.405509E+1	-6.292071E+1
5.516525E+0	-8.308763E+1	2.438074E+2
5.529000E+0	-9.160560E+1	2.311329E+2
5.541475E+0	-9.015453E+1	5.563903E+0
5.553950E+0	-1.156014E+2	5.700401E+1
5.566425E+0	-8.444904E+1	2.278221E+2
5.578900E+0	-9.014354E+1	-6.463800E+1
5.591375E+0	-8.126234E+1	1.035459E+2
5.603850E+0	-9.324732E+1	2.162500E+2
5.616325E+0	-8.832794E+1	2.172367E+2
5.628800E+0	-1.022674E+2	1.269136E+1
5.641275E+0	-8.794246E+1	1.414583E+2
5.653750E+0	-8.031018E+1	9.564206E+0
5.666225E+0	-1.028395E+2	1.701752E+2
5.678700E+0	-8.593246E+1	3.172171E+1
5.691175E+0	-9.548837E+1	2.495168E+2
5.703650E+0	-9.025358E+1	5.752736E+1
5.716125E+0	-9.275231E+1	1.261665E+1
5.728600E+0	-8.370609E+1	1.248486E+2
5.741075E+0	-8.524461E+1	5.150888E+1
5.753550E+0	-8.806030E+1	8.720455E+1
5.766025E+0	-9.830196E+1	1.912914E+2
5.778500E+0	-8.253875E+1	1.009240E+2
5.790975E+0	-8.503963E+1	1.959544E+2
5.803450E+0	-9.127991E+1	1.075315E+2
5.815925E+0	-9.140366E+1	1.746007E+2
5.828400E+0	-8.596261E+1	1.152580E+2
5.840875E+0	-8.357724E+1	-2.738577E+1
5.853350E+0	-8.375873E+1	1.575195E+2
5.865825E+0	-9.904224E+1	-1.694812E+1
5.878300E+0	-8.123089E+1	2.381928E+2
5.890775E+0	-8.899232E+1	2.371359E+1
5.903250E+0	-8.324693E+1	-7.667628E+1
5.915725E+0	-8.760141E+1	4.672452E+1
5.928200E+0	-8.822419E+1	-3.705566E+1
5.940675E+0	-9.174678E+1	-5.429205E+1
5.953150E+0	-9.921630E+1	1.067251E+2
5.965625E+0	-8.560694E+1	6.279637E+1
5.978100E+0	-9.000089E+1	-4.109975E+1
5.990575E+0	-8.391149E+1	1.845809E+2
6.003050E+0	-8.357677E+1	5.119018E+0
6.015525E+0	-9.584585E+1	2.771464E+2
6.028000E+0	-8.905698E+1	1.757924E+2
6.040475E+0	-9.065941E+1	2.833440E+1
6.052950E+0	-9.094366E+1	1.373198E+2
6.065425E+0	-9.410612E+1	-1.418835E+1
6.077900E+0	-9.410597E+1	-6.815672E+1
6.090375E+0	-8.563501E+1	-4.492063E+1
6.102850E+0	-8.735001E+1	1.081233E+2
6.115325E+0	-8.423599E+1	2.060346E+2
6.127800E+0	-8.270570E+1	-3.601612E+1
6.140275E+0	-9.341700E+1	2.241208E+2
6.152750E+0	-9.451139E+1	1.004851E+2
6.165225E+0	-8.352267E+1	-5.131007E+1
6.177700E+0	-8.476465E+1	7.182710E+1
6.190175E+0	-9.342304E+1	2.125782E+2
6.202650E+0	-8.679349E+1	2.246790E+2
6.215125E+0	-8.900269E+1	1.689176E+2
6.227600E+0	-8.685724E+1	1.027907E+2
6.240075E+0	-8.874185E+1	-7.233442E+1
6.252550E+0	-8.475578E+1	4.559304E+1
6.265025E+0	-8.493115E+1	1.152459E+2
6.277500E+0	-8.688309E+1	2.535342E+2
6.289975E+0	-8.628794E+1	2.006049E+2
6.302450E+0	-9.111662E+1	1.416853E+2
6.314925E+0	-8.584245E+1	1.972149E+2
6.327400E+0	-9.076385E+1	3.363999E+1
6.339875E+0	-8.567877E+1	2.413138E+2
6.352350E+0	-8.877180E+1	1.901684E+2
6.364825E+0	-8.964262E+1	3.172059E+0
6.377300E+0	-7.988596E+1	-4.721693E+1
6.389775E+0	-8.619797E+1	-3.989153E+0
6.402250E+0	-8.316334E+1	-1.307979E+1
6.414725E+0	-8.980206E+1	1.747747E+2
6.427200E+0	-8.295622E+1	-5.501617E+1
6.439675E+0	-8.444701E+1	-5.603260E+1
6.452150E+0	-8.604495E+1	2.159776E+1
6.464625E+0	-9.172484E+1	2.730758E+2
6.477100E+0	-9.377285E+1	1.639131E+2
6.489575E+0	-1.172917E+2	2.382762E+2
6.502050E+0	-8.864478E+1	1.282729E+2
6.514525E+0	-9.339243E+1	2.518477E+1
6.527000E+0	-8.678132E+1	-5.589716E+1
6.539475E+0	-9.106218E+1	1.526371E+2
6.551950E+0	-9.037643E+1	2.269878E+0
6.564425E+0	-8.411081E+1	1.596170E+2
6.576900E+0	-8.543494E+1	6.193627E+1
6.589375E+0	-9.264788E+1	1.266430E+2
6.601850E+0	-8.694527E+1	3.922691E+0
6.614325E+0	-9.931819E+1	2.416565E+2
6.626800E+0	-9.911073E+1	1.507668E+2
6.639275E+0	-9.035299E+1	1.973562E+1
6.651750E+0	-8.068842E+1	2.444227E+2
6.664225E+0	-8.660727E+1	2.774797E+2
6.676700E+0	-8.634805E+1	2.156538E+1
6.689175E+0	-8.489477E+1	-4.899942E+1
6.701650E+0	-8.079537E+1	1.524008E+2
6.714125E+0	-9.252668E+1	1.399040E+2
6.726600E+0	-9.616895E+1	1.910608E+2
6.739075E+0	-8.350130E+1	2.210565E+2
6.751550E+0	-8.821071E+1	1.327512E+2
6.764025E+0	-9.018659E+1	1.350001E+2
6.776500E+0	-8.659319E+1	1.757443E+2
6.788975E+0	-8.684239E+1	-1.570393E+1
6.801450E+0	-9.689925E+1	1.531979E+2
6.813925E+0	-8.847338E+1	2.422723E+2
6.826400E+0	-8.449298E+1	1.611663E+1
6.838875E+0	-8.524071E+1	-7.929204E+1
6.851350E+0	-8.501381E+1	-1.456706E+1
6.863825E+0	-8.375489E+1	-2.422935E+1
6.876300E+0	-8.757734E+1	4.277048E+1
6.888775E+0	-9.634344E+1	1.069213E+2
6.901250E+0	-1.029997E+2	6.761489E+1
6.913725E+0	-8.545492E+1	7.032890E+1
6.926200E+0	-8.534142E+1	-3.391730E+1
6.938675E+0	-8.435038E+1	3.140359E+1
6.951150E+0	-8.787704E+1	-6.937273E+1
6.963625E+0	-8.327573E+1	-2.477310E+0
6.976100E+0	-8.742880E+1	-2.247202E+1
6.988575E+0	-9.618002E+1	1.566733E+2
7.001050E+0	-8.129790E+1	-5.407160E+1
7.013525E+0	-9.580717E+1	1.914114E+2
7.026000E+0	-8.631077E+1	1.499778E+2
7.038475E+0	-8.672686E+1	7.310627E+0
7.050950E+0	-9.955698E+1	9.580193E+1
7.063425E+0	-8.656364E+1	-1.643673E+1
7.075900E+0	-8.331940E+1	6.963554E+1
7.088375E+0	-8.651180E+1	1.953308E+2
7.100850E+0	-8.875346E+1	2.741003E+2
7.113325E+0	-9.183907E+1	2.591707E+2
7.125800E+0	-8.087540E+1	2.146898E+2
7.138275E+0	-8.406840E+1	1.129930E+2
7.150750E+0	-8.716237E+1	1.649648E+2
7.163225E+0	-8.449926E+1	1.874748E+2
7.175700E+0	-9.103584E+1	-4.700959E+0
7.188175E+0	-8.451749E+1	6.961578E+1
7.200650E+0	-8.350048E+1	2.109456E+2
7.213125E+0	-8.623801E+1	-7.908801E+1
7.225600E+0	-8.525603E+1	1.192569E+2
7.238075E+0	-8.949756E+1	-5.732623E+1
7.250550E+0	-8.861057E+1	2.670836E+2
7.263025E+0	-9.166580E+1	4.225825E+1
7.275500E+0	-8.504234E+1	2.332265E+2
7.287975E+0	-9.099106E+1	1.668381E+2
7.300450E+0	-1.022833E+2	1.392839E+2
7.312925E+0	-8.774547E+1	1.872492E+2
7.325400E+0	-8.188082E+1	1.532661E+2
7.337875E+0	-8.429750E+1	-6.268800E+1
7.350350E+0	-8.252657E+1	7.585221E+1
7.362825E+0	-8.685480E+1	1.454947E+2
7.375300E+0	-1.074520E+2	2.251407E+1
7.387775E+0	-8.631535E+1	2.531280E+2
7.400250E+0	-9.225889E+1	5.109386E+1
7.412725E+0	-8.792099E+1	1.393408E+2
7.425200E+0	-8.633055E+1	1.678240E+2
7.437675E+0	-8.409002E+1	1.998808E+2
7.450150E+0	-9.369009E+1	1.507153E+2
7.462625E+0	-8.506274E+1	4.511343E+1
7.475100E+0	-8.812728E+1	1.004303E+2
7.487575E+0	-9.154810E+1	2.172700E+2
7.500050E+0	-8.564377E+1	2.786627E+2
7.512525E+0	-9.402632E+1	7.621996E+1
7.525000E+0	-7.883872E+1	-4.850606E+1
7.537475E+0	-8.277882E+1	-6.792896E+1
7.549950E+0	-9.032323E+1	-3.872840E+1
7.562425E+0	-7.771189E+1	2.110412E+2
7.574900E+0	-1.136692E+2	9.600918E+1
7.587375E+0	-8.554910E+1	1.003435E+1
7.599850E+0	-8.875620E+1	2.041940E+2
7.612325E+0	-9.707982E+1	2.359164E+2
7.624800E+0	-1.021340E+2	8.483702E+1
7.637275E+0	-8.729305E+1	2.659376E+2
7.649750E+0	-9.857382E+1	-5.699202E+0
7.662225E+0	-8.851844E+1	-4.211735E+1
7.674700E+0	-8.126872E+1	-3.636827E+1
7.687175E+0	-8.442534E+1	1.001825E+2
7.699650E+0	-8.541702E+1	5.877525E+1
7.712125E+0	-8.257571E+1	4.007498E+1
7.724600E+0	-9.637873E+1	-1.578588E+1
7.737075E+0	-9.231821E+1	2.251978E+2
7.749550E+0	-9.114546E+1	1.469732E+2
7.762025E+0	-8.377517E+1	6.708562E+0
7.774500E+0	-8.126839E+1	9.708261E+1
7.786975E+0	-8.065314E+1	2.343947E+2
7.799450E+0	-8.335625E+1	1.056761E+2
7.811925E+0	-8.136188E+1	2.824000E+0
7.824400E+0	-8.332652E+1	-5.109282E+0
7.836875E+0	-7.965701E+1	2.686696E+2
7.849350E+0	-8.763499E+1	2.644820E+2
7.861825E+0	-9.471593E+1	2.593604E+2
7.874300E+0	-9.511344E+1	-2.282633E+1
7.886775E+0	-8.553142E+1	1.378854E+2
7.899250E+0	-1.099101E+2	2.479302E+2
7.911725E+0	-7.996136E+1	2.013204E+2
7.924200E+0	-9.317607E+1	4.317469E+1
7.936675E+0	-8.326701E+1	1.795561E+2
7.949150E+0	-8.521445E+1	9.343264E+1
7.961625E+0	-8.635104E+1	3.502003E+1
7.974100E+0	-8.364504E+1	1.352240E+2
7.986575E+0	-8.373588E+1	1.131015E+2
7.999050E+0	-8.948813E+1	8.551976E+0
8.011525E+0	-9.234705E+1	1.200415E+2
8.024000E+0	-8.082388E+1	-1.374211E+1
8.036475E+0	-9.700973E+1	1.027736E+2
8.048950E+0	-8.917867E+1	7.143013E+1
8.061425E+0	-8.524120E+1	1.229212E+2
8.073900E+0	-9.074899E+1	-2.537940E+1
8.086375E+0	-8.541958E+1	-6.037561E+1
8.098850E+0	-8.711227E+1	-4.829067E+0
8.111325E+0	-9.771781E+1	2.646801E+2
8.123800E+0	-8.318250E+1	4.696080E+1
8.136275E+0	-8.153982E+1	3.598097E+1
8.148750E+0	-8.358275E+1	1.217133E+2
8.161225E+0	-8.541624E+1	2.774566E+1
8.173700E+0	-8.666372E+1	3.413106E+1
8.186175E+0	-8.731780E+1	1.198942E+2
8.198650E+0	-8.781554E+1	9.030049E+1
8.211125E+0	-9.527089E+1	3.575118E+1
8.223600E+0	-8.765660E+1	-5.614800E+1
8.236075E+0	-9.289044E+1	2.449985E+1
8.248550E+0	-9.973235E+1	2.207522E+2
8.261025E+0	-9.464389E+1	-5.415786E+1
8.273500E+0	-8.221063E+1	6.190677E+1
8.285975E+0	-8.208810E+1	-4.558610E+1
8.298450E+0	-9.213209E+1	2.126119E+2
8.310925E+0	-8.266830E+1	-2.039546E+1
8.323400E+0	-1.057629E+2	8.850648E+1
8.335875E+0	-8.262686E+1	8.258219E+0
8.348350E+0	-8.304633E+1	1.099929E+2
8.360825E+0	-8.493829E+1	2.457094E+2
8.373300E+0	-9.348204E+1	2.227330E+2
8.385775E+0	-8.705973E+1	1.575650E+2
8.398250E+0	-8.080597E+1	1.957673E+2
8.410725E+0	-8.573652E+1	9.284946E+1
8.423200E+0	-1.145044E+2	2.009563E+2
8.435675E+0	-8.564015E+1	2.354312E+2
8.448150E+0	-8.546059E+1	2.781024E+2
8.460625E+0	-9.277146E+1	1.945174E+2
8.473100E+0	-8.925179E+1	1.745535E+2
8.485575E+0	-9.032301E+1	1.090698E+2
8.498050E+0	-8.996513E+1	1.851865E+2
8.510525E+0	-8.326923E+1	8.756615E+0
8.523000E+0	-8.656236E+1	-6.602277E+1
8.535475E+0	-8.186140E+1	6.725095E+1
8.547950E+0	-8.301183E+1	1.313584E+2
8.560425E+0	-8.658556E+1	1.449151E+1
8.572900E+0	-8.400298E+1	1.165975E+2
8.585375E+0	-9.235593E+1	4.578104E+0
8.597850E+0	-8.087349E+1	3.831567E+1
8.610325E+0	-9.047693E+1	-3.168756E+1
8.622800E+0	-9.054819E+1	-4.465216E+1
8.635275E+0	-8.799178E+1	1.047173E+2
8.647750E+0	-8.434508E+1	7.711713E+1
8.660225E+0	-9.037212E+1	1.066740E+2
8.672700E+0	-8.909849E+1	2.110550E+2
8.685175E+0	-8.335976E+1	-7.870901E+1
8.697650E+0	-9.868882E+1	1.715508E+2
8.710125E+0	-7.992723E+1	1.978306E+2
8.722600E+0	-8.654427E+1	1.231293E+2
8.735075E+0	-8.568278E+1	2.537337E+2
8.747550E+0	-9.300055E+1	1.386543E+2
8.760025E+0	-9.044734E+1	-3.823528E+0
8.772500E+0	-8.442464E+1	1.099087E+2
8.784975E+0	-1.031348E+2	-3.295908E+1
8.797450E+0	-9.069144E+1	-4.477857E+0
8.809925E+0	-8.613728E+1	-5.005411E+1
8.822400E+0	-8.959833E+1	2.294621E+2
8.834875E+0	-9.236784E+1	1.933196E+2
8.847350E+0	-8.729652E+1	1.856299E+2
8.859825E+0	-8.045786E+1	2.072228E+1
8.872300E+0	-8.968975E+1	-5.409889E+1
8.884775E+0	-7.945488E+1	2.152605E+2
8.897250E+0	-8.369762E+1	2.113027E+2
8.909725E+0	-8.959462E+1	-2.012232E+1
8.922200E+0	-8.922707E+1	1.359066E+2
8.934675E+0	-8.250945E+1	1.770462E+2
8.947150E+0	-9.054382E+1	3.111305E+1
8.959625E+0	-8.532079E+1	2.209478E+2
8.972100E+0	-8.539146E+1	-6.851108E+1
8.984575E+0	-8.894177E+1	-6.077833E+1
8.997050E+0	-8.424963E+1	-6.032626E+1
9.009525E+0	-9.722692E+1	1.181036E+2
9.022000E+0	-9.409140E+1	4.347637E+1
9.034475E+0	-8.487125E+1	1.569899E+2
9.046950E+0	-9.044880E+1	1.646512E+2
9.059425E+0	-8.506804E+1	-2.146256E+0
9.071900E+0	-8.609659E+1	2.450439E+2
9.084375E+0	-8.580891E+1	-2.010539E+1
9.096850E+0	-9.199922E+1	1.737499E+2
9.109325E+0	-8.403776E+1	-3.398307E+1
9.121800E+0	-8.284097E+1	1.234492E+2
9.134275E+0	-8.464873E+1	-4.083341E+0
9.146750E+0	-8.840379E+1	-3.658505E+1
9.159225E+0	-8.212600E+1	2.780317E+2
9.171700E+0	-8.516262E+1	1.869218E+2
9.184175E+0	-8.731756E+1	8.989457E+0
9.196650E+0	-8.411452E+1	9.050873E+1
9.209125E+0	-8.089010E+1	9.316144E+1
9.221600E+0	-8.645325E+1	9.212963E+1
9.234075E+0	-9.546703E+1	2.755410E+2
9.246550E+0	-8.399497E+1	7.691304E+1
9.259025E+0	-8.385598E+1	1.032892E+2
9.271500E+0	-8.710257E+1	6.499894E+1
9.283975E+0	-8.748383E+1	2.799227E+2
9.296450E+0	-8.393689E+1	1.819658E+2
9.308925E+0	-8.370513E+1	7.353098E+1
9.321400E+0	-8.758504E+1	-7.668264E+1
9.333875E+0	-9.759104E+1	5.718126E+1
9.346350E+0	-8.648237E+1	-6.842793E+1
9.358825E+0	-8.472446E+1	2.005716E+2
9.371300E+0	-9.127007E+1	2.310840E+2
9.383775E+0	-9.252438E+1	1.907211E+2
9.396250E+0	-9.031373E+1	3.902896E+1
9.408725E+0	-9.150830E+1	1.738557E+2
9.421200E+0	-8.933022E+1	-6.757188E+1
9.433675E+0	-8.389534E+1	1.965187E+2
9.446150E+0	-8.125490E+1	1.844357E+2
9.458625E+0	-9.080640E+1	6.920879E+1
9.471100E+0	-8.978783E+1	2.702222E+2
9.483575E+0	-8.056556E+1	2.074960E+2
9.496050E+0	-9.257908E+1	2.206240E+1
9.508525E+0	-8.118061E+1	1.482733E+2
9.521000E+0	-8.611233E+1	1.270034E+2
9.533475E+0	-8.211523E+1	-3.113610E+1
9.545950E+0	-8.412087E+1	2.752307E+2
9.558425E+0	-8.642870E+1	1.963550E+2
9.570900E+0	-8.670383E+1	1.331637E+2
9.583375E+0	-9.593275E+1	-7.491575E+0
9.595850E+0	-9.319590E+1	-2.193947E+1
9.608325E+0	-8.255295E+1	-1.107126E+1
9.620800E+0	-8.362173E+1	6.616399E+1
9.633275E+0	-9.198964E+1	1.410869E+2
9.645750E+0	-1.060280E+2	1.264955E+2
9.658225E+0	-8.429452E+1	-6.115638E+0
9.670700E+0	-9.425742E+1	1.462527E+2
9.683175E+0	-9.075352E+1	2.431140E+2
9.695650E+0	-1.001427E+2	2.438536E+2
9.708125E+0	-8.592088E+1	9.964527E+1
9.720600E+0	-8.426074E+1	-4.291504E+1
9.733075E+0	-8.368245E+1	6.333469E+1
9.745550E+0	-9.192402E+1	2.415730E+2
9.758025E+0	-8.474012E+1	-6.581848E-1
9.770500E+0	-7.970454E+1	-2.672632E+1
9.782975E+0	-8.360890E+1	1.633118E+2
9.795450E+0	-9.236304E+1	2.179147E+1
9.807925E+0	-9.085343E+1	1.969890E+1
9.820400E+0	-1.018753E+2	1.700742E+2
9.832875E+0	-8.102824E+1	2.355369E+2
9.845350E+0	-8.862331E+1	2.124196E+2
9.857825E+0	-8.751843E+1	2.295682E+2
9.870300E+0	-8.219344E+1	1.598013E+2
9.882775E+0	-8.786028E+1	4.577895E+1
9.895250E+0	-8.173561E+1	-7.325060E+1
9.907725E+0	-8.751994E+1	2.628399E+2
9.920200E+0	-9.149758E+1	1.190048E+1
9.932675E+0	-8.941548E+1	1.805355E+2
9.945150E+0	-9.070142E+1	2.260880E+2
9.957625E+0	-8.579504E+1	-6.217685E+1
9.970100E+0	-8.942303E+1	7.770547E+1
9.982575E+0	-8.499177E+1	2.557618E+2
9.995050E+0	-9.046816E+1	-7.670093E+1
1.000752E+1	-7.814218E+1	8.104586E+1
1.002000E+1	-9.526257E+1	4.474633E+1
1.003247E+1	-7.833001E+1	-3.173170E+1
1.004495E+1	-8.620693E+1	1.501238E+2
1.005743E+1	-9.311079E+1	1.733906E+2
1.006990E+1	-8.862270E+1	1.130116E+2
1.008238E+1	-8.516066E+1	1.387400E+2
1.009485E+1	-8.775842E+1	2.071130E+2
1.010732E+1	-8.649247E+1	2.115630E+2
1.011980E+1	-8.919676E+1	5.835981E+1
1.013227E+1	-8.510668E+1	1.695507E+2
1.014475E+1	-9.361760E+1	7.251595E+1
1.015723E+1	-9.254680E+1	7.737280E+1
1.016970E+1	-7.995990E+1	2.440540E+2
1.018218E+1	-8.754672E+1	-1.038020E+1
1.019465E+1	-8.255187E+1	2.781948E+2
1.020712E+1	-9.280278E+1	1.959693E+2
1.021960E+1	-9.302829E+1	1.634183E+2
1.023208E+1	-8.290084E+1	1.547438E+2
1.024455E+1	-8.668980E+1	2.190968E+2
1.025703E+1	-8.211971E+1	-4.041092E+1
1.026950E+1	-8.520663E+1	1.239128E+2
1.028197E+1	-9.232612E+1	-3.697585E+1
1.029445E+1	-9.174236E+1	1.060272E+2
1.030692E+1	-9.034649E+1	1.970133E+2
1.031940E+1	-8.444595E+1	-7.668278E+1
1.033188E+1	-8.174264E+1	2.401407E+2
1.034435E+1	-8.934161E+1	2.172917E+2
1.035683E+1	-8.896185E+1	1.583485E+2
1.036930E+1	-9.039432E+1	-4.164555E+1
1.038177E+1	-8.208554E+1	1.272396E+2
1.039425E+1	-8.481232E+1	9.866137E+1
1.040672E+1	-9.021383E+1	1.436878E+2
1.041920E+1	-7.763186E+1	1.871860E+2
1.043168E+1	-7.772565E+1	-9.034768E+0
1.044415E+1	-8.635546E+1	1.551071E+2
1.045663E+1	-9.235917E+1	2.291997E+2
1.046910E+1	-8.296744E+1	2.215109E+2
1.048157E+1	-8.493600E+1	3.847099E+1
1.049405E+1	-8.755713E+1	-5.706416E+0
1.050652E+1	-8.749854E+1	1.196645E+2
1.051900E+1	-8.796834E+1	1.425601E+2
1.053148E+1	-8.702130E+1	1.875452E+2
1.054395E+1	-7.786277E+1	1.416442E+2
1.055643E+1	-8.473690E+1	2.139953E+2
1.056890E+1	-8.741373E+1	2.740286E+1
1.058137E+1	-8.754543E+1	3.829758E+1
1.059385E+1	-8.805659E+1	-2.248176E+1
1.060633E+1	-8.178153E+1	-5.854733E+1
1.061880E+1	-7.943875E+1	1.944153E+1
1.063128E+1	-8.516142E+1	2.408577E+2
1.064375E+1	-8.346894E+1	1.557953E+2
1.065622E+1	-9.177663E+1	2.448568E+2
1.066870E+1	-8.241396E+1	6.221844E+1
1.068117E+1	-8.706041E+1	1.601555E+2
1.069365E+1	-8.685104E+1	1.479562E+2
1.070613E+1	-8.021745E+1	5.540404E+1
1.071860E+1	-8.153501E+1	2.603260E+2
1.073108E+1	-8.969132E+1	-1.019198E+1
1.074355E+1	-8.543445E+1	2.770635E+2
1.075602E+1	-8.983378E+1	1.933508E+2
1.076850E+1	-8.464825E+1	-6.220026E+1
1.078097E+1	-8.818188E+1	1.364460E+2
1.079345E+1	-9.784411E+1	1.063917E+2
1.080593E+1	-8.836356E+1	2.536730E+2
1.081840E+1	-8.553634E+1	-2.533747E+1
1.083088E+1	-8.972892E+1	2.417138E+2
1.084335E+1	-1.044246E+2	1.773593E+2
1.085582E+1	-7.764989E+1	2.601898E+2
1.086830E+1	-8.182553E+1	1.365073E+2
1.088077E+1	-8.590372E+1	-4.489545E+1
1.089325E+1	-8.565826E+1	-4.894292E+1
1.090573E+1	-8.880241E+1	1.916048E+1
1.091820E+1	-8.367107E+1	3.910515E+1
1.093068E+1	-7.862598E+1	-3.280761E+1
1.094315E+1	-9.551575E+1	-6.441499E+1
1.095562E+1	-8.445085E+1	2.234557E+2
1.096810E+1	-9.977998E+1	-4.437659E+1
1.098057E+1	-9.471072E+1	1.876893E+2
1.099305E+1	-8.292249E+1	2.602918E+1
1.100553E+1	-9.708187E+1	1.294302E+2
1.101800E+1	-8.028654E+1	2.796772E+1
1.103047E+1	-8.897018E+1	1.893983E+2
1.104295E+1	-8.385092E+1	2.674338E+2
1.105542E+1	-8.091841E+1	2.773144E+2
1.106790E+1	-8.187698E+1	1.271549E+2
1.108038E+1	-9.450345E+1	2.561593E+2
1.109285E+1	-8.249324E+1	-2.086252E+1
1.110533E+1	-9.186756E+1	2.019427E+2
1.111780E+1	-7.889520E+1	-4.118297E+1
1.113027E+1	-8.267883E+1	3.310007E+1
1.114275E+1	-8.646602E+1	9.522171E+1
1.115522E+1	-9.030305E+1	1.157496E+2
1.116770E+1	-8.328096E+1	1.791195E+2
1.118018E+1	-8.759736E+1	1.056215E+2
1.119265E+1	-8.516536E+1	-7.939087E+0
1.120513E+1	-9.262175E+1	1.764401E+2
1.121760E+1	-9.347549E+1	4.468977E+1
1.123007E+1	-8.393882E+1	1.792192E+2
1.124255E+1	-8.442599E+1	-6.276044E+1
1.125502E+1	-9.042432E+1	1.399871E+2
1.126750E+1	-8.680819E+1	4.976317E+1
1.127998E+1	-8.435336E+1	2.201397E+2
1.129245E+1	-8.183399E+1	-7.243302E-1
1.130493E+1	-8.168027E+1	9.214816E+1
1.131740E+1	-8.722839E+1	2.578425E+2
1.132987E+1	-9.309325E+1	1.580512E+2
1.134235E+1	-9.368401E+1	5.416999E+1
1.135482E+1	-8.838608E+1	2.000403E+2
1.136730E+1	-9.378143E+1	1.089784E+2
1.137978E+1	-8.671511E+1	2.612677E+2
1.139225E+1	-8.731791E+1	1.505176E+2
1.140472E+1	-1.068677E+2	1.384823E+2
1.141720E+1	-8.245877E+1	-5.061813E+1
1.142967E+1	-9.373046E+1	1.452277E+2
1.144215E+1	-8.375378E+1	9.846996E+1
1.145463E+1	-7.760717E+1	2.420153E+2
1.146710E+1	-8.166743E+1	1.078925E+2
1.147958E+1	-8.544569E+1	-4.216475E+1
1.149205E+1	-8.808060E+1	8.653678E+1
1.150452E+1	-8.513367E+1	-5.235566E+1
1.151700E+1	-8.974522E+1	8.927914E+1
1.152947E+1	-8.493503E+1	6.488860E+1
1.154195E+1	-9.293980E+1	1.304167E+2
1.155443E+1	-8.436735E+1	6.711117E+1
1.156690E+1	-9.446624E+1	1.019094E+2
1.157938E+1	-9.358270E+1	8.687089E+1
1.159185E+1	-8.812157E+1	2.354560E+1
1.160432E+1	-9.274611E+1	-6.710084E+1
1.161680E+1	-8.037909E+1	2.704723E+2
1.162927E+1	-8.528587E+1	2.249776E+2
1.164175E+1	-8.311248E+1	2.561192E+2
1.165423E+1	-8.826187E+1	-4.319534E+1
1.166670E+1	-9.186179E+1	2.433682E+2
1.167918E+1	-8.583129E+1	1.262385E+2
1.169165E+1	-8.356350E+1	3.788948E+1
1.170412E+1	-8.411945E+1	1.385051E+2
1.171660E+1	-9.087847E+1	2.209840E+2
1.172907E+1	-8.020323E+1	-4.749033E+1
1.174155E+1	-8.740791E+1	5.367678E+1
1.175403E+1	-8.526849E+1	2.731350E+2
1.176650E+1	-8.525391E+1	5.293721E+1
1.177898E+1	-8.704672E+1	2.041383E+2
1.179145E+1	-8.709129E+1	2.556706E+2
1.180392E+1	-8.895576E+1	2.271563E+2
1.181640E+1	-8.670726E+1	-5.890245E+1
1.182888E+1	-9.604984E+1	5.702751E+1
1.184135E+1	-8.302036E+1	-7.202410E+0
1.185383E+1	-9.157687E+1	-1.844576E+1
1.186630E+1	-8.609252E+1	2.165612E+2
1.187877E+1	-8.938274E+1	3.466402E+1
1.189125E+1	-8.765981E+1	1.433443E+2
1.190372E+1	-9.078295E+1	2.197610E+2
1.191620E+1	-8.495795E+1	1.552666E+2
1.192868E+1	-9.596351E+1	2.145745E+2
1.194115E+1	-8.142350E+1	1.684386E+1
1.195363E+1	-8.211194E+1	8.705043E+1
1.196610E+1	-9.442524E+1	-1.451316E+1
1.197857E+1	-9.421468E+1	2.829165E+1
1.199105E+1	-1.005150E+2	1.225510E+2
1.200352E+1	-9.069133E+1	-4.521725E+1
1.201600E+1	-8.487443E+1	1.520095E+2
1.202848E+1	-8.959853E+1	2.060748E+2
1.204095E+1	-9.402776E+1	1.819562E+1
1.205343E+1	-8.653493E+1	-3.649418E+1
1.206590E+1	-1.009863E+2	1.125821E+2
1.207837E+1	-9.418535E+1	-3.363178E+1
1.209085E+1	-7.912079E+1	-1.297013E+1
1.210332E+1	-8.039353E+1	1.204428E+2
1.211580E+1	-8.392478E+1	1.871698E+2
1.212828E+1	-8.177277E+1	9.734795E+1
1.214075E+1	-8.189973E+1	1.123011E+2
1.215323E+1	-8.809095E+1	3.903438E+1
1.216570E+1	-8.974384E+1	1.849291E+2
1.217817E+1	-7.927301E+1	-2.051050E+0
1.219065E+1	-8.216568E+1	-2.600314E+1
1.220313E+1	-9.031017E+1	3.697064E+1
1.221560E+1	-8.903077E+1	2.148865E+2
1.222808E+1	-9.135145E+1	9.056805E+1
1.224055E+1	-8.628108E+1	9.914567E+1
1.225302E+1	-8.349348E+1	3.388050E+0
1.226550E+1	-8.706797E+1	1.803364E+2
1.227797E+1	-1.076266E+2	5.574600E+1
1.229045E+1	-8.419007E+1	3.111894E+1
1.230293E+1	-8.575855E+1	-4.527760E+1
1.231540E+1	-8.045862E+1	-1.301736E+1
1.232788E+1	-8.831499E+1	6.794354E+1
1.234035E+1	-9.182226E+1	-7.416705E+1
1.235282E+1	-9.084915E+1	1.647506E+1
1.236530E+1	-8.808276E+1	-6.741917E+1
1.237777E+1	-8.318507E+1	2.095125E+2
1.239025E+1	-8.690594E+1	1.635021E+1
1.240273E+1	-9.486246E+1	2.034588E+2
1.241520E+1	-8.240640E+1	2.377357E+2
1.242768E+1	-8.221826E+1	2.412646E+2
1.244015E+1	-8.882265E+1	3.336173E+1
1.245262E+1	-7.852576E+1	-7.009375E+1
1.246510E+1	-8.254567E+1	2.615916E+2
1.247757E+1	-8.947696E+1	2.714392E+2
1.249005E+1	-8.351533E+1	1.473971E+2
1.250253E+1	-9.902453E+1	2.413592E+2
1.251500E+1	-8.652157E+1	2.153687E+2
1.252748E+1	-8.202297E+1	2.138318E+2
1.253995E+1	-9.045792E+1	7.706603E+1
1.255242E+1	-8.310482E+1	-3.775047E+1
1.256490E+1	-7.915816E+1	5.209087E+1
1.257737E+1	-8.634152E+1	-3.584327E+1
1.258985E+1	-7.814128E+1	1.238209E+2
1.260233E+1	-9.093760E+1	2.799101E+1
1.261480E+1	-8.890188E+1	1.473082E+2
1.262727E+1	-8.456413E+1	2.528752E+2
1.263975E+1	-8.602412E+1	5.573357E+0
1.265222E+1	-8.459023E+1	1.383083E+2
1.266470E+1	-8.359128E+1	-4.195747E+1
1.267718E+1	-8.688689E+1	1.514732E+2
1.268965E+1	-8.715817E+1	9.536195E+1
1.270213E+1	-8.606715E+1	2.755742E+2
1.271460E+1	-7.982054E+1	7.454366E+1
1.272707E+1	-8.679152E+1	1.463472E+1
1.273955E+1	-8.531305E+1	3.022668E+1
1.275202E+1	-9.815752E+1	2.417550E+2
1.276450E+1	-8.922133E+1	9.440514E+1
1.277698E+1	-8.063791E+1	-4.093231E+1
1.278945E+1	-8.507504E+1	-3.271677E+1
1.280193E+1	-8.620279E+1	-4.222886E+1
1.281440E+1	-8.537369E+1	9.123370E+0
1.282687E+1	-8.852651E+1	1.450387E+2
1.283935E+1	-9.235366E+1	2.437503E+2
1.285182E+1	-8.685286E+1	1.589470E+2
1.286430E+1	-9.246024E+1	1.489452E+2
1.287678E+1	-1.036276E+2	8.071666E+1
1.288925E+1	-8.346755E+1	8.082534E+0
1.290173E+1	-8.768971E+1	2.396009E+2
1.291420E+1	-8.990187E+1	2.072714E+2
1.292667E+1	-1.007587E+2	5.219532E+1
1.293915E+1	-8.913736E+1	-5.635928E+1
1.295162E+1	-9.620055E+1	-6.805211E+1
1.296410E+1	-9.202389E+1	7.020526E+1
1.297658E+1	-8.207402E+1	1.924941E+2
1.298905E+1	-9.219126E+1	1.026667E+2
1.300153E+1	-8.387308E+1	1.522246E+2
1.301400E+1	-8.726021E+1	2.159169E+2
1.302647E+1	-8.201016E+1	-1.158547E+1
1.303895E+1	-8.249549E+1	-6.935134E+1
1.305143E+1	-9.220846E+1	2.631941E+2
1.306390E+1	-9.302500E+1	2.149947E+2
1.307638E+1	-8.466868E+1	4.944648E+1
1.308885E+1	-7.772518E+1	7.152384E+1
1.310132E+1	-8.326110E+1	1.844427E+1
1.311380E+1	-1.054461E+2	8.236797E+1
1.312627E+1	-7.985519E+1	-4.112136E+1
1.313875E+1	-8.675572E+1	1.213090E+2
1.315123E+1	-9.077807E+1	4.814146E+1
1.316370E+1	-8.253957E+1	2.568600E+2
1.317618E+1	-8.315732E+1	5.071770E+1
1.318865E+1	-8.336501E+1	1.081688E+2
1.320112E+1	-8.227802E+1	2.270110E+2
1.321360E+1	-8.242209E+1	1.616884E+2
1.322607E+1	-8.608463E+1	-2.773925E+1
1.323855E+1	-8.333424E+1	3.338567E+1
1.325103E+1	-8.872964E+1	2.035497E+2
1.326350E+1	-8.612408E+1	1.537717E+2
1.327598E+1	-8.874930E+1	2.588771E+2
1.328845E+1	-9.073855E+1	1.803801E+2
1.330092E+1	-8.207428E+1	2.660260E+2
1.331340E+1	-8.574248E+1	7.105780E+1
1.332587E+1	-8.426849E+1	1.183143E+2
1.333835E+1	-9.101686E+1	-1.729256E+1
1.335083E+1	-9.087910E+1	6.019754E+1
1.336330E+1	-9.396704E+1	2.541349E+2
1.337578E+1	-1.016228E+2	-4.287612E+1
1.338825E+1	-8.040580E+1	-3.716087E+1
1.340072E+1	-8.435574E+1	2.638667E+2
1.341320E+1	-8.030707E+1	1.953507E+2
1.342568E+1	-8.577238E+1	1.026047E+2
1.343815E+1	-9.078465E+1	7.132787E+1
1.345063E+1	-9.051278E+1	2.255437E+2
1.346310E+1	-8.573546E+1	-6.764847E+1
1.347557E+1	-7.998589E+1	1.247786E+2
1.348805E+1	-8.626696E+1	1.591300E+2
1.350052E+1	-9.139443E+1	2.691055E+2
1.351300E+1	-9.464089E+1	2.361026E+2
1.352548E+1	-7.983850E+1	1.830425E+2
1.353795E+1	-8.898616E+1	-3.207492E+1
1.355043E+1	-8.639615E+1	4.879413E+1
1.356290E+1	-8.487295E+1	9.963655E+1
1.357537E+1	-9.028098E+1	2.891171E+1
1.358785E+1	-8.262804E+1	1.084664E+2
1.360032E+1	-8.351463E+1	-9.880482E+0
1.361280E+1	-7.898975E+1	2.331557E+2
1.362528E+1	-8.453806E+1	1.308763E+2
1.363775E+1	-8.157058E+1	2.441731E+2
1.365023E+1	-8.950235E+1	-7.511367E+1
1.366270E+1	-8.897637E+1	-2.195646E+1
1.367517E+1	-8.866220E+1	4.072462E+1
1.368765E+1	-8.529874E+1	-1.889272E+0
1.370012E+1	-8.209581E+1	2.581013E+2
1.371260E+1	-8.422017E+1	1.327121E+2
1.372508E+1	-8.323629E+1	-4.095293E+1
1.373755E+1	-8.094983E+1	1.829439E+2
1.375003E+1	-8.057383E+1	-7.453521E+1
1.376250E+1	-8.416246E+1	1.868464E+2
1.377497E+1	-8.494910E+1	-2.919372E+1
1.378745E+1	-8.422281E+1	1.717680E+2
1.379992E+1	-8.503793E+1	2.540668E+2
1.381240E+1	-8.037242E+1	1.043909E+2
1.382488E+1	-8.385023E+1	1.961578E+2
1.383735E+1	-9.531597E+1	-6.433776E+1
1.384982E+1	-8.392638E+1	-6.171242E+1
1.386230E+1	-8.607607E+1	2.040832E+2
1.387477E+1	-8.791386E+1	1.904534E+2
1.388725E+1	-9.252846E+1	1.947283E+2
1.389973E+1	-7.989037E+1	2.002425E+2
1.391220E+1	-7.770916E+1	1.721566E+2
1.392468E+1	-8.836664E+1	5.921088E+1
1.393715E+1	-9.419188E+1	2.052336E+2
1.394962E+1	-8.592625E+1	-3.653276E+1
1.396210E+1	-8.415884E+1	1.882226E+2
1.397457E+1	-8.124933E+1	-4.393702E+1
1.398705E+1	-9.172053E+1	-1.725536E+1
1.399953E+1	-8.358224E+1	-3.728149E+1
1.401200E+1	-8.748027E+1	2.183580E+0
1.402448E+1	-9.558708E+1	1.752327E+2
1.403695E+1	-8.110610E+1	2.712791E+2
1.404942E+1	-1.025905E+2	8.836008E+1
1.406190E+1	-8.470815E+1	1.313443E+2
1.407437E+1	-8.293717E+1	1.099298E+2
1.408685E+1	-9.239509E+1	-7.163978E+1
1.409933E+1	-8.835349E+1	-3.996379E+1
1.411180E+1	-8.349913E+1	1.502853E+2
1.412428E+1	-8.209170E+1	1.785912E+1
1.413675E+1	-9.156895E+1	-6.250547E+1
1.414922E+1	-8.626729E+1	1.542621E+2
1.416170E+1	-9.720071E+1	2.537972E+2
1.417417E+1	-8.301598E+1	-2.337112E+1
1.418665E+1	-9.853425E+1	-3.378308E+1
1.419913E+1	-8.132074E+1	2.012265E+2
1.421160E+1	-8.951232E+1	2.073549E+2
1.422407E+1	-8.124835E+1	2.303021E+2
1.423655E+1	-9.767209E+1	1.849896E+2
1.424902E+1	-8.584125E+1	-3.122557E+1
1.426150E+1	-9.012981E+1	-3.789624E+1
1.427398E+1	-8.813365E+1	-1.730510E+1
1.428645E+1	-9.293169E+1	1.897634E+2
1.429893E+1	-1.059979E+2	1.851827E+2
1.431140E+1	-8.809850E+1	-6.847857E+1
1.432387E+1	-8.166473E+1	1.677979E+2
1.433635E+1	-8.415746E+1	1.573045E+2
1.434882E+1	-7.834369E+1	4.633969E+1
1.436130E+1	-8.616869E+1	2.010192E+2
1.437378E+1	-8.588253E+1	-4.118904E+1
1.438625E+1	-8.290391E+1	9.554419E+1
1.439873E+1	-7.981020E+1	1.163764E+2
1.441120E+1	-8.907513E+1	9.313821E+1
1.442367E+1	-8.114087E+1	9.504984E+1
1.443615E+1	-7.684034E+1	2.165010E+2
1.444862E+1	-8.432639E+1	9.813371E+1
1.446110E+1	-8.115935E+1	-6.143909E+1
1.447358E+1	-8.726990E+1	2.564500E+2
1.448605E+1	-8.664342E+1	5.764761E+1
1.449853E+1	-8.535761E+1	-3.258228E+1
1.451100E+1	-8.880853E+1	1.880878E+2
1.452347E+1	-8.421407E+1	9.654668E+1
1.453595E+1	-8.748417E+1	8.306483E+1
1.454842E+1	-8.289491E+1	1.621603E+2
1.456090E+1	-8.783112E+1	6.015559E+1
1.457338E+1	-8.384875E+1	1.892795E+2
1.458585E+1	-8.247838E+1	-7.238346E+1
1.459833E+1	-8.359676E+1	8.825503E+1
1.461080E+1	-8.477402E+1	8.186851E+1
1.462327E+1	-8.195538E+1	1.271916E+2
1.463575E+1	-8.645077E+1	1.021423E+2
1.464823E+1	-9.051530E+1	2.659627E+2
1.466070E+1	-8.174544E+1	2.525763E+2
1.467318E+1	-7.774195E+1	2.590073E+2
1.468565E+1	-8.692850E+1	-3.748410E+1
1.469812E+1	-8.261436E+1	1.064238E+2
1.471060E+1	-1.006462E+2	-1.950888E+1
1.472307E+1	-8.384801E+1	1.001205E+2
1.473555E+1	-7.787414E+1	1.915901E+2
1.474803E+1	-8.622994E+1	-3.523724E+1
1.476050E+1	-9.047944E+1	2.023716E+1
1.477298E+1	-8.573301E+1	2.195840E+2
1.478545E+1	-9.128770E+1	-4.175959E+1
1.479792E+1	-8.510784E+1	2.044419E+2
1.481040E+1	-8.638124E+1	2.386284E+2
1.482287E+1	-8.696432E+1	2.311349E+2
1.483535E+1	-8.038574E+1	1.865903E+2
1.484783E+1	-9.389745E+1	1.838578E+2
1.486030E+1	-8.805026E+1	1.321768E+2
1.487278E+1	-8.437775E+1	2.086080E+2
1.488525E+1	-9.145257E+1	-4.096698E+1
1.489772E+1	-8.982664E+1	-7.576472E+1
1.491020E+1	-9.418184E+1	1.471371E+2
1.492267E+1	-9.226358E+1	9.863599E+1
1.493515E+1	-8.340013E+1	2.611029E+2
1.494763E+1	-8.592007E+1	2.771709E+2
1.496010E+1	-8.480370E+1	2.705828E+2
1.497258E+1	-8.100741E+1	2.541604E+2
1.498505E+1	-8.630088E+1	-2.089128E+1
1.499752E+1	-8.447190E+1	-8.349454E+0
1.501000E+1	-8.178775E+1	5.291114E+0
1.502248E+1	-7.784270E+1	-1.607332E+1
1.503495E+1	-8.694362E+1	1.087636E+2
1.504743E+1	-8.639532E+1	1.270511E+2
1.505990E+1	-8.651481E+1	-2.781149E+1
1.507237E+1	-8.072577E+1	2.470500E+2
1.508485E+1	-7.830000E+1	1.877092E+2
1.509732E+1	-8.780208E+1	-2.931877E+1
1.510980E+1	-8.814155E+1	1.645972E+2
1.512228E+1	-7.862929E+1	1.287466E+2
1.513475E+1	-9.061448E+1	2.698717E+2
1.514723E+1	-8.553978E+1	1.905527E+2
1.515970E+1	-8.278805E+1	1.809718E+2
1.517217E+1	-8.401813E+1	2.468272E+2
1.518465E+1	-8.436069E+1	2.245284E+2
1.519712E+1	-8.140826E+1	-3.547280E+1
1.520960E+1	-8.243200E+1	2.015465E+2
1.522208E+1	-7.774664E+1	2.102987E+2
1.523455E+1	-8.936668E+1	1.465293E+2
1.524703E+1	-8.267804E+1	-3.358147E+1
1.525950E+1	-8.703970E+1	2.309630E+2
1.527197E+1	-8.320378E+1	-1.424724E+1
1.528445E+1	-8.488773E+1	1.600770E+2
1.529692E+1	-8.622903E+1	1.888039E+2
1.530940E+1	-9.673669E+1	2.282826E+2
1.532188E+1	-8.722110E+1	1.699956E+2
1.533435E+1	-8.553792E+1	-5.788683E+0
1.534683E+1	-9.900917E+1	1.701323E+2
1.535930E+1	-8.712994E+1	2.572701E+2
1.537177E+1	-8.379185E+1	1.559626E+2
1.538425E+1	-8.667628E+1	1.231770E+2
1.539672E+1	-8.424609E+1	1.183725E+2
1.540920E+1	-8.612442E+1	-6.767428E-1
1.542168E+1	-8.421603E+1	1.964700E+1
1.543415E+1	-8.468501E+1	1.073068E+2
1.544662E+1	-9.084903E+1	3.320717E+1
1.545910E+1	-8.541876E+1	1.713829E+2
1.547157E+1	-8.986644E+1	7.943572E+1
1.548405E+1	-8.422131E+1	8.320648E+0
1.549653E+1	-8.618867E+1	-2.107738E+1
1.550900E+1	-9.195811E+1	2.232077E+2
1.552148E+1	-9.023099E+1	8.500201E+0
1.553395E+1	-8.124511E+1	7.988361E+1
1.554642E+1	-8.674148E+1	-7.501215E+0
1.555890E+1	-8.312593E+1	1.520533E+2
1.557137E+1	-8.618832E+1	5.757988E+1
1.558385E+1	-8.089937E+1	7.162149E+1
1.559633E+1	-7.720004E+1	3.165704E+1
1.560880E+1	-8.525735E+1	-4.530617E-1
1.562128E+1	-8.684364E+1	1.278446E+2
1.563375E+1	-1.090008E+2	1.391467E+2
1.564622E+1	-9.112757E+1	1.730201E+2
1.565870E+1	-8.917368E+1	2.442531E+2
1.567117E+1	-1.017163E+2	2.556785E+2
1.568365E+1	-8.702769E+1	1.114629E+2
1.569613E+1	-8.735603E+1	2.499897E+2
1.570860E+1	-8.351027E+1	1.324803E+2
1.572108E+1	-7.988969E+1	1.864566E+2
1.573355E+1	-8.871286E+1	-5.218051E+0
1.574602E+1	-7.686895E+1	2.172154E+1
1.575850E+1	-1.013961E+2	1.696067E+2
1.577097E+1	-8.192703E+1	-2.986254E+1
1.578345E+1	-7.829264E+1	1.492970E+2
1.579593E+1	-1.000447E+2	3.382753E+1
1.580840E+1	-8.753347E+1	2.401044E+2
1.582087E+1	-9.023972E+1	-6.505734E+1
1.583335E+1	-9.302595E+1	7.076849E+1
1.584582E+1	-1.017762E+2	-6.426664E+1
1.585830E+1	-9.000739E+1	2.681947E+2
1.587078E+1	-8.291948E+1	4.561706E+1
1.588325E+1	-8.534151E+1	2.439502E+2
1.589573E+1	-8.755179E+1	-1.819338E+1
1.590820E+1	-9.348386E+1	2.058376E+2
1.592067E+1	-8.323083E+1	6.622482E+1
1.593315E+1	-8.341746E+1	1.997127E+2
1.594562E+1	-7.977583E+1	8.121951E+1
1.595810E+1	-8.428288E+1	-4.482845E+1
1.597058E+1	-8.446556E+1	9.540831E+1
1.598305E+1	-9.005682E+1	2.518911E+2
1.599553E+1	-7.967944E+1	2.346842E+2
1.600800E+1	-9.023531E+1	1.074105E+2
1.602048E+1	-9.828233E+1	1.134454E+2
1.603295E+1	-8.058352E+1	-2.381283E+1
1.604543E+1	-8.796080E+1	1.752849E+2
1.605790E+1	-8.043471E+1	1.129655E+2
1.607037E+1	-7.697183E+1	-7.584721E+1
1.608285E+1	-7.786992E+1	-3.846620E+1
1.609532E+1	-9.932986E+1	2.263319E+2
1.610780E+1	-8.757845E+1	2.462859E+1
1.612027E+1	-8.246912E+1	1.547755E+1
1.613275E+1	-7.741788E+1	1.698747E+2
1.614522E+1	-8.934350E+1	9.458759E+1
1.615770E+1	-9.157052E+1	8.908855E+1
1.617018E+1	-7.980417E+1	1.162354E+2
1.618265E+1	-8.340342E+1	1.991698E+2
1.619513E+1	-9.013795E+1	2.361641E+2
1.620760E+1	-7.975645E+1	1.138576E+2
1.622008E+1	-8.077080E+1	2.107826E+1
1.623255E+1	-8.170629E+1	5.558302E+1
1.624502E+1	-8.044550E+1	-1.758108E+1
1.625750E+1	-8.437941E+1	1.520932E+2
1.626997E+1	-8.566374E+1	6.780862E+1
1.628245E+1	-8.226685E+1	5.434550E+1
1.629492E+1	-8.749623E+1	1.388986E+2
1.630740E+1	-8.246948E+1	-1.884971E+1
1.631987E+1	-8.628178E+1	-4.870585E+1
1.633235E+1	-7.850836E+1	-3.822206E+1
1.634483E+1	-8.007974E+1	-2.599692E+1
1.635730E+1	-8.860091E+1	8.262606E+1
1.636978E+1	-7.873690E+1	2.228890E+2
1.638225E+1	-8.066630E+1	1.201443E+2
1.639473E+1	-8.522889E+1	9.995644E+1
1.640720E+1	-8.924141E+1	1.171897E+2
1.641968E+1	-7.848061E+1	-4.289612E+0
1.643215E+1	-8.120951E+1	4.686252E+1
1.644462E+1	-8.154219E+1	2.636448E+2
1.645710E+1	-7.904400E+1	2.402248E+1
1.646957E+1	-8.316733E+1	2.151040E+2
1.648205E+1	-7.958731E+1	-1.423695E+1
1.649452E+1	-7.925027E+1	-3.963402E+1
1.650700E+1	-8.128341E+1	-6.250318E+1
1.651947E+1	-8.240881E+1	2.410198E+2
1.653195E+1	-8.220199E+1	9.434753E+1
1.654443E+1	-1.038957E+2	1.070913E+2
1.655690E+1	-9.547875E+1	1.413370E+2
1.656938E+1	-8.147298E+1	6.290437E+1
1.658185E+1	-8.367178E+1	2.250825E+2
1.659433E+1	-8.357221E+1	-3.859552E+1
1.660680E+1	-8.927869E+1	1.148848E+2
1.661927E+1	-7.731693E+1	-3.557111E+1
1.663175E+1	-8.517090E+1	9.933369E+1
1.664422E+1	-8.859141E+1	-6.007110E+0
1.665670E+1	-8.073325E+1	8.803940E+1
1.666917E+1	-8.747993E+1	1.944153E+2
1.668165E+1	-8.050675E+1	2.342401E+2
1.669412E+1	-8.304254E+1	9.647388E+1
1.670660E+1	-8.199516E+1	2.406103E+2
1.671908E+1	-7.951864E+1	1.080113E+2
1.673155E+1	-8.025601E+1	9.598599E+1
1.674403E+1	-8.252699E+1	9.873875E+1
1.675650E+1	-8.092336E+1	4.894900E+1
1.676898E+1	-8.041280E+1	1.842388E+2
1.678145E+1	-8.775844E+1	2.329751E+2
1.679393E+1	-8.710403E+1	2.488555E+2
1.680640E+1	-8.137982E+1	2.221871E+2
1.681887E+1	-7.789682E+1	1.801630E+2
1.683135E+1	-8.371692E+1	1.028376E+2
1.684382E+1	-8.740070E+1	2.113791E+2
1.685630E+1	-7.741960E+1	1.174359E+2
1.686877E+1	-9.224522E+1	8.288338E+1
1.688125E+1	-8.840920E+1	3.125583E+1
1.689372E+1	-9.066261E+1	-5.673022E+1
1.690620E+1	-7.746851E+1	1.003450E+2
1.691868E+1	-8.461698E+1	1.258229E+1
1.693115E+1	-8.052779E+1	1.006479E+2
1.694363E+1	-7.809268E+1	-2.006784E+0
1.695610E+1	-8.197025E+1	2.323247E+2
1.696858E+1	-8.333386E+1	2.071853E+2
1.698105E+1	-8.560692E+1	-7.843346E+1
1.699353E+1	-8.946210E+1	1.216923E+2
1.700600E+1	-8.025497E+1	1.146561E+2
1.701847E+1	-8.274238E+1	1.000594E+2
1.703095E+1	-7.954124E+1	3.660558E+1
1.704342E+1	-9.122932E+1	6.673212E+1
1.705590E+1	-8.709244E+1	-6.996941E+0
1.706837E+1	-9.139790E+1	-5.737405E+1
1.708085E+1	-1.015076E+2	-6.980759E+1
1.709333E+1	-8.073924E+1	2.258333E+2
1.710580E+1	-8.401152E+1	5.578951E+1
1.711828E+1	-8.368850E+1	2.506496E+1
1.713075E+1	-8.258476E+1	-5.860144E+0
1.714323E+1	-7.621516E+1	5.603417E+1
1.715570E+1	-9.175422E+1	-9.996562E+0
1.716818E+1	-8.609773E+1	1.338798E+2
1.718065E+1	-7.873972E+1	-7.452406E+1
1.719312E+1	-8.222387E+1	1.766954E+2
1.720560E+1	-7.899220E+1	-6.906810E+1
1.721807E+1	-8.246360E+1	1.063558E+2
1.723055E+1	-8.174245E+1	-3.425620E+0
1.724302E+1	-7.986571E+1	2.083861E+2
1.725550E+1	-8.364721E+1	-8.317362E+0
1.726797E+1	-8.392559E+1	1.493565E+2
1.728045E+1	-8.338641E+1	2.648490E+2
1.729293E+1	-8.521338E+1	1.687684E+2
1.730540E+1	-8.038206E+1	1.053489E+1
1.731788E+1	-7.931680E+1	-3.902650E+1
1.733035E+1	-8.211846E+1	2.432070E+2
1.734283E+1	-8.424143E+1	1.663082E+2
1.735530E+1	-8.615498E+1	1.600963E+1
1.736778E+1	-8.706120E+1	2.474411E+2
1.738025E+1	-8.490212E+1	-3.536176E+1
1.739272E+1	-8.918643E+1	1.190164E+2
1.740520E+1	-7.808237E+1	2.245786E+1
1.741767E+1	-8.464710E+1	6.207654E+1
1.743015E+1	-8.075156E+1	-5.392350E+1
1.744262E+1	-7.922417E+1	-2.825350E-1
1.745510E+1	-8.724525E+1	4.039905E+1
1.746758E+1	-8.496136E+1	2.407870E+2
1.748005E+1	-8.082655E+1	2.146026E+2
1.749253E+1	-8.221532E+1	1.048266E+2
1.750500E+1	-9.333933E+1	-1.597678E+1
1.751748E+1	-8.405838E+1	-3.435550E+1
1.752995E+1	-8.749221E+1	2.353225E+2
1.754243E+1	-8.304989E+1	1.911508E+2
1.755490E+1	-8.215070E+1	-3.291467E+1
1.756737E+1	-8.285562E+1	1.994526E+2
1.757985E+1	-8.226295E+1	8.683116E+1
1.759232E+1	-8.516780E+1	3.414419E+1
1.760480E+1	-8.852679E+1	8.832360E+0
1.761727E+1	-8.459607E+1	1.420866E+2
1.762975E+1	-8.969575E+1	1.652990E+2
1.764222E+1	-8.476823E+1	-6.678023E+1
1.765470E+1	-8.202765E+1	1.758722E+2
1.766718E+1	-8.620235E+1	1.617850E+2
1.767965E+1	-7.752979E+1	1.200377E+2
1.769213E+1	-8.105308E+1	1.065539E+1
1.770460E+1	-7.766944E+1	-1.268694E+1
1.771708E+1	-8.630983E+1	6.992459E+0
1.772955E+1	-9.263915E+1	2.522509E+2
1.774203E+1	-8.639078E+1	-6.731641E+1
1.775450E+1	-8.315545E+1	1.635124E-1
1.776697E+1	-8.627168E+1	1.205295E+1
1.777945E+1	-8.384324E+1	3.485219E+0
1.779192E+1	-8.092905E+1	-6.472155E+1
1.780440E+1	-8.248015E+1	1.600312E+2
1.781687E+1	-8.503326E+1	2.036362E+2
1.782935E+1	-8.271711E+1	1.219987E+2
1.784183E+1	-8.639921E+1	1.684742E+2
1.785430E+1	-8.202335E+1	2.741596E+2
1.786678E+1	-9.100723E+1	8.876501E+1
1.787925E+1	-8.758009E+1	1.263617E+2
1.789173E+1	-8.432654E+1	1.623921E+2
1.790420E+1	-8.741003E+1	1.512202E+2
1.791668E+1	-8.376830E+1	2.636596E+2
1.792915E+1	-8.294986E+1	1.393558E+2
1.794162E+1	-8.349506E+1	8.773425E+1
1.795410E+1	-7.821712E+1	1.753175E+2
1.796657E+1	-8.509996E+1	1.753001E+2
1.797905E+1	-8.243292E+1	-7.007946E+1
1.799152E+1	-8.131520E+1	2.336295E+2
1.800400E+1	-8.583926E+1	4.897554E+1
1.801647E+1	-8.173871E+1	6.626528E+1
1.802895E+1	-7.936945E+1	2.533680E+2
1.804143E+1	-8.327436E+1	1.098253E+2
1.805390E+1	-9.801662E+1	7.905369E+1
1.806638E+1	-9.103009E+1	1.609454E+2
1.807885E+1	-9.344299E+1	6.181318E+1
1.809133E+1	-7.573377E+1	3.310527E-1
1.810380E+1	-8.619471E+1	1.506559E+1
1.811628E+1	-8.145261E+1	9.139701E+1
1.812875E+1	-9.342486E+1	2.252565E+1
1.814122E+1	-9.015195E+1	-5.690424E+1
1.815370E+1	-7.966383E+1	2.346929E+2
1.816617E+1	-9.757645E+1	2.698533E+2
1.817865E+1	-8.812141E+1	1.675861E+2
1.819112E+1	-8.291221E+1	-2.073413E+0
1.820360E+1	-7.958718E+1	1.813554E+2
1.821608E+1	-8.257230E+1	7.391575E+1
1.822855E+1	-7.906630E+1	-5.767058E+1
1.824103E+1	-8.569602E+1	9.058465E+1
1.825350E+1	-8.031940E+1	2.143961E+2
1.826598E+1	-8.809096E+1	1.413349E+2
1.827845E+1	-8.185603E+1	1.775238E+2
1.829093E+1	-8.328954E+1	2.536853E+2
1.830340E+1	-8.164346E+1	2.674636E+2
1.831587E+1	-8.115781E+1	7.604202E+1
1.832835E+1	-8.467960E+1	7.613413E+1
1.834082E+1	-8.710525E+1	9.203888E+1
1.835330E+1	-9.544547E+1	1.559756E+2
1.836577E+1	-9.744591E+1	-2.000657E+1
1.837825E+1	-8.046619E+1	-4.826152E+1
1.839072E+1	-8.564383E+1	1.524853E+2
1.840320E+1	-8.766008E+1	5.925922E+0
1.841568E+1	-9.162634E+1	1.558410E+2
1.842815E+1	-7.469049E+1	1.716845E+2
1.844063E+1	-7.979966E+1	8.539283E+1
1.845310E+1	-7.937035E+1	1.438456E+2
1.846558E+1	-8.100501E+1	5.716964E+1
1.847805E+1	-7.878666E+1	7.435187E+1
1.849053E+1	-8.083062E+1	4.964268E+1
1.850300E+1	-8.500230E+1	6.577650E+1
1.851547E+1	-8.612684E+1	9.238382E+1
1.852795E+1	-7.801462E+1	2.659922E+2
1.854042E+1	-9.111742E+1	2.545581E+2
1.855290E+1	-8.761980E+1	2.378826E+2
1.856537E+1	-7.744320E+1	2.363828E+2
1.857785E+1	-8.298663E+1	2.144719E+2
1.859032E+1	-7.871870E+1	1.059295E+2
1.860280E+1	-8.990498E+1	2.317270E+2
1.861528E+1	-8.455534E+1	2.213743E+2
1.862775E+1	-9.301094E+1	2.024405E+2
1.864023E+1	-9.154896E+1	1.043582E+2
1.865270E+1	-8.674158E+1	-6.321989E+1
1.866518E+1	-8.574911E+1	4.588112E+1
1.867765E+1	-8.606681E+1	5.504903E+1
1.869012E+1	-7.985489E+1	4.377590E+1
1.870260E+1	-8.190002E+1	2.464790E+2
1.871507E+1	-8.327673E+1	1.389279E+2
1.872755E+1	-8.183132E+1	-4.206377E+1
1.874002E+1	-8.893039E+1	9.108691E+1
1.875250E+1	-9.406242E+1	1.957377E+1
1.876497E+1	-8.459777E+1	-7.268913E+1
1.877745E+1	-8.434013E+1	2.424523E+2
1.878993E+1	-8.652123E+1	1.531093E+2
1.880240E+1	-8.556213E+1	4.321955E+1
1.881488E+1	-8.165961E+1	3.489320E+1
1.882735E+1	-8.433747E+1	-1.673012E+1
1.883983E+1	-9.805473E+1	-3.582434E+1
1.885230E+1	-8.346035E+1	1.478402E+2
1.886478E+1	-9.881068E+1	2.662349E+2
1.887725E+1	-1.026383E+2	2.635179E+2
1.888972E+1	-7.901188E+1	5.680461E+0
1.890220E+1	-9.115302E+1	2.056673E+1
1.891467E+1	-8.043568E+1	6.824554E+0
1.892715E+1	-8.629004E+1	5.911806E+1
1.893962E+1	-8.777515E+1	1.789692E+2
1.895210E+1	-7.986549E+1	-2.624637E+1
1.896457E+1	-8.246583E+1	3.091390E+1
1.897705E+1	-8.564802E+1	4.672182E+1
1.898953E+1	-7.990406E+1	2.560215E+2
1.900200E+1	-7.489292E+1	2.775437E+2
1.901448E+1	-8.042612E+1	1.217169E+2
1.902695E+1	-8.863841E+1	2.686978E+2
1.903943E+1	-7.816883E+1	-1.974742E+1
1.905190E+1	-7.767484E+1	2.154982E+2
1.906437E+1	-8.117328E+1	2.441217E+2
1.907685E+1	-8.827169E+1	2.214471E+2
1.908932E+1	-8.419304E+1	1.160813E+2
1.910180E+1	-7.992796E+1	1.475872E+1
1.911427E+1	-9.319905E+1	1.414715E+2
1.912675E+1	-8.046332E+1	1.804018E+2
1.913922E+1	-8.162885E+1	1.059847E+2
1.915170E+1	-8.509888E+1	2.762002E+2
1.916418E+1	-8.635972E+1	-3.397675E+1
1.917665E+1	-8.464481E+1	2.755997E+1
1.918913E+1	-7.834833E+1	-3.578033E+1
1.920160E+1	-7.863486E+1	1.883572E+2
1.921408E+1	-8.380890E+1	1.277333E+2
1.922655E+1	-8.136237E+1	2.236789E+2
1.923903E+1	-7.845882E+1	2.344305E+2
1.925150E+1	-8.804263E+1	1.425702E+2
1.926397E+1	-7.887529E+1	2.693320E+2
1.927645E+1	-8.181763E+1	1.938052E+2
1.928892E+1	-9.116438E+1	2.648624E+2
1.930140E+1	-8.894312E+1	6.117926E+1
1.931387E+1	-9.077045E+1	-4.871501E+1
1.932635E+1	-7.780351E+1	1.304779E+2
1.933882E+1	-9.778363E+1	2.070740E+2
1.935130E+1	-8.249476E+1	-7.135563E+1
1.936378E+1	-9.218240E+1	2.693167E+2
1.937625E+1	-7.992150E+1	1.814669E+2
1.938873E+1	-7.730557E+1	1.517727E+2
1.940120E+1	-7.722492E+1	-7.571662E+1
1.941368E+1	-7.789246E+1	1.394240E+2
1.942615E+1	-8.135706E+1	2.739019E+2
1.943862E+1	-8.779764E+1	6.738646E+1
1.945110E+1	-7.825927E+1	2.208929E+2
1.946357E+1	-8.016954E+1	-2.019874E+1
1.947605E+1	-7.801563E+1	1.592322E+2
1.948852E+1	-8.321008E+1	-4.302440E+1
1.950100E+1	-8.696251E+1	1.989605E+2
1.951347E+1	-8.951476E+1	2.734828E+1
1.952595E+1	-8.392014E+1	2.666945E+2
1.953843E+1	-8.138628E+1	1.873082E+2
1.955090E+1	-7.606802E+1	1.748895E+1
1.956338E+1	-8.615991E+1	-4.809341E+1
1.957585E+1	-7.993204E+1	-2.210825E+1
1.958833E+1	-8.599248E+1	8.071092E+1
1.960080E+1	-8.388065E+1	6.062796E+1
1.961328E+1	-8.544077E+1	-7.243550E+1
1.962575E+1	-9.507202E+1	1.839891E+2
1.963822E+1	-9.147589E+1	1.440963E+2
1.965070E+1	-8.452575E+1	1.084840E+2
1.966317E+1	-8.295475E+1	6.598449E+1
1.967565E+1	-8.674304E+1	-7.138789E+1
1.968812E+1	-8.251254E+1	8.485421E+1
1.970060E+1	-7.897767E+1	-6.528148E+0
1.971307E+1	-8.124553E+1	2.680688E+2
1.972555E+1	-8.538207E+1	2.756245E+1
1.973803E+1	-9.178268E+1	1.668235E+2
1.975050E+1	-8.043298E+1	1.905390E+2
1.976298E+1	-8.101347E+1	6.748362E+1
1.977545E+1	-9.162916E+1	8.788831E+1
1.978793E+1	-8.273208E+1	-5.579927E+1
1.980040E+1	-8.159455E+1	-1.256938E+1
1.981287E+1	-8.292918E+1	2.388745E+2
1.982535E+1	-8.198392E+1	2.270146E+2
1.983782E+1	-8.369913E+1	1.981410E+2
1.985030E+1	-7.883793E+1	2.588542E+2
1.986277E+1	-8.594926E+1	2.496281E+2
1.987525E+1	-8.097735E+1	1.685024E+2
1.988772E+1	-8.319236E+1	4.532724E+1
1.990020E+1	-8.036996E+1	2.396415E+2
1.991268E+1	-7.518316E+1	-2.607400E+1
1.992515E+1	-8.099548E+1	2.227840E+2
1.993763E+1	-9.184080E+1	2.531163E+2
1.995010E+1	-8.253576E+1	-2.320968E+1
1.996258E+1	-8.747847E+1	1.651326E+2
1.997505E+1	-8.363045E+1	1.764451E+2
1.998753E+1	-7.897942E+1	1.408219E+2
2.000000E+1	-8.927634E+1	8.645297E+1
