4.000000E-2	-1.570283E+1	9.424664E+1
5.247500E-2	-1.065622E+1	1.335756E+2
6.495000E-2	-7.218263E+0	1.818649E+2
7.742500E-2	-4.197384E+0	2.349126E+2
8.990000E-2	-1.617125E+0	-7.832188E+1
1.023750E-1	-1.071895E+0	-3.170071E+1
1.148500E-1	-1.103850E+0	2.243019E+1
1.273250E-1	-1.230655E+0	8.068992E+1
1.398000E-1	-1.516964E+0	1.421028E+2
1.522750E-1	-1.902120E+0	2.062973E+2
1.647500E-1	-2.259731E+0	2.735391E+2
1.772250E-1	-2.220800E+0	-1.703446E+1
1.897000E-1	-1.651331E+0	5.184003E+1
2.021750E-1	-8.253879E-1	1.175335E+2
2.146500E-1	-3.020690E-1	1.810272E+2
2.271250E-1	-1.279913E-1	2.440881E+2
2.396000E-1	-1.819607E-1	-5.223944E+1
2.520750E-1	-2.920786E-1	1.286062E+1
2.645500E-1	-4.173897E-1	7.863758E+1
2.770250E-1	-5.395616E-1	1.445690E+2
2.895000E-1	-6.204603E-1	2.105184E+2
3.019750E-1	-7.546844E-1	2.763515E+2
3.144500E-1	-1.004858E+0	-1.779144E+1
3.269250E-1	-1.361874E+0	4.854083E+1
3.394000E-1	-1.818431E+0	1.163437E+2
3.518750E-1	-2.198744E+0	1.851137E+2
3.643500E-1	-2.384943E+0	2.543843E+2
3.768250E-1	-2.433036E+0	-3.646507E+1
3.893000E-1	-2.535363E+0	3.188720E+1
4.017750E-1	-2.696138E+0	9.988979E+1
4.142500E-1	-2.812519E+0	1.682358E+2
4.267250E-1	-2.894439E+0	2.369376E+2
4.392000E-1	-3.002060E+0	-5.479623E+1
4.516750E-1	-3.119435E+0	1.321286E+1
4.641500E-1	-3.238481E+0	8.148294E+1
4.766250E-1	-3.413100E+0	1.496706E+2
4.891000E-1	-3.545486E+0	2.177934E+2
5.015750E-1	-3.663610E+0	-7.392189E+1
5.140500E-1	-3.839313E+0	-5.474168E+0
5.265250E-1	-4.053795E+0	6.261995E+1
5.390000E-1	-4.212334E+0	1.310254E+2
5.514750E-1	-4.366651E+0	1.997838E+2
5.639500E-1	-4.558996E+0	2.682464E+2
5.764250E-1	-4.720281E+0	-2.400236E+1
5.889000E-1	-4.941254E+0	4.401244E+1
6.013750E-1	-5.261995E+0	1.129656E+2
6.138500E-1	-5.560446E+0	1.822601E+2
6.263250E-1	-5.738176E+0	2.518694E+2
6.388000E-1	-5.872595E+0	-3.934824E+1
6.512750E-1	-6.063447E+0	2.897581E+1
6.637500E-1	-6.227509E+0	9.773665E+1
6.762250E-1	-6.458295E+0	1.675103E+2
6.887000E-1	-6.669394E+0	2.374183E+2
7.011750E-1	-6.768604E+0	-5.401678E+1
7.136500E-1	-6.813322E+0	1.416587E+1
7.261250E-1	-6.944491E+0	8.248923E+1
7.386000E-1	-7.182150E+0	1.512700E+2
7.510750E-1	-7.403188E+0	2.203854E+2
7.635500E-1	-7.657613E+0	-7.040697E+1
7.760250E-1	-7.837972E+0	-1.854260E+0
7.885000E-1	-7.949850E+0	6.641238E+1
8.009750E-1	-8.093564E+0	1.353984E+2
8.134500E-1	-8.339462E+0	2.045123E+2
8.259250E-1	-8.598732E+0	2.732628E+2
8.384000E-1	-8.769610E+0	-1.813602E+1
8.508750E-1	-9.010501E+0	5.086629E+1
8.633500E-1	-9.194810E+0	1.196260E+2
8.758250E-1	-9.353347E+0	1.884099E+2
8.883000E-1	-9.540074E+0	2.577340E+2
9.007750E-1	-9.781514E+0	-3.348463E+1
9.132500E-1	-9.982712E+0	3.500790E+1
9.257250E-1	-1.009362E+1	1.037809E+2
9.382000E-1	-1.030118E+1	1.725547E+2
9.506750E-1	-1.053033E+1	2.409059E+2
9.631500E-1	-1.074342E+1	-5.075310E+1
9.756250E-1	-1.094914E+1	1.830551E+1
9.881000E-1	-1.121159E+1	8.655919E+1
1.000575E+0	-1.149726E+1	1.550324E+2
1.013050E+0	-1.168720E+1	2.240045E+2
1.025525E+0	-1.194858E+1	-6.727953E+1
1.038000E+0	-1.217848E+1	1.298192E+0
1.050475E+0	-1.237757E+1	7.012856E+1
1.062950E+0	-1.261445E+1	1.390942E+2
1.075425E+0	-1.284600E+1	2.071512E+2
1.087900E+0	-1.305998E+1	2.753763E+2
1.100375E+0	-1.326882E+1	-1.596958E+1
1.112850E+0	-1.359547E+1	5.260271E+1
1.125325E+0	-1.386874E+1	1.210091E+2
1.137800E+0	-1.408412E+1	1.894881E+2
1.150275E+0	-1.435644E+1	2.579197E+2
1.162750E+0	-1.466178E+1	-3.391939E+1
1.175225E+0	-1.492455E+1	3.467984E+1
1.187700E+0	-1.520693E+1	1.034186E+2
1.200175E+0	-1.555480E+1	1.720494E+2
1.212650E+0	-1.578947E+1	2.406367E+2
1.225125E+0	-1.601812E+1	-5.087250E+1
1.237600E+0	-1.628939E+1	1.765244E+1
1.250075E+0	-1.656363E+1	8.587982E+1
1.262550E+0	-1.681322E+1	1.544968E+2
1.275025E+0	-1.707559E+1	2.227841E+2
1.287500E+0	-1.737753E+1	-6.924849E+1
1.299975E+0	-1.762890E+1	-1.179019E+0
1.312450E+0	-1.796758E+1	6.707744E+1
1.324925E+0	-1.833355E+1	1.353670E+2
1.337400E+0	-1.862978E+1	2.035622E+2
1.349875E+0	-1.892205E+1	2.722414E+2
1.362350E+0	-1.925267E+1	-1.919214E+1
1.374825E+0	-1.955049E+1	4.881157E+1
1.387300E+0	-1.977877E+1	1.168761E+2
1.399775E+0	-2.007140E+1	1.849571E+2
1.412250E+0	-2.037745E+1	2.531171E+2
1.424725E+0	-2.062155E+1	-3.926894E+1
1.437200E+0	-2.095786E+1	2.842340E+1
1.449675E+0	-2.138648E+1	9.581026E+1
1.462150E+0	-2.179773E+1	1.632836E+2
1.474625E+0	-2.224060E+1	2.308704E+2
1.487100E+0	-2.274277E+1	-6.069917E+1
1.499575E+0	-2.324298E+1	7.833951E+0
1.512050E+0	-2.371583E+1	7.656424E+1
1.524525E+0	-2.418141E+1	1.460753E+2
1.537000E+0	-2.454786E+1	2.153999E+2
1.549475E+0	-2.478332E+1	-7.534270E+1
1.561950E+0	-2.497527E+1	-5.886899E+0
1.574425E+0	-2.512676E+1	6.318122E+1
1.586900E+0	-2.521847E+1	1.311436E+2
1.599375E+0	-2.534513E+1	1.987039E+2
1.611850E+0	-2.550269E+1	2.660029E+2
1.624325E+0	-2.571918E+1	-2.745608E+1
1.636800E+0	-2.593720E+1	3.966327E+1
1.649275E+0	-2.622717E+1	1.070050E+2
1.661750E+0	-2.657063E+1	1.737967E+2
1.674225E+0	-2.686811E+1	2.406536E+2
1.686700E+0	-2.711621E+1	-5.189649E+1
1.699175E+0	-2.737041E+1	1.528091E+1
1.711650E+0	-2.761700E+1	8.164810E+1
1.724125E+0	-2.781397E+1	1.482716E+2
1.736600E+0	-2.806042E+1	2.143605E+2
1.749075E+0	-2.836738E+1	2.799094E+2
1.761550E+0	-2.868394E+1	-1.436519E+1
1.774025E+0	-2.904582E+1	5.145481E+1
1.786500E+0	-2.944531E+1	1.168771E+2
1.798975E+0	-2.985302E+1	1.823472E+2
1.811450E+0	-3.019747E+1	2.489337E+2
1.823925E+0	-3.055905E+1	-4.593718E+1
1.836400E+0	-3.096573E+1	1.927561E+1
1.848875E+0	-3.133974E+1	8.442543E+1
1.861350E+0	-3.175161E+1	1.494740E+2
1.873825E+0	-3.219511E+1	2.141229E+2
1.886300E+0	-3.265541E+1	2.787972E+2
1.898775E+0	-3.316029E+1	-1.621359E+1
1.911250E+0	-3.362053E+1	4.825647E+1
1.923725E+0	-3.402886E+1	1.125416E+2
1.936200E+0	-3.441584E+1	1.770696E+2
1.948675E+0	-3.494422E+1	2.406586E+2
1.961150E+0	-3.544881E+1	-5.669288E+1
1.973625E+0	-3.596613E+1	6.285047E+0
1.986100E+0	-3.652361E+1	6.908896E+1
1.998575E+0	-3.719029E+1	1.315208E+2
2.011050E+0	-3.794323E+1	1.948881E+2
2.023525E+0	-3.852025E+1	2.569568E+2
2.036000E+0	-3.919035E+1	-4.169894E+1
2.048475E+0	-3.983281E+1	1.823234E+1
2.060950E+0	-4.067451E+1	7.802587E+1
2.073425E+0	-4.176891E+1	1.380024E+2
2.085900E+0	-4.306378E+1	1.977257E+2
2.098375E+0	-4.447079E+1	2.580939E+2
2.110850E+0	-4.573114E+1	-4.121815E+1
2.123325E+0	-4.714578E+1	1.983879E+1
2.135800E+0	-4.822685E+1	8.161872E+1
2.148275E+0	-4.969132E+1	1.410344E+2
2.160750E+0	-5.140801E+1	2.017943E+2
2.173225E+0	-5.265671E+1	2.629677E+2
2.185700E+0	-5.459538E+1	-3.875291E+1
2.198175E+0	-5.648598E+1	2.019889E+1
2.210650E+0	-5.879185E+1	8.465427E+1
2.223125E+0	-6.066806E+1	1.394327E+2
2.235600E+0	-6.217868E+1	1.957533E+2
2.248075E+0	-6.568865E+1	2.547144E+2
2.260550E+0	-6.914840E+1	-4.744250E+1
2.273025E+0	-7.261032E+1	5.555126E+0
2.285500E+0	-7.725567E+1	7.404053E+1
2.297975E+0	-8.692906E+1	1.233755E+2
2.310450E+0	-8.353204E+1	2.423936E+2
2.322925E+0	-8.703872E+1	2.331642E+2
2.335400E+0	-8.910677E+1	5.381316E+1
2.347875E+0	-8.393714E+1	-6.572196E+1
2.360350E+0	-8.331683E+1	1.528377E+2
2.372825E+0	-8.436501E+1	2.639447E+2
2.385300E+0	-8.790346E+1	2.681928E+2
2.397775E+0	-8.718324E+1	-4.593089E+0
2.410250E+0	-8.455526E+1	9.787807E+1
2.422725E+0	-9.036618E+1	2.578624E+2
2.435200E+0	-8.896926E+1	1.823216E+2
2.447675E+0	-8.593288E+1	-3.300501E+1
2.460150E+0	-9.505106E+1	-1.849324E+1
2.472625E+0	-8.646459E+1	3.562519E+1
2.485100E+0	-8.025265E+1	2.475857E+2
2.497575E+0	-8.441557E+1	1.890219E+2
2.510050E+0	-8.995434E+1	8.494493E+1
2.522525E+0	-8.774664E+1	2.700721E+2
2.535000E+0	-8.500016E+1	7.061012E+1
2.547475E+0	-9.054360E+1	6.313116E+1
2.559950E+0	-1.050570E+2	2.474756E+2
2.572425E+0	-8.689173E+1	8.175346E+0
2.584900E+0	-9.200135E+1	-7.815182E+1
2.597375E+0	-8.760327E+1	1.850198E+2
2.609850E+0	-8.891677E+1	1.579912E+2
2.622325E+0	-8.819753E+1	1.474057E+2
2.634800E+0	-9.053339E+1	1.586434E+2
2.647275E+0	-9.273922E+1	4.944269E+1
2.659750E+0	-7.848945E+1	-1.262683E+1
2.672225E+0	-8.704285E+1	1.455630E+2
2.684700E+0	-8.817599E+1	-2.523849E+1
2.697175E+0	-8.876722E+1	1.400958E+2
2.709650E+0	-8.814835E+1	7.110286E+1
2.722125E+0	-8.974488E+1	7.578862E+1
2.734600E+0	-9.039247E+1	7.449841E+1
2.747075E+0	-8.977637E+1	4.237887E+1
2.759550E+0	-8.148679E+1	1.505398E+2
2.772025E+0	-8.917342E+1	2.088328E+1
2.784500E+0	-8.999998E+1	-3.788108E+1
2.796975E+0	-8.746259E+1	6.523738E+1
2.809450E+0	-9.373180E+1	-9.505381E+0
2.821925E+0	-9.220644E+1	1.769348E+2
2.834400E+0	-8.460236E+1	8.120796E+1
2.846875E+0	-8.771199E+1	2.331792E+2
2.859350E+0	-7.955067E+1	2.730710E+1
2.871825E+0	-8.939056E+1	2.133755E+2
2.884300E+0	-8.591155E+1	1.592615E+2
2.896775E+0	-8.901412E+1	1.340542E+2
2.909250E+0	-9.219287E+1	5.054652E+1
2.921725E+0	-8.550552E+1	4.294576E+1
2.934200E+0	-9.157792E+1	6.501527E+1
2.946675E+0	-8.607661E+1	2.094157E+2
2.959150E+0	-1.013046E+2	1.133097E+2
2.971625E+0	-9.390515E+1	1.423093E+2
2.984100E+0	-9.753206E+1	1.621335E+2
2.996575E+0	-9.392953E+1	-4.357221E+1
3.009050E+0	-8.451480E+1	1.790392E+2
3.021525E+0	-9.618591E+1	-2.849251E+1
3.034000E+0	-9.065537E+1	2.285078E+2
3.046475E+0	-8.460899E+1	1.653218E+2
3.058950E+0	-9.054491E+1	1.992337E+2
3.071425E+0	-8.559493E+1	1.266314E+2
3.083900E+0	-8.431767E+1	-6.635464E+1
3.096375E+0	-8.159068E+1	1.006192E+2
3.108850E+0	-8.308649E+1	2.617177E+2
3.121325E+0	-8.684360E+1	9.621143E+1
3.133800E+0	-9.685234E+1	2.405006E+2
3.146275E+0	-8.142492E+1	6.213612E+1
3.158750E+0	-8.145898E+1	4.324058E+1
3.171225E+0	-9.167060E+1	-4.666415E+1
3.183700E+0	-8.459332E+1	-2.537722E+1
3.196175E+0	-8.714798E+1	2.559524E+2
3.208650E+0	-8.514243E+1	2.753818E+2
3.221125E+0	-8.554475E+1	1.751120E+2
3.233600E+0	-8.550417E+1	1.919360E+1
3.246075E+0	-8.715096E+1	1.020868E+2
3.258550E+0	-8.233640E+1	2.160015E+2
3.271025E+0	-8.574018E+1	1.230124E+2
3.283500E+0	-7.821321E+1	3.730761E+1
3.295975E+0	-8.194073E+1	2.739094E+2
3.308450E+0	-8.412579E+1	2.096081E+2
3.320925E+0	-8.207073E+1	1.595665E+2
3.333400E+0	-9.075351E+1	-4.231535E+1
3.345875E+0	-8.705021E+1	3.327563E+1
3.358350E+0	-8.572139E+1	3.509426E+1
3.370825E+0	-9.607938E+1	1.213213E+2
3.383300E+0	-8.345197E+1	-4.676036E+1
3.395775E+0	-8.139611E+1	2.544619E+1
3.408250E+0	-8.051087E+1	-5.267779E+1
3.420725E+0	-8.497961E+1	-2.541248E+1
3.433200E+0	-9.036391E+1	1.788529E+2
3.445675E+0	-8.535387E+1	1.098532E+2
3.458150E+0	-8.367095E+1	-5.378122E+1
3.470625E+0	-9.259003E+1	1.796683E+2
3.483100E+0	-8.175385E+1	1.872486E+2
3.495575E+0	-7.782868E+1	-8.057771E+0
3.508050E+0	-9.202101E+1	1.092937E+2
3.520525E+0	-9.386776E+1	9.645931E+1
3.533000E+0	-8.459224E+1	9.049176E+1
3.545475E+0	-8.877232E+1	1.415653E+2
3.557950E+0	-8.288605E+1	1.233566E+2
3.570425E+0	-8.992288E+1	1.982543E+2
3.582900E+0	-9.672051E+1	3.177888E+1
3.595375E+0	-9.230999E+1	1.496690E+1
3.607850E+0	-9.128914E+1	2.187644E+2
3.620325E+0	-8.173582E+1	-7.927776E+1
3.632800E+0	-9.627376E+1	1.140453E+2
3.645275E+0	-8.028748E+1	2.731819E+2
3.657750E+0	-8.647567E+1	-4.294366E+0
3.670225E+0	-9.305130E+1	1.665483E+2
3.682700E+0	-9.550325E+1	2.399554E+2
3.695175E+0	-8.749429E+1	1.260823E+2
3.707650E+0	-8.680892E+1	2.762948E+2
3.720125E+0	-8.563084E+1	2.760270E+1
3.732600E+0	-8.801072E+1	8.803664E+1
3.745075E+0	-9.000064E+1	4.212492E+1
3.757550E+0	-8.516887E+1	-3.062649E+1
3.770025E+0	-8.874159E+1	5.945961E+1
3.782500E+0	-8.489167E+1	-1.794448E+1
3.794975E+0	-9.130095E+1	-5.122074E+1
3.807450E+0	-8.408466E+1	-9.817577E+0
3.819925E+0	-8.057310E+1	4.618503E+1
3.832400E+0	-8.676438E+1	6.860746E+1
3.844875E+0	-8.661681E+1	1.125292E+2
3.857350E+0	-8.628294E+1	7.823360E+1
3.869825E+0	-8.299965E+1	1.376498E+2
3.882300E+0	-9.434986E+1	4.082422E+1
3.894775E+0	-9.916003E+1	2.140876E+2
3.907250E+0	-8.391015E+1	1.994112E+2
3.919725E+0	-9.944672E+1	2.603529E+2
3.932200E+0	-8.984811E+1	1.932012E+2
3.944675E+0	-8.873707E+1	2.020026E+2
3.957150E+0	-8.664571E+1	2.542333E+2
3.969625E+0	-9.016711E+1	2.427277E+2
3.982100E+0	-8.747070E+1	2.710132E+2
3.994575E+0	-8.577257E+1	3.054233E+1
4.007050E+0	-8.596719E+1	1.871072E+0
4.019525E+0	-8.438770E+1	-2.100196E+1
4.032000E+0	-9.344791E+1	2.193079E+2
4.044475E+0	-8.208396E+1	1.298638E+2
4.056950E+0	-8.401246E+1	1.344382E+2
4.069425E+0	-8.514943E+1	2.065636E+2
4.081900E+0	-8.269366E+1	1.243544E+2
4.094375E+0	-8.821628E+1	1.961713E+2
4.106850E+0	-9.441028E+1	1.241764E+2
4.119325E+0	-8.903481E+1	8.999415E+1
4.131800E+0	-8.211561E+1	2.205078E+2
4.144275E+0	-9.325907E+1	2.087776E+2
4.156750E+0	-8.972621E+1	-1.202089E+1
4.169225E+0	-8.395319E+1	-4.067052E+1
4.181700E+0	-8.379877E+1	2.221572E+2
4.194175E+0	-8.712128E+1	1.443107E+2
4.206650E+0	-8.639453E+1	2.762051E+2
4.219125E+0	-9.456108E+1	1.917575E+2
4.231600E+0	-8.167013E+1	-5.897650E+1
4.244075E+0	-8.061421E+1	1.244072E+2
4.256550E+0	-1.056370E+2	2.470864E+1
4.269025E+0	-8.581867E+1	8.115932E+1
4.281500E+0	-8.725919E+1	9.064737E+1
4.293975E+0	-9.107813E+1	1.366384E+2
4.306450E+0	-8.285278E+1	-7.448100E+1
4.318925E+0	-1.301032E+2	-3.918024E+1
4.331400E+0	-8.754632E+1	-7.653812E+1
4.343875E+0	-8.503010E+1	6.498504E+1
4.356350E+0	-9.447044E+1	1.514541E+2
4.368825E+0	-8.802264E+1	2.079634E+2
4.381300E+0	-8.646426E+1	-2.507994E+1
4.393775E+0	-8.967591E+1	2.719158E+2
4.406250E+0	-8.447005E+1	4.001411E+1
4.418725E+0	-9.256712E+1	1.160006E+2
4.431200E+0	-8.372316E+1	2.387581E+1
4.443675E+0	-9.976658E+1	2.777176E+2
4.456150E+0	-9.382309E+1	2.760246E+2
4.468625E+0	-8.388374E+1	-7.713585E+1
4.481100E+0	-8.592187E+1	9.138757E+1
4.493575E+0	-8.362023E+1	2.214570E+1
4.506050E+0	-8.154472E+1	9.259923E+1
4.518525E+0	-9.093578E+1	1.031336E+2
4.531000E+0	-9.721624E+1	5.124733E+0
4.543475E+0	-1.050687E+2	2.326402E+1
4.555950E+0	-9.269307E+1	2.291735E+2
4.568425E+0	-8.306934E+1	7.280795E+1
4.580900E+0	-8.751957E+1	2.560077E+2
4.593375E+0	-8.973753E+1	5.879230E+0
4.605850E+0	-9.763068E+1	-1.333497E+1
4.618325E+0	-9.219327E+1	8.695100E+1
4.630800E+0	-8.804247E+1	1.461290E+2
4.643275E+0	-8.012313E+1	1.175368E+2
4.655750E+0	-1.143108E+2	-2.676889E+1
4.668225E+0	-8.972035E+1	6.361471E+0
4.680700E+0	-8.568295E+1	2.363621E+1
4.693175E+0	-8.917701E+1	2.656447E+2
4.705650E+0	-8.417826E+1	5.319701E+1
4.718125E+0	-9.514616E+1	2.192180E+2
4.730600E+0	-8.690281E+1	2.497738E+2
4.743075E+0	-8.110120E+1	2.343307E+2
4.755550E+0	-8.726799E+1	-7.836232E+1
4.768025E+0	-8.849881E+1	-3.210809E+1
4.780500E+0	-8.139998E+1	9.383410E+1
4.792975E+0	-8.507818E+1	1.438351E+2
4.805450E+0	-9.151528E+1	2.429815E+2
4.817925E+0	-8.991901E+1	-3.028822E+0
4.830400E+0	-8.857477E+1	-4.847364E+1
4.842875E+0	-8.406149E+1	1.290668E+2
4.855350E+0	-7.985862E+1	-4.688063E+1
4.867825E+0	-8.296424E+1	-1.255798E+1
4.880300E+0	-9.215629E+1	1.544473E+2
4.892775E+0	-8.490575E+1	1.980947E+2
4.905250E+0	-8.551680E+1	2.634496E+2
4.917725E+0	-9.219355E+1	2.114201E+2
4.930200E+0	-8.755061E+1	2.160926E+2
4.942675E+0	-8.607237E+1	9.105649E+1
4.955150E+0	-9.961742E+1	7.671217E+0
4.967625E+0	-8.811359E+1	1.851584E+2
4.980100E+0	-9.177698E+1	3.958250E+1
4.992575E+0	-8.906381E+1	7.126582E+1
5.005050E+0	-9.122345E+1	6.944385E+1
5.017525E+0	-9.690881E+1	1.426271E+2
5.030000E+0	-9.815774E+1	2.699792E+2
5.042475E+0	-8.322561E+1	2.548993E+2
5.054950E+0	-8.793356E+1	1.381350E+2
5.067425E+0	-8.937847E+1	2.156332E+2
5.079900E+0	-9.865881E+1	-4.618534E+1
5.092375E+0	-9.871922E+1	-7.621279E+1
5.104850E+0	-9.192963E+1	1.793901E+2
5.117325E+0	-7.961274E+1	1.933597E+1
5.129800E+0	-9.271455E+1	1.324841E+2
5.142275E+0	-8.779082E+1	7.279320E+1
5.154750E+0	-8.398091E+1	2.050599E+1
5.167225E+0	-8.936700E+1	-1.488293E+1
5.179700E+0	-8.766222E+1	2.297390E+2
5.192175E+0	-9.186845E+1	1.712051E+2
5.204650E+0	-8.707561E+1	2.096146E+2
5.217125E+0	-8.684713E+1	1.905838E+2
5.229600E+0	-9.436975E+1	-7.192197E+1
5.242075E+0	-8.299458E+1	2.465220E+1
5.254550E+0	-9.265372E+1	1.514814E+2
5.267025E+0	-7.935828E+1	2.293480E+2
5.279500E+0	-7.992638E+1	4.350447E+1
5.291975E+0	-8.802275E+1	1.507835E+2
5.304450E+0	-8.755550E+1	2.544454E+2
5.316925E+0	-9.211773E+1	2.616156E+1
5.329400E+0	-9.246092E+1	2.102235E+2
5.341875E+0	-8.637254E+1	2.497899E+2
5.354350E+0	-8.198729E+1	5.841817E+1
5.366825E+0	-8.397140E+1	8.715030E+1
5.379300E+0	-8.498274E+1	-1.889945E+1
5.391775E+0	-8.664648E+1	8.215121E+1
5.404250E+0	-9.293916E+1	-5.514618E+1
5.416725E+0	-9.011366E+1	2.529368E+2
5.429200E+0	-8.488227E+1	1.022344E+2
5.441675E+0	-9.058524E+1	-1.920180E+1
5.454150E+0	-8.871411E+1	7.361160E+1
5.466625E+0	-9.079259E+1	2.644030E+2
5.479100E+0	-9.325967E+1	-4.181211E+1
5.491575E+0	-8.908495E+1	1.244999E+2
5.504050E+0	-8.880515E+1	7.962120E+1
5.516525E+0	-8.139907E+1	1.414744E+2
5.529000E+0	-9.540773E+1	1.886251E+2
5.541475E+0	-8.483704E+1	1.726647E+2
5.553950E+0	-8.629836E+1	-9.778960E+0
5.566425E+0	-8.635944E+1	1.311918E+2
5.578900E+0	-9.957308E+1	2.384507E+1
5.591375E+0	-9.550483E+1	5.483694E+1
5.603850E+0	-1.068946E+2	1.887871E+2
5.616325E+0	-8.510545E+1	1.107747E+2
5.628800E+0	-8.314228E+1	3.252955E+1
5.641275E+0	-8.290058E+1	5.426571E+1
5.653750E+0	-8.859724E+1	-6.754570E+1
5.666225E+0	-8.888194E+1	7.535094E+1
5.678700E+0	-9.108347E+1	1.170183E+2
5.691175E+0	-8.369913E+1	2.931517E+1
5.703650E+0	-9.586324E+1	1.961834E+2
5.716125E+0	-9.176160E+1	-3.079229E+1
5.728600E+0	-8.696623E+1	2.331173E+2
5.741075E+0	-8.664925E+1	-4.950155E+1
5.753550E+0	-8.239740E+1	2.745336E+2
5.766025E+0	-9.655391E+1	1.405964E+2
5.778500E+0	-9.389688E+1	1.957667E+2
5.790975E+0	-9.578731E+1	2.956296E+1
5.803450E+0	-8.545500E+1	2.378709E+2
5.815925E+0	-9.670964E+1	8.092531E+1
5.828400E+0	-1.037215E+2	1.288461E+2
5.840875E+0	-8.983560E+1	5.081263E+1
5.853350E+0	-8.245025E+1	-7.412735E+1
5.865825E+0	-1.010712E+2	1.654044E+2
5.878300E+0	-8.622781E+1	-7.030482E+1
5.890775E+0	-9.722077E+1	2.381683E+2
5.903250E+0	-9.154425E+1	1.518031E+2
5.915725E+0	-8.727599E+1	2.368652E+2
5.928200E+0	-9.580008E+1	2.480297E+2
5.940675E+0	-8.435023E+1	8.489820E+1
5.953150E+0	-9.089217E+1	2.625414E+2
5.965625E+0	-1.035450E+2	2.426157E+2
5.978100E+0	-9.714978E+1	1.107569E+2
5.990575E+0	-9.101051E+1	8.122482E+1
6.003050E+0	-8.832937E+1	1.892530E+2
6.015525E+0	-8.976490E+1	1.678598E+2
6.028000E+0	-8.773752E+1	2.681567E+2
6.040475E+0	-9.392355E+1	2.475617E+2
6.052950E+0	-8.557111E+1	-7.799164E+0
6.065425E+0	-7.901652E+1	9.494695E+1
6.077900E+0	-9.386439E+1	2.689621E+2
6.090375E+0	-9.448824E+1	2.040014E+2
6.102850E+0	-8.759789E+1	1.563910E+2
6.115325E+0	-8.463563E+1	2.001831E+2
6.127800E+0	-8.486142E+1	3.150319E+1
6.140275E+0	-9.099160E+1	-2.256639E+1
6.152750E+0	-8.992124E+1	5.624438E+1
6.165225E+0	-8.286151E+1	5.518691E+0
6.177700E+0	-8.879797E+1	1.619072E+2
6.190175E+0	-8.293810E+1	-1.224564E-1
6.202650E+0	-9.225083E+1	6.173631E+1
6.215125E+0	-9.040393E+1	7.540309E+1
6.227600E+0	-9.905510E+1	3.914639E+1
6.240075E+0	-8.141855E+1	2.067604E+2
6.252550E+0	-8.601975E+1	1.931190E+2
6.265025E+0	-9.225710E+1	1.416538E+2
6.277500E+0	-9.962453E+1	8.879646E+1
6.289975E+0	-9.296198E+1	2.491754E+2
6.302450E+0	-9.705074E+1	9.702753E+1
6.314925E+0	-8.576689E+1	1.619456E+2
6.327400E+0	-8.712860E+1	2.064912E+2
6.339875E+0	-8.550634E+1	2.065448E+2
6.352350E+0	-9.535120E+1	-6.897904E+1
6.364825E+0	-8.934148E+1	-5.225214E+1
6.377300E+0	-7.748559E+1	1.797773E+2
6.389775E+0	-8.346886E+1	-6.418576E+1
6.402250E+0	-9.548960E+1	7.964182E+1
6.414725E+0	-8.197487E+1	7.824489E+1
6.427200E+0	-9.095461E+1	1.862458E+2
6.439675E+0	-1.047357E+2	-2.056881E+1
6.452150E+0	-9.743520E+1	1.135821E+2
6.464625E+0	-9.149406E+1	-6.660915E+1
6.477100E+0	-9.503174E+1	2.375086E+2
6.489575E+0	-8.733980E+1	1.612597E+2
6.502050E+0	-8.905601E+1	1.302285E+2
6.514525E+0	-9.335387E+1	-6.476763E+1
6.527000E+0	-8.207884E+1	2.568095E+2
6.539475E+0	-8.289597E+1	3.420710E+1
6.551950E+0	-7.741764E+1	2.515932E+2
6.564425E+0	-9.521781E+1	1.354101E+2
6.576900E+0	-8.626669E+1	4.581709E+1
6.589375E+0	-8.652042E+1	-4.581179E+1
6.601850E+0	-8.657130E+1	4.149475E+1
6.614325E+0	-8.587471E+1	-1.464134E+1
6.626800E+0	-7.873296E+1	9.662782E+1
6.639275E+0	-8.837660E+1	-7.321575E+1
6.651750E+0	-9.613416E+1	-4.013044E+1
6.664225E+0	-8.785226E+1	1.842842E+2
6.676700E+0	-9.087540E+1	7.608968E+1
6.689175E+0	-8.368761E+1	1.477626E+2
6.701650E+0	-7.875827E+1	1.577299E+2
6.714125E+0	-8.445757E+1	1.141657E+1
6.726600E+0	-8.579240E+1	1.246007E+2
6.739075E+0	-9.705267E+1	8.431464E+1
6.751550E+0	-8.524362E+1	1.119090E+2
6.764025E+0	-8.148573E+1	7.521428E+1
6.776500E+0	-9.288113E+1	9.322858E+1
6.788975E+0	-8.588367E+1	1.977020E+2
6.801450E+0	-7.839292E+1	-7.197523E+1
6.813925E+0	-8.326778E+1	-6.048740E+1
6.826400E+0	-9.327831E+1	1.020363E+2
6.838875E+0	-8.429628E+1	7.477864E+1
6.851350E+0	-8.532033E+1	1.724493E+1
6.863825E+0	-8.013896E+1	2.263282E+2
6.876300E+0	-8.293816E+1	2.264503E+2
6.888775E+0	-8.325198E+1	1.691218E+2
6.901250E+0	-9.426823E+1	8.861604E+1
6.913725E+0	-9.709047E+1	1.387112E+1
6.926200E+0	-8.794702E+1	1.634496E+1
6.938675E+0	-8.659496E+1	2.066140E+2
6.951150E+0	-9.149108E+1	-2.134696E+1
6.963625E+0	-8.177268E+1	8.443081E+1
6.976100E+0	-8.514929E+1	3.125855E+1
6.988575E+0	-9.129775E+1	1.598361E+1
7.001050E+0	-8.278940E+1	-1.112546E+1
7.013525E+0	-8.224290E+1	5.607761E-1
7.026000E+0	-8.422957E+1	1.547659E+2
7.038475E+0	-7.772643E+1	-7.257702E+1
7.050950E+0	-8.841566E+1	2.441178E+2
7.063425E+0	-8.735848E+1	1.323467E+2
7.075900E+0	-8.933511E+1	-2.733756E+1
7.088375E+0	-8.705164E+1	1.168169E+2
7.100850E+0	-9.011977E+1	-3.242912E+1
7.113325E+0	-9.575588E+1	2.533616E+2
7.125800E+0	-9.480185E+1	-5.033725E+1
7.138275E+0	-9.032671E+1	2.047287E+2
7.150750E+0	-9.224355E+1	2.183516E+0
7.163225E+0	-8.467118E+1	-3.906428E+1
7.175700E+0	-8.643568E+1	2.117675E+1
7.188175E+0	-9.094730E+1	7.448586E+1
7.200650E+0	-9.288427E+1	-2.745745E+1
7.213125E+0	-8.766536E+1	3.412456E+1
7.225600E+0	-9.183662E+1	8.451247E+1
7.238075E+0	-8.410075E+1	1.711524E+2
7.250550E+0	-8.471090E+1	2.153876E+2
7.263025E+0	-8.547895E+1	-7.742747E+1
7.275500E+0	-8.989050E+1	2.279288E+2
7.287975E+0	-8.670795E+1	3.580584E+1
7.300450E+0	-9.281543E+1	5.038985E+1
7.312925E+0	-9.302523E+1	-5.466250E+1
7.325400E+0	-8.670650E+1	2.206538E+2
7.337875E+0	-8.516084E+1	1.201972E+1
7.350350E+0	-8.390433E+1	1.277503E+1
7.362825E+0	-8.104422E+1	2.547991E+2
7.375300E+0	-8.698788E+1	-5.265355E+1
7.387775E+0	-8.315859E+1	-3.780314E+1
7.400250E+0	-8.254059E+1	6.857693E+1
7.412725E+0	-8.434081E+1	9.373856E+1
7.425200E+0	-9.092149E+1	2.410351E+2
7.437675E+0	-9.399902E+1	2.618955E+2
7.450150E+0	-8.168446E+1	1.714891E+2
7.462625E+0	-8.102938E+1	2.209411E+2
7.475100E+0	-8.256393E+1	1.148641E+2
7.487575E+0	-8.768980E+1	2.577244E+2
7.500050E+0	-9.134407E+1	1.523979E+1
7.512525E+0	-8.991915E+1	6.047917E+1
7.525000E+0	-8.349554E+1	-6.386632E+1
7.537475E+0	-8.978690E+1	3.135597E+1
7.549950E+0	-9.539921E+1	2.438164E+2
7.562425E+0	-8.562787E+1	-2.797604E+1
7.574900E+0	-9.987965E+1	2.800114E+1
7.587375E+0	-8.067783E+1	2.199009E+2
7.599850E+0	-9.530596E+1	2.633073E+2
7.612325E+0	-8.268484E+1	1.710013E+2
7.624800E+0	-8.409340E+1	1.572038E+2
7.637275E+0	-8.283898E+1	4.419598E+1
7.649750E+0	-9.579089E+1	1.495358E+2
7.662225E+0	-8.965549E+1	1.760286E+1
7.674700E+0	-9.106754E+1	-1.451068E+0
7.687175E+0	-8.264913E+1	-7.709233E+1
7.699650E+0	-9.313425E+1	2.602274E+2
7.712125E+0	-8.145096E+1	2.503603E+2
7.724600E+0	-8.574327E+1	-5.912984E+1
7.737075E+0	-8.991749E+1	1.407386E+2
7.749550E+0	-8.419902E+1	2.544793E+2
7.762025E+0	-8.754823E+1	-7.235962E+1
7.774500E+0	-9.159946E+1	8.411765E+1
7.786975E+0	-8.331011E+1	-1.869377E+1
7.799450E+0	-9.300508E+1	1.484968E+2
7.811925E+0	-8.364281E+1	4.143349E+1
7.824400E+0	-9.888506E+1	2.440548E+2
7.836875E+0	-8.762139E+1	2.287013E+2
7.849350E+0	-8.742472E+1	1.316001E+2
7.861825E+0	-9.810077E+1	1.839549E+2
7.874300E+0	-8.533205E+1	1.973484E+2
7.886775E+0	-9.904408E+1	1.462624E+2
7.899250E+0	-8.698359E+1	6.811197E+1
7.911725E+0	-8.079662E+1	1.883966E+2
7.924200E+0	-8.053992E+1	1.049146E+1
7.936675E+0	-9.008636E+1	-7.710522E+1
7.949150E+0	-9.410754E+1	8.489694E+1
7.961625E+0	-9.662688E+1	2.142262E+2
7.974100E+0	-8.749509E+1	1.793423E+2
7.986575E+0	-8.363865E+1	-4.494577E+1
7.999050E+0	-8.147028E+1	1.770618E+2
8.011525E+0	-8.978692E+1	1.496949E+2
8.024000E+0	-8.908768E+1	1.639420E+2
8.036475E+0	-8.526172E+1	2.677172E+2
8.048950E+0	-8.605039E+1	2.119799E+2
8.061425E+0	-8.991298E+1	2.232122E+2
8.073900E+0	-8.489310E+1	2.660916E+2
8.086375E+0	-9.227652E+1	2.280230E+2
8.098850E+0	-9.503606E+1	1.774415E+2
8.111325E+0	-8.826453E+1	1.202058E+2
8.123800E+0	-8.446315E+1	-5.400302E+1
8.136275E+0	-9.174399E+1	1.012355E+0
8.148750E+0	-9.824047E+1	5.177494E+1
8.161225E+0	-8.317467E+1	2.182669E+2
8.173700E+0	-8.840633E+1	1.314751E+2
8.186175E+0	-8.902232E+1	-7.604179E+1
8.198650E+0	-8.488637E+1	2.469419E+2
8.211125E+0	-8.576322E+1	1.164184E+2
8.223600E+0	-8.325616E+1	-3.280324E+1
8.236075E+0	-8.044453E+1	1.704696E+1
8.248550E+0	-8.781761E+1	-5.768795E+1
8.261025E+0	-8.284457E+1	3.349619E+1
8.273500E+0	-8.593235E+1	5.908447E+1
8.285975E+0	-1.035635E+2	2.542720E+2
8.298450E+0	-8.514297E+1	7.562224E+1
8.310925E+0	-8.353044E+1	2.109494E+2
8.323400E+0	-8.150754E+1	1.483651E+2
8.335875E+0	-8.156429E+1	1.246341E+2
8.348350E+0	-8.656535E+1	8.297929E+0
8.360825E+0	-8.048556E+1	2.093768E+2
8.373300E+0	-1.038810E+2	7.853719E+1
8.385775E+0	-8.537048E+1	-1.653579E+1
8.398250E+0	-7.996522E+1	1.353418E+2
8.410725E+0	-8.491403E+1	5.656221E+1
8.423200E+0	-8.894018E+1	1.158760E+2
8.435675E+0	-7.886910E+1	4.144054E+1
8.448150E+0	-9.142393E+1	1.955197E+2
8.460625E+0	-8.471689E+1	1.792478E+2
8.473100E+0	-8.771722E+1	-1.268889E+1
8.485575E+0	-9.308189E+1	2.505405E+2
8.498050E+0	-8.801777E+1	1.749266E+2
8.510525E+0	-9.015275E+1	2.481923E+2
8.523000E+0	-8.511610E+1	2.676602E+2
8.535475E+0	-8.706615E+1	2.316719E+2
8.547950E+0	-8.928418E+1	-5.968265E+1
8.560425E+0	-8.328132E+1	4.503952E+1
8.572900E+0	-8.047810E+1	-7.175887E+1
8.585375E+0	-8.503574E+1	-5.115271E+1
8.597850E+0	-8.097505E+1	1.091484E+2
8.610325E+0	-9.052117E+1	7.521466E+1
8.622800E+0	-8.638541E+1	-3.762324E+1
8.635275E+0	-8.486541E+1	-3.426396E+1
8.647750E+0	-7.812649E+1	2.924251E+1
8.660225E+0	-8.757128E+1	2.534639E+2
8.672700E+0	-1.026814E+2	-5.574301E+1
8.685175E+0	-9.203752E+1	1.747492E+2
8.697650E+0	-8.742624E+1	2.343835E+2
8.710125E+0	-8.909449E+1	2.722316E+2
8.722600E+0	-8.188837E+1	2.763975E+2
8.735075E+0	-8.417403E+1	1.042767E+2
8.747550E+0	-9.508080E+1	1.126779E+2
8.760025E+0	-8.241315E+1	-3.234870E+0
8.772500E+0	-8.893341E+1	1.271718E+2
8.784975E+0	-8.925124E+1	2.464936E+2
8.797450E+0	-8.514297E+1	4.807291E+1
8.809925E+0	-8.594182E+1	-7.060255E+1
8.822400E+0	-8.543985E+1	-3.457833E+1
8.834875E+0	-8.244511E+1	9.683042E+1
8.847350E+0	-9.947657E+1	4.863014E+1
8.859825E+0	-9.680299E+1	7.808502E+1
8.872300E+0	-8.723263E+1	1.837115E+2
8.884775E+0	-9.129978E+1	1.520599E+1
8.897250E+0	-8.364174E+1	1.613427E+2
8.909725E+0	-7.932475E+1	3.008858E+1
8.922200E+0	-9.967451E+1	2.242464E+2
8.934675E+0	-8.519209E+1	2.197328E+2
8.947150E+0	-8.943956E+1	1.031338E+2
8.959625E+0	-1.025846E+2	-5.089075E+1
8.972100E+0	-8.941408E+1	1.203523E+2
8.984575E+0	-9.049168E+1	3.907036E+1
8.997050E+0	-8.702234E+1	-4.125656E+1
9.009525E+0	-8.455909E+1	6.228794E+0
9.022000E+0	-9.857171E+1	-5.971503E+1
9.034475E+0	-7.976640E+1	1.109022E+2
9.046950E+0	-9.673228E+1	2.117014E+2
9.059425E+0	-8.467271E+1	2.393534E+2
9.071900E+0	-8.108133E+1	7.888736E+1
9.084375E+0	-8.276700E+1	-7.959084E+1
9.096850E+0	-8.012907E+1	1.289754E+1
9.109325E+0	-8.322498E+1	1.261725E+2
9.121800E+0	-8.631142E+1	-6.027288E+1
9.134275E+0	-8.660085E+1	-5.050328E+1
9.146750E+0	-8.177466E+1	1.807834E+2
9.159225E+0	-8.156860E+1	1.790466E+1
9.171700E+0	-8.881551E+1	2.156891E+1
9.184175E+0	-8.881094E+1	1.302067E+2
9.196650E+0	-8.461197E+1	2.393158E+2
9.209125E+0	-8.029740E+1	7.782469E+0
9.221600E+0	-8.336555E+1	2.171135E+2
9.234075E+0	-8.631473E+1	1.465990E+2
9.246550E+0	-9.431264E+1	-7.190757E+1
9.259025E+0	-1.027238E+2	1.352744E+2
9.271500E+0	-8.094604E+1	-6.822787E+1
9.283975E+0	-8.318256E+1	1.647076E+2
9.296450E+0	-8.299083E+1	1.587460E+1
9.308925E+0	-8.376730E+1	-1.708484E+1
9.321400E+0	-1.057713E+2	8.593615E+1
9.333875E+0	-8.667503E+1	2.783208E+2
9.346350E+0	-8.705890E+1	5.595617E+1
9.358825E+0	-8.816723E+1	-1.212731E+0
9.371300E+0	-8.768021E+1	1.268047E+2
9.383775E+0	-8.337057E+1	2.323982E+2
9.396250E+0	-8.716047E+1	-6.866994E+1
9.408725E+0	-7.917957E+1	1.264773E+1
9.421200E+0	-8.139458E+1	4.419838E+1
9.433675E+0	-9.021239E+1	1.524276E+2
9.446150E+0	-8.793681E+1	1.128136E+1
9.458625E+0	-8.323071E+1	-5.381875E+1
9.471100E+0	-8.476103E+1	1.963761E+2
9.483575E+0	-8.701683E+1	7.058627E+1
9.496050E+0	-9.657063E+1	-6.208650E+1
9.508525E+0	-8.511153E+1	4.377193E+1
9.521000E+0	-8.051786E+1	1.929811E+2
9.533475E+0	-8.131825E+1	4.475336E+1
9.545950E+0	-9.039420E+1	1.902884E+2
9.558425E+0	-8.666544E+1	2.455856E+2
9.570900E+0	-8.476948E+1	-7.711659E+1
9.583375E+0	-8.009246E+1	-2.071185E+1
9.595850E+0	-8.321159E+1	1.654603E+2
9.608325E+0	-8.319196E+1	2.446166E+1
9.620800E+0	-9.037272E+1	2.213790E+2
9.633275E+0	-8.792989E+1	1.291208E+2
9.645750E+0	-8.150883E+1	2.745276E+2
9.658225E+0	-9.215929E+1	7.567308E+1
9.670700E+0	-8.423000E+1	-2.854071E+1
9.683175E+0	-8.756578E+1	3.472021E+0
9.695650E+0	-9.473039E+1	3.450838E+1
9.708125E+0	-8.528402E+1	7.572156E+1
9.720600E+0	-8.220551E+1	2.636013E+2
9.733075E+0	-8.472622E+1	1.912157E+2
9.745550E+0	-8.401813E+1	1.736035E+1
9.758025E+0	-8.103189E+1	-5.667654E+1
9.770500E+0	-8.416092E+1	1.391690E+2
9.782975E+0	-8.186468E+1	4.994353E+1
9.795450E+0	-8.928944E+1	3.486843E+1
9.807925E+0	-9.012653E+1	-6.717285E+1
9.820400E+0	-8.467941E+1	2.772656E+1
9.832875E+0	-8.899979E+1	2.752172E+2
9.845350E+0	-8.355885E+1	1.987809E+2
9.857825E+0	-9.010308E+1	2.093707E+2
9.870300E+0	-8.738509E+1	1.867861E+1
9.882775E+0	-8.445995E+1	1.444034E+2
9.895250E+0	-1.000794E+2	2.256637E+2
9.907725E+0	-8.968403E+1	1.322038E+2
9.920200E+0	-8.200147E+1	-5.048063E+1
9.932675E+0	-8.165131E+1	8.868855E+1
9.945150E+0	-9.071234E+1	2.695284E+2
9.957625E+0	-8.855505E+1	2.010460E+2
9.970100E+0	-8.667738E+1	8.291902E+1
9.982575E+0	-8.657259E+1	1.285115E+2
9.995050E+0	-7.894391E+1	2.776823E+2
1.000752E+1	-8.629084E+1	1.433987E+2
1.002000E+1	-9.838412E+1	2.451557E+2
1.003247E+1	-8.984843E+1	6.687244E+1
1.004495E+1	-9.249287E+1	-1.461936E+1
1.005743E+1	-8.935194E+1	1.096506E+1
1.006990E+1	-8.350890E+1	1.406229E+2
1.008238E+1	-9.156064E+1	1.693822E+2
1.009485E+1	-9.636626E+1	1.250159E+2
1.010732E+1	-9.074019E+1	4.621800E+1
1.011980E+1	-8.778690E+1	2.623471E+2
1.013227E+1	-7.718842E+1	-5.498286E+0
1.014475E+1	-8.840123E+1	3.011463E+1
1.015723E+1	-8.739445E+1	-6.480111E+1
1.016970E+1	-9.245918E+1	-3.254311E+1
1.018218E+1	-8.430848E+1	-9.602916E+0
1.019465E+1	-8.453389E+1	1.709225E+2
1.020712E+1	-1.032885E+2	-3.775046E+1
1.021960E+1	-8.627704E+1	-2.487801E+1
1.023208E+1	-8.448092E+1	3.006544E+1
1.024455E+1	-8.329929E+1	4.236431E+1
1.025703E+1	-8.599932E+1	-4.904254E+1
1.026950E+1	-9.373019E+1	2.986899E+1
1.028197E+1	-7.838728E+1	2.114388E+2
1.029445E+1	-8.763112E+1	8.547903E+1
1.030692E+1	-9.453171E+1	1.487954E+2
1.031940E+1	-9.144400E+1	1.294446E+2
1.033188E+1	-9.095570E+1	4.419378E+1
1.034435E+1	-9.115838E+1	4.303120E+1
1.035683E+1	-8.980348E+1	1.598745E+2
1.036930E+1	-8.323676E+1	1.931928E+2
1.038177E+1	-8.193883E+1	3.062984E+1
1.039425E+1	-9.017403E+1	1.818644E+2
1.040672E+1	-9.311465E+1	-6.051335E+1
1.041920E+1	-9.254539E+1	-3.894840E+1
1.043168E+1	-8.381423E+1	3.021742E+1
1.044415E+1	-8.854317E+1	-4.163800E+1
1.045663E+1	-8.798861E+1	1.425096E+2
1.046910E+1	-8.635685E+1	1.010767E+2
1.048157E+1	-8.117667E+1	2.560892E+1
1.049405E+1	-8.484804E+1	1.273441E+2
1.050652E+1	-8.834668E+1	2.609030E+2
1.051900E+1	-9.156290E+1	1.308929E+2
1.053148E+1	-9.384786E+1	-1.244389E+1
1.054395E+1	-8.073706E+1	2.474227E+2
1.055643E+1	-8.185572E+1	7.828587E+1
1.056890E+1	-8.764185E+1	7.388893E+1
1.058137E+1	-9.099973E+1	2.203087E+2
1.059385E+1	-9.176826E+1	-6.075244E+1
1.060633E+1	-8.680955E+1	2.133706E+2
1.061880E+1	-9.669564E+1	2.573433E+2
1.063128E+1	-8.280443E+1	7.199016E+1
1.064375E+1	-8.656911E+1	1.988249E+0
1.065622E+1	-8.132825E+1	1.077861E+2
1.066870E+1	-8.439005E+1	1.132059E+2
1.068117E+1	-9.511880E+1	2.624794E+2
1.069365E+1	-8.373681E+1	-7.385243E+1
1.070613E+1	-8.686923E+1	2.613366E+2
1.071860E+1	-8.155030E+1	2.054940E+2
1.073108E+1	-8.135994E+1	-2.768117E+1
1.074355E+1	-8.109003E+1	-1.040737E+1
1.075602E+1	-8.258221E+1	1.114295E+2
1.076850E+1	-9.066949E+1	1.538711E+2
1.078097E+1	-7.857449E+1	2.456143E+1
1.079345E+1	-9.013976E+1	2.500443E+1
1.080593E+1	-8.991486E+1	1.428294E+2
1.081840E+1	-9.783246E+1	-6.939325E+1
1.083088E+1	-7.921516E+1	1.361370E+2
1.084335E+1	-8.489210E+1	-2.351538E+1
1.085582E+1	-8.441629E+1	9.791445E+1
1.086830E+1	-9.044225E+1	7.309602E+1
1.088077E+1	-8.114310E+1	3.642614E+1
1.089325E+1	-9.409268E+1	9.922311E+1
1.090573E+1	-8.414559E+1	1.371202E+2
1.091820E+1	-8.389066E+1	3.921283E+1
1.093068E+1	-8.641134E+1	1.375327E+2
1.094315E+1	-9.304539E+1	5.604448E+1
1.095562E+1	-8.452502E+1	1.095639E+2
1.096810E+1	-8.455939E+1	2.321106E+2
1.098057E+1	-7.890691E+1	7.387698E+1
1.099305E+1	-9.092979E+1	7.348082E+1
1.100553E+1	-8.701340E+1	8.491483E+1
1.101800E+1	-8.471881E+1	1.969567E+2
1.103047E+1	-8.193069E+1	8.875954E+1
1.104295E+1	-8.413773E+1	6.282395E+1
1.105542E+1	-9.448234E+1	1.828314E+2
1.106790E+1	-8.478716E+1	4.352813E+1
1.108038E+1	-8.129987E+1	2.104427E+1
1.109285E+1	-9.392397E+1	1.824220E+2
1.110533E+1	-9.313829E+1	-2.855233E+1
1.111780E+1	-9.458266E+1	2.429386E+2
1.113027E+1	-9.596577E+1	1.519047E+2
1.114275E+1	-8.111441E+1	2.477599E+2
1.115522E+1	-8.737804E+1	2.057480E+1
1.116770E+1	-8.310384E+1	2.295239E+1
1.118018E+1	-9.355467E+1	1.893857E+2
1.119265E+1	-8.573367E+1	5.026537E+1
1.120513E+1	-8.521194E+1	5.917064E+1
1.121760E+1	-8.967832E+1	1.644104E+2
1.123007E+1	-8.407340E+1	8.478240E+1
1.124255E+1	-8.587698E+1	6.724528E+1
1.125502E+1	-8.317041E+1	9.678015E+1
1.126750E+1	-8.705493E+1	2.202197E+2
1.127998E+1	-8.228057E+1	2.488707E+2
1.129245E+1	-8.302695E+1	2.039957E+2
1.130493E+1	-8.222938E+1	1.726611E+2
1.131740E+1	-7.712267E+1	1.621988E+2
1.132987E+1	-9.213519E+1	1.509007E+2
1.134235E+1	-8.180962E+1	-5.665708E+0
1.135482E+1	-8.257918E+1	2.689366E+2
1.136730E+1	-8.722042E+1	2.148208E+2
1.137978E+1	-8.913965E+1	1.690992E+2
1.139225E+1	-9.014175E+1	2.565176E+2
1.140472E+1	-8.789662E+1	1.876204E+2
1.141720E+1	-8.976242E+1	9.476746E+1
1.142967E+1	-9.171006E+1	6.556603E+1
1.144215E+1	-8.995322E+1	-7.531702E+1
1.145463E+1	-8.721382E+1	-2.210098E+1
1.146710E+1	-8.637176E+1	3.517254E+1
1.147958E+1	-8.456934E+1	1.236614E+2
1.149205E+1	-1.016096E+2	9.554666E+1
1.150452E+1	-8.949129E+1	8.520140E+1
1.151700E+1	-9.503363E+1	2.662620E+2
1.152947E+1	-1.027517E+2	1.204479E+2
1.154195E+1	-9.017431E+1	-3.223252E+1
1.155443E+1	-8.802106E+1	9.542081E+1
1.156690E+1	-9.010014E+1	1.053436E+2
1.157938E+1	-8.682869E+1	7.691877E+0
1.159185E+1	-8.891764E+1	4.467018E+1
1.160432E+1	-8.493014E+1	2.557298E+2
1.161680E+1	-8.492416E+1	2.190434E+2
1.162927E+1	-8.577724E+1	1.086105E+2
1.164175E+1	-8.681326E+1	1.333434E+2
1.165423E+1	-8.325637E+1	2.307481E+2
1.166670E+1	-8.016986E+1	7.850168E+1
1.167918E+1	-8.826887E+1	-4.219541E+1
1.169165E+1	-8.617737E+1	3.002754E+1
1.170412E+1	-8.908839E+1	4.476366E+1
1.171660E+1	-8.469439E+1	8.161861E+1
1.172907E+1	-9.730070E+1	1.250055E+2
1.174155E+1	-8.851640E+1	2.666793E+2
1.175403E+1	-8.135443E+1	1.805792E+0
1.176650E+1	-8.585419E+1	3.486811E+1
1.177898E+1	-8.389354E+1	1.590094E+2
1.179145E+1	-8.479479E+1	5.541380E-3
1.180392E+1	-9.775682E+1	4.579359E+1
1.181640E+1	-8.712614E+1	8.646103E+1
1.182888E+1	-8.121616E+1	2.215874E+2
1.184135E+1	-8.425426E+1	2.625187E+2
1.185383E+1	-8.796827E+1	-3.428053E+0
1.186630E+1	-9.023416E+1	2.793706E+2
1.187877E+1	-9.600549E+1	2.613184E+2
1.189125E+1	-8.781436E+1	-1.851406E+1
1.190372E+1	-9.804684E+1	1.234905E+2
1.191620E+1	-9.303991E+1	2.449692E+2
1.192868E+1	-9.500051E+1	8.598891E+1
1.194115E+1	-8.810838E+1	9.698119E+1
1.195363E+1	-8.299065E+1	2.237730E+2
1.196610E+1	-8.920827E+1	-6.477645E+1
1.197857E+1	-9.065587E+1	1.173790E+2
1.199105E+1	-8.484365E+1	-5.955481E+0
1.200352E+1	-8.698528E+1	2.486371E+2
1.201600E+1	-1.006293E+2	1.503181E+2
1.202848E+1	-8.285761E+1	1.591253E+2
1.204095E+1	-8.776260E+1	2.224929E+2
1.205343E+1	-8.734239E+1	2.192357E+2
1.206590E+1	-8.546761E+1	2.233268E+2
1.207837E+1	-9.609257E+1	1.000399E+2
1.209085E+1	-9.212755E+1	1.476064E+1
1.210332E+1	-8.381786E+1	1.288198E+2
1.211580E+1	-7.644306E+1	5.273222E+1
1.212828E+1	-8.699931E+1	-7.765421E+1
1.214075E+1	-1.032833E+2	1.749037E+2
1.215323E+1	-8.509161E+1	1.656894E+2
1.216570E+1	-9.146879E+1	2.415952E+2
1.217817E+1	-9.352930E+1	2.375325E+2
1.219065E+1	-9.058064E+1	1.754429E+2
1.220313E+1	-7.841468E+1	6.648779E+1
1.221560E+1	-8.205542E+1	2.206211E+2
1.222808E+1	-8.477983E+1	-6.333071E+1
1.224055E+1	-8.389294E+1	1.667433E+2
1.225302E+1	-8.629454E+1	2.308458E+2
1.226550E+1	-8.576730E+1	-4.783368E+0
1.227797E+1	-8.756416E+1	1.380130E+2
1.229045E+1	-9.528174E+1	-6.015087E-2
1.230293E+1	-8.185236E+1	-3.526229E+1
1.231540E+1	-8.842580E+1	1.996905E+2
1.232788E+1	-9.993768E+1	1.247033E+2
1.234035E+1	-1.090466E+2	-3.402606E+1
1.235282E+1	-8.342952E+1	-7.462486E+1
1.236530E+1	-8.939946E+1	1.121560E+2
1.237777E+1	-8.043024E+1	1.861547E+2
1.239025E+1	-7.954439E+1	-1.893521E+1
1.240273E+1	-8.587815E+1	2.193644E+2
1.241520E+1	-8.402458E+1	-5.287676E+1
1.242768E+1	-8.320877E+1	1.544931E+2
1.244015E+1	-9.412746E+1	2.236055E+2
1.245262E+1	-8.732277E+1	1.293805E+2
1.246510E+1	-8.292971E+1	4.321035E+1
1.247757E+1	-8.257078E+1	2.548097E+2
1.249005E+1	-9.159941E+1	-2.918201E+0
1.250253E+1	-8.924251E+1	-3.742270E+1
1.251500E+1	-8.276523E+1	9.574017E+1
1.252748E+1	-8.225465E+1	-3.404859E+1
1.253995E+1	-8.289227E+1	-7.864468E+0
1.255242E+1	-8.266351E+1	1.947897E+2
1.256490E+1	-1.019021E+2	2.755159E+2
1.257737E+1	-8.159979E+1	2.933739E-1
1.258985E+1	-7.794177E+1	-4.675229E+0
1.260233E+1	-8.669714E+1	9.170179E+1
1.261480E+1	-9.072070E+1	-7.472190E+0
1.262727E+1	-9.121375E+1	1.454962E+2
1.263975E+1	-8.401810E+1	2.399595E+2
1.265222E+1	-8.486177E+1	1.750653E+2
1.266470E+1	-8.164745E+1	1.718368E+2
1.267718E+1	-8.914204E+1	2.157828E+2
1.268965E+1	-9.389919E+1	2.274300E+2
1.270213E+1	-8.448750E+1	2.371021E+2
1.271460E+1	-8.058330E+1	2.659953E+2
1.272707E+1	-9.581113E+1	1.366654E+0
1.273955E+1	-9.149308E+1	1.556085E+2
1.275202E+1	-9.271046E+1	-4.096199E+1
1.276450E+1	-8.549091E+1	5.536948E+1
1.277698E+1	-9.025993E+1	2.561768E+2
1.278945E+1	-8.420905E+1	2.013610E+0
1.280193E+1	-8.099877E+1	1.194456E+2
1.281440E+1	-8.182859E+1	1.166249E+2
1.282687E+1	-9.124911E+1	-3.039927E+1
1.283935E+1	-8.119337E+1	1.211957E+2
1.285182E+1	-8.332067E+1	2.437082E+2
1.286430E+1	-8.343568E+1	1.082956E+2
1.287678E+1	-9.402599E+1	1.746536E+2
1.288925E+1	-8.206514E+1	-2.604075E+1
1.290173E+1	-8.726490E+1	2.177840E+2
1.291420E+1	-8.472191E+1	2.014044E+2
1.292667E+1	-7.921341E+1	1.025994E+2
1.293915E+1	-8.678463E+1	6.964278E+1
1.295162E+1	-8.276649E+1	7.036600E+1
1.296410E+1	-8.668723E+1	-3.499911E+1
1.297658E+1	-8.801374E+1	3.105773E+1
1.298905E+1	-9.438145E+1	1.105880E+2
1.300153E+1	-9.173397E+1	4.427542E+1
1.301400E+1	-8.707622E+1	1.334371E+2
1.302647E+1	-7.845762E+1	6.983912E+1
1.303895E+1	-8.878075E+1	4.450993E+1
1.305143E+1	-8.917487E+1	-7.012206E+1
1.306390E+1	-8.860775E+1	2.685402E+2
1.307638E+1	-8.217820E+1	-4.181825E+1
1.308885E+1	-8.679422E+1	-5.952037E+1
1.310132E+1	-8.901779E+1	-5.586477E+1
1.311380E+1	-1.015948E+2	7.726012E+1
1.312627E+1	-8.658754E+1	1.340684E+1
1.313875E+1	-8.342601E+1	1.942547E+2
1.315123E+1	-8.241006E+1	2.598378E+2
1.316370E+1	-8.117103E+1	2.245656E+2
1.317618E+1	-8.595677E+1	1.015808E+2
1.318865E+1	-7.853851E+1	-3.281646E+1
1.320112E+1	-7.919823E+1	4.047535E+1
1.321360E+1	-8.714471E+1	1.643654E+2
1.322607E+1	-9.194707E+1	2.331768E+2
1.323855E+1	-8.790656E+1	-7.157680E+1
1.325103E+1	-8.479890E+1	1.791522E+2
1.326350E+1	-8.345768E+1	2.717933E+2
1.327598E+1	-8.008944E+1	2.647691E+2
1.328845E+1	-7.988081E+1	9.190865E+1
1.330092E+1	-8.301321E+1	8.179987E+1
1.331340E+1	-8.877940E+1	2.142997E+2
1.332587E+1	-8.668609E+1	-1.958512E+1
1.333835E+1	-8.286761E+1	1.026199E+1
1.335083E+1	-8.763271E+1	8.581373E+1
1.336330E+1	-7.826010E+1	7.506924E+1
1.337578E+1	-7.967467E+1	-6.928910E+1
1.338825E+1	-8.481229E+1	1.745164E+2
1.340072E+1	-8.380157E+1	6.868407E+1
1.341320E+1	-7.982394E+1	1.466888E+2
1.342568E+1	-8.132858E+1	1.828440E+2
1.343815E+1	-9.072171E+1	2.380545E+2
1.345063E+1	-9.797043E+1	-6.721633E+1
1.346310E+1	-8.342609E+1	2.333248E+2
1.347557E+1	-8.993500E+1	-6.839536E+1
1.348805E+1	-8.698447E+1	1.226682E+2
1.350052E+1	-8.846408E+1	2.501071E+2
1.351300E+1	-8.435974E+1	9.179597E+0
1.352548E+1	-9.163881E+1	1.012597E+2
1.353795E+1	-1.027001E+2	6.406250E+0
1.355043E+1	-8.418570E+1	1.593931E+2
1.356290E+1	-7.807522E+1	8.927219E+1
1.357537E+1	-8.112303E+1	1.949619E+2
1.358785E+1	-8.516593E+1	7.804951E+1
1.360032E+1	-9.054005E+1	-7.797752E+1
1.361280E+1	-8.507756E+1	-7.907713E+1
1.362528E+1	-8.214722E+1	2.761678E+2
1.363775E+1	-8.666544E+1	2.215155E+2
1.365023E+1	-1.013137E+2	1.764421E+2
1.366270E+1	-8.508892E+1	1.000907E+2
1.367517E+1	-8.199286E+1	1.109266E+2
1.368765E+1	-9.056672E+1	2.066545E+2
1.370012E+1	-8.365985E+1	5.339513E+1
1.371260E+1	-8.397891E+1	2.351490E+2
1.372508E+1	-8.612348E+1	-3.773700E+0
1.373755E+1	-8.886197E+1	2.047121E+2
1.375003E+1	-8.991232E+1	-5.020148E+1
1.376250E+1	-9.353212E+1	9.338717E-1
1.377497E+1	-8.130114E+1	1.102341E+2
1.378745E+1	-8.587370E+1	1.141320E+2
1.379992E+1	-8.514328E+1	1.233159E+2
1.381240E+1	-8.824523E+1	4.077459E+1
1.382488E+1	-8.705681E+1	2.303859E+2
1.383735E+1	-8.153618E+1	1.739285E+1
1.384982E+1	-9.101820E+1	2.211700E+2
1.386230E+1	-8.769263E+1	9.273820E+1
1.387477E+1	-7.979387E+1	1.790860E+1
1.388725E+1	-8.884482E+1	-7.595043E+1
1.389973E+1	-8.561584E+1	2.366354E+2
1.391220E+1	-8.931823E+1	-5.517184E+1
1.392468E+1	-9.755743E+1	2.613521E+2
1.393715E+1	-9.574152E+1	2.074855E+2
1.394962E+1	-8.663055E+1	2.705781E+2
1.396210E+1	-8.492151E+1	2.068913E+2
1.397457E+1	-9.000806E+1	4.844943E+0
1.398705E+1	-8.200401E+1	1.452838E+2
1.399953E+1	-8.256660E+1	-5.714122E+1
1.401200E+1	-9.090676E+1	1.806724E+2
1.402448E+1	-8.551627E+1	1.314745E+2
1.403695E+1	-8.527989E+1	-6.563902E+1
1.404942E+1	-8.686051E+1	5.706685E+1
1.406190E+1	-8.798551E+1	-4.804990E+1
1.407437E+1	-9.681733E+1	1.545275E+2
1.408685E+1	-8.699381E+1	1.193014E+2
1.409933E+1	-9.653030E+1	5.888872E+1
1.411180E+1	-1.023801E+2	-6.654337E+1
1.412428E+1	-9.040242E+1	3.606676E+1
1.413675E+1	-8.942484E+1	9.032029E+1
1.414922E+1	-8.099561E+1	1.085071E+2
1.416170E+1	-8.609681E+1	2.928224E+1
1.417417E+1	-9.039624E+1	-2.833190E+1
1.418665E+1	-8.647019E+1	2.404996E+2
1.419913E+1	-8.149859E+1	7.093581E+1
1.421160E+1	-8.218548E+1	3.032875E+1
1.422407E+1	-8.608768E+1	1.142489E+2
1.423655E+1	-8.176675E+1	1.127713E+2
1.424902E+1	-8.340244E+1	-3.158402E+1
1.426150E+1	-7.736861E+1	1.446601E+2
1.427398E+1	-8.428252E+1	1.191189E+2
1.428645E+1	-8.083752E+1	-7.375236E+1
1.429893E+1	-9.186929E+1	6.351712E+0
1.431140E+1	-8.369534E+1	1.592867E+2
1.432387E+1	-8.437419E+1	-5.621724E+1
1.433635E+1	-8.897532E+1	1.664207E+2
1.434882E+1	-9.010492E+1	2.820660E+1
1.436130E+1	-8.567540E+1	-5.989211E+1
1.437378E+1	-8.724934E+1	-5.636012E+0
1.438625E+1	-8.677661E+1	1.464091E+2
1.439873E+1	-7.872982E+1	1.798911E+2
1.441120E+1	-8.139990E+1	1.219924E+2
1.442367E+1	-8.581944E+1	1.268912E+2
1.443615E+1	-7.890033E+1	2.762200E+2
1.444862E+1	-8.647641E+1	1.703548E+2
1.446110E+1	-8.337868E+1	1.481174E+2
1.447358E+1	-8.798844E+1	2.534514E+2
1.448605E+1	-8.464938E+1	-5.376313E+1
1.449853E+1	-9.574706E+1	-1.746843E+1
1.451100E+1	-8.394109E+1	2.381972E+1
1.452347E+1	-9.371496E+1	1.116366E+2
1.453595E+1	-8.076361E+1	1.165022E+2
1.454842E+1	-8.899585E+1	2.146603E+2
1.456090E+1	-8.711726E+1	-7.506070E+1
1.457338E+1	-8.070985E+1	1.083619E+2
1.458585E+1	-9.659333E+1	2.422425E+2
1.459833E+1	-9.312275E+1	3.500129E+1
1.461080E+1	-9.123407E+1	1.361641E+2
1.462327E+1	-8.005039E+1	1.396421E+2
1.463575E+1	-9.753432E+1	2.141384E+2
1.464823E+1	-8.413351E+1	2.354587E+2
1.466070E+1	-9.585872E+1	-2.760692E+1
1.467318E+1	-8.721755E+1	-7.802071E+1
1.468565E+1	-8.455596E+1	-2.910249E+1
1.469812E+1	-8.980675E+1	2.732220E+2
1.471060E+1	-9.813046E+1	-7.768933E+0
1.472307E+1	-8.285805E+1	1.745608E+2
1.473555E+1	-7.786802E+1	1.327768E+2
1.474803E+1	-9.004832E+1	-6.860590E+1
1.476050E+1	-8.507326E+1	2.187086E+2
1.477298E+1	-8.585017E+1	1.328806E+2
1.478545E+1	-9.016810E+1	7.525249E+1
1.479792E+1	-8.043207E+1	2.036155E+1
1.481040E+1	-8.992276E+1	5.987172E+1
1.482287E+1	-8.372746E+1	1.968270E+2
1.483535E+1	-8.536404E+1	1.486523E+2
1.484783E+1	-9.315116E+1	-5.226167E+1
1.486030E+1	-8.749200E+1	-3.068518E+1
1.487278E+1	-9.293693E+1	1.704592E+2
1.488525E+1	-8.096842E+1	-4.656519E+1
1.489772E+1	-8.883777E+1	3.971408E+1
1.491020E+1	-9.412801E+1	2.320874E+2
1.492267E+1	-7.899775E+1	2.280590E+2
1.493515E+1	-8.614405E+1	-3.744693E+1
1.494763E+1	-9.080125E+1	1.841412E+2
1.496010E+1	-8.358177E+1	8.535015E+1
1.497258E+1	-1.043484E+2	2.543520E+0
1.498505E+1	-8.097032E+1	2.437030E+2
1.499752E+1	-8.648895E+1	4.906095E+0
1.501000E+1	-9.046609E+1	2.701176E+2
1.502248E+1	-8.899831E+1	3.008469E+1
1.503495E+1	-7.936993E+1	5.840854E+1
1.504743E+1	-8.814954E+1	5.546127E+1
1.505990E+1	-7.941672E+1	1.198652E+2
1.507237E+1	-8.132838E+1	1.762703E+2
1.508485E+1	-8.816502E+1	2.607393E+1
1.509732E+1	-8.883543E+1	5.828601E+1
1.510980E+1	-8.516563E+1	-6.709557E+1
1.512228E+1	-9.145596E+1	2.585608E+2
1.513475E+1	-8.186906E+1	-1.505246E+1
1.514723E+1	-7.889816E+1	6.494873E+1
1.515970E+1	-8.048231E+1	-4.882315E+1
1.517217E+1	-8.342047E+1	1.920942E+2
1.518465E+1	-8.015639E+1	-3.839251E+1
1.519712E+1	-8.102646E+1	-4.955968E+1
1.520960E+1	-8.832069E+1	-7.595971E+1
1.522208E+1	-9.137918E+1	6.248156E+1
1.523455E+1	-8.753510E+1	-7.120010E+1
1.524703E+1	-8.130339E+1	-3.481599E+1
1.525950E+1	-8.342252E+1	-1.227647E+1
1.527197E+1	-8.615943E+1	6.114656E+1
1.528445E+1	-9.165508E+1	5.518009E+1
1.529692E+1	-9.146301E+1	9.078598E+1
1.530940E+1	-8.514447E+1	-6.024275E+1
1.532188E+1	-8.284435E+1	2.135181E+2
1.533435E+1	-8.499313E+1	1.191261E+2
1.534683E+1	-8.778004E+1	-6.651044E+0
1.535930E+1	-8.438386E+1	8.656087E+1
1.537177E+1	-8.474664E+1	-3.538652E+0
1.538425E+1	-8.437605E+1	1.251228E+2
1.539672E+1	-8.275194E+1	2.567034E+2
1.540920E+1	-8.245661E+1	4.935610E+1
1.542168E+1	-8.631689E+1	9.923380E+1
1.543415E+1	-8.166730E+1	7.542907E+1
1.544662E+1	-8.521288E+1	-4.237783E+1
1.545910E+1	-8.396094E+1	2.525126E+2
1.547157E+1	-9.207587E+1	-4.395157E+1
1.548405E+1	-8.800363E+1	2.418451E+2
1.549653E+1	-8.106312E+1	2.528747E+2
1.550900E+1	-8.521049E+1	-2.233788E+1
1.552148E+1	-8.358797E+1	-5.857987E+0
1.553395E+1	-8.928611E+1	-5.056409E+1
1.554642E+1	-8.766598E+1	1.225754E+2
1.555890E+1	-8.126584E+1	1.297021E+2
1.557137E+1	-8.292444E+1	2.383855E+2
1.558385E+1	-8.897383E+1	2.756389E+2
1.559633E+1	-8.557316E+1	2.077477E+2
1.560880E+1	-9.465351E+1	2.482380E+2
1.562128E+1	-7.863974E+1	2.290509E+2
1.563375E+1	-8.232420E+1	3.756129E+1
1.564622E+1	-8.425730E+1	1.921383E+2
1.565870E+1	-8.267654E+1	2.350911E+2
1.567117E+1	-7.925835E+1	1.041444E+2
1.568365E+1	-8.390954E+1	1.722928E+2
1.569613E+1	-8.404790E+1	4.705463E+1
1.570860E+1	-9.054285E+1	6.185429E+1
1.572108E+1	-8.299595E+1	1.488956E+2
1.573355E+1	-8.404481E+1	1.605145E+2
1.574602E+1	-8.387539E+1	8.283430E+1
1.575850E+1	-1.005980E+2	-5.494920E+1
1.577097E+1	-8.347972E+1	1.435445E+2
1.578345E+1	-8.662305E+1	1.525352E+2
1.579593E+1	-9.328413E+1	2.370818E+2
1.580840E+1	-8.093893E+1	1.035518E+2
1.582087E+1	-9.966918E+1	2.409980E+2
1.583335E+1	-8.898515E+1	-7.523058E+1
1.584582E+1	-8.649656E+1	-5.607747E+1
1.585830E+1	-8.400504E+1	2.695839E+2
1.587078E+1	-8.259866E+1	2.432103E+2
1.588325E+1	-8.416952E+1	2.608612E+2
1.589573E+1	-8.498297E+1	8.707689E+1
1.590820E+1	-7.914297E+1	1.960384E+2
1.592067E+1	-8.034934E+1	2.603042E+2
1.593315E+1	-7.766890E+1	8.263442E+1
1.594562E+1	-9.097526E+1	2.452113E+2
1.595810E+1	-8.376286E+1	-4.334650E+1
1.597058E+1	-8.940671E+1	7.759636E+1
1.598305E+1	-9.171920E+1	1.441652E+2
1.599553E+1	-8.847782E+1	1.325543E+1
1.600800E+1	-8.318803E+1	-1.647017E+1
1.602048E+1	-9.365076E+1	6.066635E+1
1.603295E+1	-8.166163E+1	1.091545E+2
1.604543E+1	-7.885681E+1	-1.350030E+1
1.605790E+1	-8.023004E+1	-5.843112E+1
1.607037E+1	-8.751996E+1	2.100105E+2
1.608285E+1	-8.562106E+1	1.073371E+2
1.609532E+1	-8.320031E+1	2.282454E+2
1.610780E+1	-8.050091E+1	-7.290015E+1
1.612027E+1	-8.595649E+1	3.066151E+1
1.613275E+1	-7.949712E+1	1.394386E+2
1.614522E+1	-8.326012E+1	6.056236E+1
1.615770E+1	-8.988557E+1	-4.505129E+1
1.617018E+1	-8.512302E+1	1.089346E+2
1.618265E+1	-8.121211E+1	1.584260E+2
1.619513E+1	-8.658777E+1	8.731978E+1
1.620760E+1	-8.754110E+1	4.447731E+1
1.622008E+1	-9.246581E+1	2.344577E+1
1.623255E+1	-8.775649E+1	-4.973801E+0
1.624502E+1	-8.250627E+1	-3.946514E+1
1.625750E+1	-1.006549E+2	-6.517788E+1
1.626997E+1	-7.812854E+1	1.834211E+2
1.628245E+1	-8.067802E+1	2.192108E+2
1.629492E+1	-8.585508E+1	1.016733E+2
1.630740E+1	-8.053831E+1	-3.825191E+1
1.631987E+1	-8.755003E+1	2.598901E+2
1.633235E+1	-8.465150E+1	2.404838E+2
1.634483E+1	-8.878496E+1	1.400963E+2
1.635730E+1	-8.210208E+1	-7.166244E+1
1.636978E+1	-8.842966E+1	-4.082908E+1
1.638225E+1	-9.863406E+1	1.759664E+2
1.639473E+1	-1.127763E+2	2.322798E+2
1.640720E+1	-8.235499E+1	2.206934E+2
1.641968E+1	-8.315474E+1	-3.598551E+1
1.643215E+1	-7.925549E+1	2.298474E+2
1.644462E+1	-7.896741E+1	-4.406627E+1
1.645710E+1	-9.205211E+1	2.612125E+2
1.646957E+1	-8.229755E+1	1.943942E+2
1.648205E+1	-8.271623E+1	1.160185E+2
1.649452E+1	-8.194482E+1	8.073377E+1
1.650700E+1	-8.875179E+1	1.557690E+2
1.651947E+1	-8.206876E+1	6.643227E+1
1.653195E+1	-7.825816E+1	-2.732889E+1
1.654443E+1	-8.103669E+1	3.927484E+1
1.655690E+1	-8.326738E+1	-2.752165E+1
1.656938E+1	-1.047278E+2	1.958462E+2
1.658185E+1	-8.098961E+1	2.158161E+2
1.659433E+1	-9.104453E+1	-6.827554E+1
1.660680E+1	-7.985083E+1	1.137048E+2
1.661927E+1	-8.159183E+1	2.226094E+2
1.663175E+1	-9.366380E+1	6.937304E+1
1.664422E+1	-7.871529E+1	9.206810E+1
1.665670E+1	-8.227164E+1	1.611359E+2
1.666917E+1	-8.051411E+1	1.879688E+2
1.668165E+1	-8.467908E+1	6.805727E+1
1.669412E+1	-8.154294E+1	2.066971E+2
1.670660E+1	-8.574810E+1	2.578453E+1
1.671908E+1	-8.724265E+1	2.508165E+2
1.673155E+1	-1.006281E+2	7.147012E+1
1.674403E+1	-8.699631E+1	1.010665E+2
1.675650E+1	-9.124775E+1	1.743231E+2
1.676898E+1	-8.010542E+1	1.511756E+2
1.678145E+1	-8.394833E+1	1.366435E+2
1.679393E+1	-9.000153E+1	2.552784E+1
1.680640E+1	-7.927737E+1	2.170732E+1
1.681887E+1	-9.174065E+1	9.094971E+1
1.683135E+1	-8.648536E+1	1.912750E+1
1.684382E+1	-7.637486E+1	3.854507E+1
1.685630E+1	-9.517454E+1	-5.937176E+1
1.686877E+1	-8.739885E+1	1.203173E+2
1.688125E+1	-8.870649E+1	1.496817E+2
1.689372E+1	-8.990200E+1	2.768339E+2
1.690620E+1	-8.127594E+1	4.200175E+0
1.691868E+1	-8.156110E+1	2.148040E+2
1.693115E+1	-8.210445E+1	5.533284E+1
1.694363E+1	-9.728972E+1	2.413613E+2
1.695610E+1	-7.936082E+1	1.004045E+2
1.696858E+1	-8.731652E+1	2.173987E+2
1.698105E+1	-8.061001E+1	2.376950E+2
1.699353E+1	-8.886388E+1	-5.748834E+1
1.700600E+1	-7.935550E+1	-4.452217E+0
1.701847E+1	-7.893535E+1	4.558346E+1
1.703095E+1	-8.437922E+1	4.527211E+1
1.704342E+1	-8.770081E+1	-4.865706E+1
1.705590E+1	-8.988768E+1	1.949541E+2
1.706837E+1	-9.719849E+1	1.662757E+2
1.708085E+1	-7.906902E+1	1.455412E+2
1.709333E+1	-8.638405E+1	-1.642928E+1
1.710580E+1	-8.154327E+1	2.875760E+1
1.711828E+1	-7.919878E+1	1.229056E+2
1.713075E+1	-8.599485E+1	1.374781E+2
1.714323E+1	-8.509122E+1	1.193171E+2
1.715570E+1	-8.422248E+1	2.663943E+2
1.716818E+1	-8.469803E+1	2.795862E+2
1.718065E+1	-7.784560E+1	2.075573E+2
1.719312E+1	-9.178535E+1	1.650028E+2
1.720560E+1	-7.993984E+1	3.242343E+1
1.721807E+1	-8.313221E+1	1.330020E+2
1.723055E+1	-7.887665E+1	-5.799399E+1
1.724302E+1	-8.324162E+1	-1.970183E+1
1.725550E+1	-8.979592E+1	1.103290E+1
1.726797E+1	-8.438947E+1	2.127425E+2
1.728045E+1	-8.428139E+1	5.939061E+1
1.729293E+1	-7.795576E+1	7.626651E+1
1.730540E+1	-8.067699E+1	-6.655139E+1
1.731788E+1	-7.540092E+1	-4.048711E+1
1.733035E+1	-8.348431E+1	1.662372E+2
1.734283E+1	-8.743862E+1	-5.669701E+1
1.735530E+1	-8.354014E+1	4.550497E+1
1.736778E+1	-8.201317E+1	2.068903E+2
1.738025E+1	-8.337023E+1	2.774813E+1
1.739272E+1	-7.630793E+1	3.457928E+1
1.740520E+1	-9.316684E+1	2.323749E+2
1.741767E+1	-8.708732E+1	-3.918336E+1
1.743015E+1	-8.747635E+1	2.254556E+2
1.744262E+1	-7.896699E+1	8.344550E+1
1.745510E+1	-8.034843E+1	1.639483E+2
1.746758E+1	-8.288970E+1	1.909824E+1
1.748005E+1	-9.788097E+1	-1.513630E+1
1.749253E+1	-8.679831E+1	6.634737E+1
1.750500E+1	-8.174772E+1	4.440581E+1
1.751748E+1	-8.214619E+1	2.406294E+2
1.752995E+1	-8.090283E+1	7.391996E+1
1.754243E+1	-8.637529E+1	8.350048E+1
1.755490E+1	-8.520584E+1	9.894187E+1
1.756737E+1	-8.161160E+1	1.060202E+2
1.757985E+1	-8.709592E+1	-7.508677E+1
1.759232E+1	-8.082631E+1	7.821896E+1
1.760480E+1	-8.848455E+1	2.502133E+2
1.761727E+1	-7.902336E+1	2.535720E+2
1.762975E+1	-7.501753E+1	4.108786E+1
1.764222E+1	-8.102740E+1	2.363088E+2
1.765470E+1	-8.349818E+1	1.978884E+2
1.766718E+1	-9.243207E+1	3.459377E+1
1.767965E+1	-8.559559E+1	2.126618E+2
1.769213E+1	-8.550950E+1	1.285369E+1
1.770460E+1	-8.680401E+1	-6.605697E+0
1.771708E+1	-8.710383E+1	1.619605E+1
1.772955E+1	-8.686620E+1	1.379345E+2
1.774203E+1	-8.249644E+1	2.019554E+2
1.775450E+1	-7.760352E+1	7.179395E+1
1.776697E+1	-8.596791E+1	-4.868075E+1
1.777945E+1	-8.412664E+1	8.463311E+1
1.779192E+1	-7.962604E+1	1.985991E+2
1.780440E+1	-8.924860E+1	1.332987E+2
1.781687E+1	-7.655843E+1	-5.921859E+1
1.782935E+1	-7.821462E+1	2.765944E+2
1.784183E+1	-7.966525E+1	1.809847E+2
1.785430E+1	-1.182130E+2	2.056795E+2
1.786678E+1	-7.823090E+1	9.401757E+1
1.787925E+1	-8.919044E+1	4.141511E+1
1.789173E+1	-1.113532E+2	9.062593E+1
1.790420E+1	-8.799575E+1	9.031597E+1
1.791668E+1	-8.333949E+1	2.995605E+1
1.792915E+1	-8.159426E+1	1.031626E+2
1.794162E+1	-8.346458E+1	9.097976E+1
1.795410E+1	-8.544491E+1	1.639391E+2
1.796657E+1	-8.916834E+1	2.553984E+2
1.797905E+1	-7.970204E+1	2.353309E+2
1.799152E+1	-8.748150E+1	-9.725887E+0
1.800400E+1	-8.361524E+1	1.543764E+2
1.801647E+1	-7.948097E+1	-7.462357E+1
1.802895E+1	-8.267770E+1	2.436522E+2
1.804143E+1	-9.235549E+1	-9.828203E+0
1.805390E+1	-8.301390E+1	2.753976E+2
1.806638E+1	-8.353752E+1	-2.259300E-1
1.807885E+1	-8.245164E+1	2.713057E+2
1.809133E+1	-8.965961E+1	1.516672E+2
1.810380E+1	-8.741355E+1	2.764537E+2
1.811628E+1	-8.376641E+1	2.370613E+2
1.812875E+1	-7.902486E+1	-5.122273E+1
1.814122E+1	-8.564179E+1	1.703594E+1
1.815370E+1	-1.084285E+2	2.322226E+2
1.816617E+1	-8.427557E+1	1.787776E+2
1.817865E+1	-8.366213E+1	7.929053E+1
1.819112E+1	-8.571774E+1	-3.906949E+1
1.820360E+1	-9.038918E+1	-1.510754E+1
1.821608E+1	-8.301112E+1	-3.133045E+1
1.822855E+1	-8.306668E+1	2.639298E+2
1.824103E+1	-7.476972E+1	2.442986E+2
1.825350E+1	-8.559895E+1	-2.047601E+1
1.826598E+1	-8.035405E+1	8.381174E+1
1.827845E+1	-7.716446E+1	-5.544718E+1
1.829093E+1	-8.351597E+1	-5.884015E+1
1.830340E+1	-8.624631E+1	2.458040E+2
1.831587E+1	-8.099157E+1	4.156096E+1
1.832835E+1	-8.878356E+1	9.369454E+1
1.834082E+1	-8.923309E+1	-6.415813E+1
1.835330E+1	-9.022703E+1	-7.933079E+1
1.836577E+1	-8.146904E+1	2.607120E+2
1.837825E+1	-8.554910E+1	1.209314E+2
1.839072E+1	-8.958212E+1	-1.348533E-1
1.840320E+1	-8.153156E+1	2.534198E+2
1.841568E+1	-8.015940E+1	2.199632E+2
1.842815E+1	-9.028095E+1	1.670415E+2
1.844063E+1	-9.434487E+1	-2.627606E+1
1.845310E+1	-8.686259E+1	-2.791044E+0
1.846558E+1	-8.061199E+1	6.488520E+1
1.847805E+1	-8.778929E+1	-7.578846E+0
1.849053E+1	-8.577672E+1	-4.214791E+1
1.850300E+1	-8.046113E+1	6.661491E+1
1.851547E+1	-8.265165E+1	-4.617287E+0
1.852795E+1	-8.229188E+1	8.525903E+1
1.854042E+1	-9.230263E+1	-4.090195E+1
1.855290E+1	-8.197636E+1	2.342133E+1
1.856537E+1	-9.813190E+1	-1.823830E+0
1.857785E+1	-8.233302E+1	-2.907382E+1
1.859032E+1	-8.021322E+1	-6.146699E+1
1.860280E+1	-8.523683E+1	2.451089E+2
1.861528E+1	-8.034871E+1	4.156528E+1
1.862775E+1	-8.055021E+1	7.796458E+1
1.864023E+1	-8.276278E+1	6.285282E+0
1.865270E+1	-8.416026E+1	-6.385758E+1
1.866518E+1	-8.165905E+1	3.018483E+0
1.867765E+1	-8.054018E+1	4.076296E+1
1.869012E+1	-1.112062E+2	1.955076E+2
1.870260E+1	-7.730360E+1	8.463342E+0
1.871507E+1	-7.998425E+1	1.588633E+2
1.872755E+1	-9.187041E+1	1.463593E+2
1.874002E+1	-8.640233E+1	-4.228057E+1
1.875250E+1	-8.391065E+1	-6.763609E+0
1.876497E+1	-8.098335E+1	2.388040E+1
1.877745E+1	-8.266956E+1	1.460165E+1
1.878993E+1	-8.180130E+1	2.788731E+2
1.880240E+1	-9.424088E+1	4.740157E+1
1.881488E+1	-8.304035E+1	4.173215E+1
1.882735E+1	-7.896079E+1	2.308875E+2
1.883983E+1	-8.223698E+1	8.296105E+1
1.885230E+1	-8.833403E+1	1.310674E+2
1.886478E+1	-9.040399E+1	-2.209381E+1
1.887725E+1	-9.379204E+1	-1.221725E+1
1.888972E+1	-8.554258E+1	7.949606E+1
1.890220E+1	-8.923960E+1	-7.440797E+1
1.891467E+1	-8.662789E+1	-7.454713E+1
1.892715E+1	-8.466953E+1	1.572704E+2
1.893962E+1	-8.381394E+1	1.854182E+1
1.895210E+1	-7.705722E+1	1.097795E+1
1.896457E+1	-8.149883E+1	1.931108E+2
1.897705E+1	-8.641283E+1	-7.112952E+1
1.898953E+1	-8.532298E+1	-4.353502E+1
1.900200E+1	-7.974712E+1	-4.718691E+0
1.901448E+1	-8.214683E+1	1.369615E+2
1.902695E+1	-8.277325E+1	8.955268E+1
1.903943E+1	-9.237619E+1	4.745486E+1
1.905190E+1	-7.954504E+1	1.253659E+2
1.906437E+1	-7.483028E+1	2.978850E+1
1.907685E+1	-8.491586E+1	-7.553913E+1
1.908932E+1	-8.369989E+1	1.126682E+2
1.910180E+1	-7.847266E+1	1.924747E+2
1.911427E+1	-7.769125E+1	1.652001E+2
1.912675E+1	-9.334241E+1	1.918708E+2
1.913922E+1	-7.689260E+1	1.634032E+2
1.915170E+1	-7.540660E+1	8.021548E+1
1.916418E+1	-8.275527E+1	2.156696E+2
1.917665E+1	-8.194814E+1	1.642758E+2
1.918913E+1	-8.415825E+1	1.423054E+2
1.920160E+1	-8.915042E+1	8.553325E+1
1.921408E+1	-8.090170E+1	-1.760355E+1
1.922655E+1	-8.222576E+1	1.518721E+1
1.923903E+1	-7.724530E+1	2.398020E+0
1.925150E+1	-7.662759E+1	-7.463778E+1
1.926397E+1	-8.671253E+1	5.815811E+1
1.927645E+1	-9.310812E+1	1.858418E+2
1.928892E+1	-8.821139E+1	2.267438E+2
1.930140E+1	-7.951453E+1	2.307600E+1
1.931387E+1	-8.936691E+1	8.701623E+1
1.932635E+1	-9.195900E+1	-2.603443E+0
1.933882E+1	-8.726964E+1	1.128972E+1
1.935130E+1	-8.181771E+1	7.464722E+1
1.936378E+1	-9.698173E+1	2.519558E+2
1.937625E+1	-8.094132E+1	2.675858E+1
1.938873E+1	-8.168358E+1	-5.046648E+1
1.940120E+1	-8.900894E+1	2.647411E+2
1.941368E+1	-8.319347E+1	1.141536E+2
1.942615E+1	-8.390498E+1	1.211601E+2
1.943862E+1	-7.844418E+1	8.120779E+1
1.945110E+1	-7.950247E+1	5.782074E+1
1.946357E+1	-9.479575E+1	1.057308E+2
1.947605E+1	-8.393625E+1	1.817562E+2
1.948852E+1	-7.784006E+1	1.463886E+2
1.950100E+1	-8.197008E+1	1.314873E+2
1.951347E+1	-7.250244E+1	1.417053E+2
1.952595E+1	-9.469934E+1	5.034096E+1
1.953843E+1	-8.420913E+1	2.778860E+2
1.955090E+1	-8.011115E+1	-5.152979E+1
1.956338E+1	-8.497586E+1	-7.230935E+1
1.957585E+1	-9.332600E+1	-7.710161E+1
1.958833E+1	-8.476794E+1	-2.887430E+1
1.960080E+1	-9.232954E+1	-2.466874E+0
1.961328E+1	-8.610942E+1	5.876863E+1
1.962575E+1	-9.005735E+1	2.584749E+2
1.963822E+1	-8.414611E+1	5.342181E+1
1.965070E+1	-9.669271E+1	1.322657E+1
1.966317E+1	-7.978608E+1	1.222008E+1
1.967565E+1	-8.561511E+1	1.436606E+2
1.968812E+1	-9.206718E+1	5.427795E+1
1.970060E+1	-8.803395E+1	2.451693E+2
1.971307E+1	-8.746969E+1	-2.341683E+1
1.972555E+1	-8.427810E+1	1.282242E+2
1.973803E+1	-8.802325E+1	1.228723E+0
1.975050E+1	-9.431326E+1	-3.086856E+1
1.976298E+1	-7.987411E+1	1.294625E+2
1.977545E+1	-7.752155E+1	2.728018E+2
1.978793E+1	-7.946929E+1	1.297950E+1
1.980040E+1	-7.785934E+1	1.580917E+2
1.981287E+1	-7.930888E+1	3.398728E+1
1.982535E+1	-9.347623E+1	6.346939E+1
1.983782E+1	-8.595027E+1	2.000941E+2
1.985030E+1	-8.037545E+1	1.680383E+2
1.986277E+1	-8.350114E+1	1.237773E+2
1.987525E+1	-8.780325E+1	8.543269E+1
1.988772E+1	-8.598830E+1	1.922194E+2
1.990020E+1	-9.085735E+1	-5.525967E+1
1.991268E+1	-8.883095E+1	8.587718E+1
1.992515E+1	-7.822311E+1	6.224212E+1
1.993763E+1	-8.128559E+1	1.669545E+2
1.995010E+1	-7.970261E+1	-2.440314E+1
1.996258E+1	-7.763298E+1	-2.416470E+1
1.997505E+1	-7.879234E+1	2.377412E+2
1.998753E+1	-8.989465E+1	2.284101E+2
2.000000E+1	-8.267686E+1	3.594483E+1
