4.000000E-2	-3.836319E+1	-9.079315E+0
5.247500E-2	-3.587444E+1	2.007224E+1
6.495000E-2	-3.373547E+1	4.619228E+1
7.742500E-2	-3.148024E+1	7.374596E+1
8.990000E-2	-3.021023E+1	1.002687E+2
1.023750E-1	-2.856013E+1	1.258921E+2
1.148500E-1	-2.714207E+1	1.506131E+2
1.273250E-1	-2.591952E+1	1.748532E+2
1.398000E-1	-2.473890E+1	-1.609894E+2
1.522750E-1	-2.368465E+1	-1.373261E+2
1.647500E-1	-2.273100E+1	-1.138443E+2
1.772250E-1	-2.190676E+1	-9.071892E+1
1.897000E-1	-2.118395E+1	-6.745672E+1
2.021750E-1	-2.051303E+1	-4.422819E+1
2.146500E-1	-1.990656E+1	-2.122103E+1
2.271250E-1	-1.939261E+1	1.627120E+0
2.396000E-1	-1.894596E+1	2.454856E+1
2.520750E-1	-1.854400E+1	4.746349E+1
2.645500E-1	-1.818693E+1	7.038448E+1
2.770250E-1	-1.791913E+1	9.345919E+1
2.895000E-1	-1.770374E+1	1.164758E+2
3.019750E-1	-1.752555E+1	1.395950E+2
3.144500E-1	-1.736873E+1	1.624569E+2
3.269250E-1	-1.730643E+1	-1.745303E+2
3.394000E-1	-1.729838E+1	-1.514139E+2
3.518750E-1	-1.731985E+1	-1.280699E+2
3.643500E-1	-1.736436E+1	-1.047904E+2
3.768250E-1	-1.749432E+1	-8.146089E+1
3.893000E-1	-1.767873E+1	-5.788226E+1
4.017750E-1	-1.790841E+1	-3.400052E+1
4.142500E-1	-1.815273E+1	-9.861974E+0
4.267250E-1	-1.848939E+1	1.411117E+1
4.392000E-1	-1.886471E+1	3.863790E+1
4.516750E-1	-1.928301E+1	6.343516E+1
4.641500E-1	-1.973689E+1	8.864381E+1
4.766250E-1	-2.023885E+1	1.142453E+2
4.891000E-1	-2.078499E+1	1.405569E+2
5.015750E-1	-2.134486E+1	1.676130E+2
5.140500E-1	-2.186765E+1	-1.646182E+2
5.265250E-1	-2.237213E+1	-1.362700E+2
5.390000E-1	-2.282506E+1	-1.071443E+2
5.514750E-1	-2.317870E+1	-7.726937E+1
5.639500E-1	-2.340423E+1	-4.694329E+1
5.764250E-1	-2.347320E+1	-1.638494E+1
5.889000E-1	-2.340856E+1	1.399881E+1
6.013750E-1	-2.320192E+1	4.405113E+1
6.138500E-1	-2.289232E+1	7.338168E+1
6.263250E-1	-2.254668E+1	1.022697E+2
6.388000E-1	-2.216765E+1	1.303292E+2
6.512750E-1	-2.178278E+1	1.576539E+2
6.637500E-1	-2.142673E+1	-1.754598E+2
6.762250E-1	-2.109933E+1	-1.489960E+2
6.887000E-1	-2.081704E+1	-1.229440E+2
7.011750E-1	-2.056724E+1	-9.710156E+1
7.136500E-1	-2.037131E+1	-7.146863E+1
7.261250E-1	-2.021155E+1	-4.602036E+1
7.386000E-1	-2.009625E+1	-2.059575E+1
7.510750E-1	-2.002861E+1	4.737489E+0
7.635500E-1	-2.001172E+1	3.009809E+1
7.760250E-1	-2.004258E+1	5.551382E+1
7.885000E-1	-2.010822E+1	8.110695E+1
8.009750E-1	-2.019440E+1	1.068408E+2
8.134500E-1	-2.030372E+1	1.326669E+2
8.259250E-1	-2.045054E+1	1.585745E+2
8.384000E-1	-2.063492E+1	-1.752828E+2
8.508750E-1	-2.083972E+1	-1.488613E+2
8.633500E-1	-2.105700E+1	-1.221424E+2
8.758250E-1	-2.128261E+1	-9.510367E+1
8.883000E-1	-2.150506E+1	-6.776904E+1
9.007750E-1	-2.170164E+1	-4.011074E+1
9.132500E-1	-2.187286E+1	-1.218015E+1
9.257250E-1	-2.200511E+1	1.602506E+1
9.382000E-1	-2.211421E+1	4.421971E+1
9.506750E-1	-2.218414E+1	7.259613E+1
9.631500E-1	-2.221439E+1	1.010427E+2
9.756250E-1	-2.219134E+1	1.295102E+2
9.881000E-1	-2.212641E+1	1.579313E+2
1.000575E+0	-2.201566E+1	-1.737889E+2
1.013050E+0	-2.187456E+1	-1.457115E+2
1.025525E+0	-2.170892E+1	-1.178237E+2
1.038000E+0	-2.153695E+1	-9.020238E+1
1.050475E+0	-2.136053E+1	-6.274833E+1
1.062950E+0	-2.117461E+1	-3.551654E+1
1.075425E+0	-2.099415E+1	-8.455776E+0
1.087900E+0	-2.082343E+1	1.845285E+1
1.100375E+0	-2.066570E+1	4.528461E+1
1.112850E+0	-2.051136E+1	7.201514E+1
1.125325E+0	-2.037865E+1	9.857781E+1
1.137800E+0	-2.024992E+1	1.251309E+2
1.150275E+0	-2.014507E+1	1.517047E+2
1.162750E+0	-2.003767E+1	1.782843E+2
1.175225E+0	-1.994497E+1	-1.551998E+2
1.187700E+0	-1.985702E+1	-1.287097E+2
1.200175E+0	-1.978027E+1	-1.022105E+2
1.212650E+0	-1.971088E+1	-7.566220E+1
1.225125E+0	-1.964963E+1	-4.914529E+1
1.237600E+0	-1.960099E+1	-2.257568E+1
1.250075E+0	-1.955844E+1	4.257433E+0
1.262550E+0	-1.952337E+1	3.095482E+1
1.275025E+0	-1.948211E+1	5.765149E+1
1.287500E+0	-1.944019E+1	8.436932E+1
1.299975E+0	-1.939916E+1	1.110753E+2
1.312450E+0	-1.936593E+1	1.377873E+2
1.324925E+0	-1.933580E+1	1.645504E+2
1.337400E+0	-1.929824E+1	-1.686849E+2
1.349875E+0	-1.925645E+1	-1.418433E+2
1.362350E+0	-1.921251E+1	-1.150282E+2
1.374825E+0	-1.916229E+1	-8.835981E+1
1.387300E+0	-1.911899E+1	-6.150978E+1
1.399775E+0	-1.907146E+1	-3.462373E+1
1.412250E+0	-1.902104E+1	-7.768951E+0
1.424725E+0	-1.896503E+1	1.910254E+1
1.437200E+0	-1.890585E+1	4.588429E+1
1.449675E+0	-1.885073E+1	7.266782E+1
1.462150E+0	-1.879855E+1	9.943060E+1
1.474625E+0	-1.874678E+1	1.262508E+2
1.487100E+0	-1.869289E+1	1.530640E+2
1.499575E+0	-1.863468E+1	1.798453E+2
1.512050E+0	-1.857636E+1	-1.533719E+2
1.524525E+0	-1.852207E+1	-1.266237E+2
1.537000E+0	-1.846586E+1	-9.988856E+1
1.549475E+0	-1.840756E+1	-7.310859E+1
1.561950E+0	-1.833711E+1	-4.610888E+1
1.574425E+0	-1.827827E+1	-1.935789E+1
1.586900E+0	-1.821422E+1	7.361763E+0
1.599375E+0	-1.815429E+1	3.408540E+1
1.611850E+0	-1.809598E+1	6.079096E+1
1.624325E+0	-1.803585E+1	8.753117E+1
1.636800E+0	-1.797773E+1	1.142399E+2
1.649275E+0	-1.791894E+1	1.409165E+2
1.661750E+0	-1.785637E+1	1.676012E+2
1.674225E+0	-1.779501E+1	-1.657515E+2
1.686700E+0	-1.773377E+1	-1.390758E+2
1.699175E+0	-1.766881E+1	-1.124481E+2
1.711650E+0	-1.760809E+1	-8.580766E+1
1.724125E+0	-1.754803E+1	-5.920351E+1
1.736600E+0	-1.748865E+1	-3.258497E+1
1.749075E+0	-1.743202E+1	-6.125025E+0
1.761550E+0	-1.737757E+1	2.047671E+1
1.774025E+0	-1.732420E+1	4.705838E+1
1.786500E+0	-1.727171E+1	7.364037E+1
1.798975E+0	-1.721892E+1	1.002056E+2
1.811450E+0	-1.716923E+1	1.267377E+2
1.823925E+0	-1.712107E+1	1.532749E+2
1.836400E+0	-1.707410E+1	1.797897E+2
1.848875E+0	-1.702401E+1	-1.535178E+2
1.861350E+0	-1.698163E+1	-1.269797E+2
1.873825E+0	-1.694066E+1	-1.004311E+2
1.886300E+0	-1.690447E+1	-7.388286E+1
1.898775E+0	-1.686795E+1	-4.737068E+1
1.911250E+0	-1.683493E+1	-2.083103E+1
1.923725E+0	-1.680617E+1	5.700428E+0
1.936200E+0	-1.677839E+1	3.221984E+1
1.948675E+0	-1.674886E+1	5.874113E+1
1.961150E+0	-1.672535E+1	8.527808E+1
1.973625E+0	-1.669685E+1	1.118126E+2
1.986100E+0	-1.667192E+1	1.383410E+2
1.998575E+0	-1.664393E+1	1.648808E+2
2.011050E+0	-1.662107E+1	-1.685849E+2
2.023525E+0	-1.659539E+1	-1.420280E+2
2.036000E+0	-1.657136E+1	-1.154645E+2
2.048475E+0	-1.654672E+1	-8.889190E+1
2.060950E+0	-1.652964E+1	-6.235192E+1
2.073425E+0	-1.650027E+1	-3.576542E+1
2.085900E+0	-1.647815E+1	-9.172859E+0
2.098375E+0	-1.645364E+1	1.744222E+1
2.110850E+0	-1.642668E+1	4.404959E+1
2.123325E+0	-1.640178E+1	7.064619E+1
2.135800E+0	-1.637756E+1	9.728516E+1
2.148275E+0	-1.634987E+1	1.239305E+2
2.160750E+0	-1.632146E+1	1.505630E+2
2.173225E+0	-1.629695E+1	1.771852E+2
2.185700E+0	-1.626812E+1	-1.561368E+2
2.198175E+0	-1.624161E+1	-1.294904E+2
2.210650E+0	-1.621451E+1	-1.028336E+2
2.223125E+0	-1.618839E+1	-7.621584E+1
2.235600E+0	-1.616009E+1	-4.954951E+1
2.248075E+0	-1.613480E+1	-2.287905E+1
2.260550E+0	-1.611070E+1	3.795648E+0
2.273025E+0	-1.608487E+1	3.043929E+1
2.285500E+0	-1.606086E+1	5.706489E+1
2.297975E+0	-1.603865E+1	8.370609E+1
2.310450E+0	-1.601575E+1	1.103078E+2
2.322925E+0	-1.599278E+1	1.369114E+2
2.335400E+0	-1.596738E+1	1.635340E+2
2.347875E+0	-1.594539E+1	-1.698546E+2
2.360350E+0	-1.591945E+1	-1.432548E+2
2.372825E+0	-1.589377E+1	-1.166782E+2
2.385300E+0	-1.586986E+1	-9.007986E+1
2.397775E+0	-1.584327E+1	-6.350375E+1
2.410250E+0	-1.581660E+1	-3.690308E+1
2.422725E+0	-1.579045E+1	-1.032725E+1
2.435200E+0	-1.576373E+1	1.626275E+1
2.447675E+0	-1.573952E+1	4.284495E+1
2.460150E+0	-1.571157E+1	6.944180E+1
2.472625E+0	-1.568818E+1	9.602134E+1
2.485100E+0	-1.566518E+1	1.226068E+2
2.497575E+0	-1.563939E+1	1.492032E+2
2.510050E+0	-1.561383E+1	1.757967E+2
2.522525E+0	-1.558965E+1	-1.575984E+2
2.535000E+0	-1.556733E+1	-1.309988E+2
2.547475E+0	-1.554419E+1	-1.043956E+2
2.559950E+0	-1.551972E+1	-7.780127E+1
2.572425E+0	-1.549788E+1	-5.116764E+1
2.584900E+0	-1.547811E+1	-2.457966E+1
2.597375E+0	-1.545783E+1	2.035949E+0
2.609850E+0	-1.543947E+1	2.866543E+1
2.622325E+0	-1.542211E+1	5.530335E+1
2.634800E+0	-1.540761E+1	8.194044E+1
2.647275E+0	-1.538980E+1	1.085596E+2
2.659750E+0	-1.537766E+1	1.351465E+2
2.672225E+0	-1.536297E+1	1.617590E+2
2.684700E+0	-1.534466E+1	-1.716257E+2
2.697175E+0	-1.532823E+1	-1.450332E+2
2.709650E+0	-1.531232E+1	-1.184056E+2
2.722125E+0	-1.529722E+1	-9.179472E+1
2.734600E+0	-1.527957E+1	-6.520065E+1
2.747075E+0	-1.526557E+1	-3.859247E+1
2.759550E+0	-1.525062E+1	-1.198365E+1
2.772025E+0	-1.523337E+1	1.461769E+1
2.784500E+0	-1.521605E+1	4.120765E+1
2.796975E+0	-1.520155E+1	6.781999E+1
2.809450E+0	-1.518632E+1	9.442479E+1
2.821925E+0	-1.517117E+1	1.210231E+2
2.834400E+0	-1.515788E+1	1.476217E+2
2.846875E+0	-1.514355E+1	1.742348E+2
2.859350E+0	-1.512787E+1	-1.591831E+2
2.871825E+0	-1.511194E+1	-1.325800E+2
2.884300E+0	-1.509512E+1	-1.059846E+2
2.896775E+0	-1.507933E+1	-7.935454E+1
2.909250E+0	-1.506709E+1	-5.277241E+1
2.921725E+0	-1.505127E+1	-2.616494E+1
2.934200E+0	-1.503295E+1	4.251090E-1
2.946675E+0	-1.501722E+1	2.702968E+1
2.959150E+0	-1.500325E+1	5.364215E+1
2.971625E+0	-1.498701E+1	8.025476E+1
2.984100E+0	-1.496880E+1	1.068528E+2
2.996575E+0	-1.495708E+1	1.334630E+2
3.009050E+0	-1.494095E+1	1.600705E+2
3.021525E+0	-1.492678E+1	-1.733223E+2
3.034000E+0	-1.490994E+1	-1.467237E+2
3.046475E+0	-1.489654E+1	-1.201373E+2
3.058950E+0	-1.487913E+1	-9.354066E+1
3.071425E+0	-1.486564E+1	-6.690049E+1
3.083900E+0	-1.484965E+1	-4.032455E+1
3.096375E+0	-1.483267E+1	-1.371882E+1
3.108850E+0	-1.481657E+1	1.288024E+1
3.121325E+0	-1.480253E+1	3.949282E+1
3.133800E+0	-1.478658E+1	6.609165E+1
3.146275E+0	-1.476894E+1	9.271622E+1
3.158750E+0	-1.475559E+1	1.193470E+2
3.171225E+0	-1.474036E+1	1.459823E+2
3.183700E+0	-1.473072E+1	1.726128E+2
3.196175E+0	-1.471518E+1	-1.607527E+2
3.208650E+0	-1.470429E+1	-1.341411E+2
3.221125E+0	-1.469089E+1	-1.075411E+2
3.233600E+0	-1.468095E+1	-8.091553E+1
3.246075E+0	-1.466517E+1	-5.433231E+1
3.258550E+0	-1.465389E+1	-2.765007E+1
3.271025E+0	-1.464571E+1	-1.053007E+0
3.283500E+0	-1.463574E+1	2.557793E+1
3.295975E+0	-1.462595E+1	5.217066E+1
3.308450E+0	-1.461651E+1	7.878653E+1
3.320925E+0	-1.460617E+1	1.053702E+2
3.333400E+0	-1.459111E+1	1.319924E+2
3.345875E+0	-1.458353E+1	1.586005E+2
3.358350E+0	-1.457334E+1	-1.748025E+2
3.370825E+0	-1.456536E+1	-1.482003E+2
3.383300E+0	-1.455544E+1	-1.216109E+2
3.395775E+0	-1.454464E+1	-9.502111E+1
3.408250E+0	-1.453395E+1	-6.843977E+1
3.420725E+0	-1.452197E+1	-4.184352E+1
3.433200E+0	-1.450963E+1	-1.524513E+1
3.445675E+0	-1.449481E+1	1.134765E+1
3.458150E+0	-1.448543E+1	3.793917E+1
3.470625E+0	-1.447344E+1	6.456106E+1
3.483100E+0	-1.445997E+1	9.118071E+1
3.495575E+0	-1.444556E+1	1.177812E+2
3.508050E+0	-1.443135E+1	1.444159E+2
3.520525E+0	-1.442134E+1	1.710416E+2
3.533000E+0	-1.441654E+1	-1.622902E+2
3.545475E+0	-1.440775E+1	-1.356511E+2
3.557950E+0	-1.439663E+1	-1.090756E+2
3.570425E+0	-1.439451E+1	-8.240388E+1
3.582900E+0	-1.438745E+1	-5.576759E+1
3.595375E+0	-1.437762E+1	-2.911459E+1
3.607850E+0	-1.437159E+1	-2.506294E+0
3.620325E+0	-1.436879E+1	2.412580E+1
3.632800E+0	-1.436539E+1	5.076030E+1
3.645275E+0	-1.436655E+1	7.736802E+1
3.657750E+0	-1.435671E+1	1.039683E+2
3.670225E+0	-1.435557E+1	1.305923E+2
3.682700E+0	-1.435113E+1	1.571989E+2
3.695175E+0	-1.434588E+1	-1.761734E+2
3.707650E+0	-1.434190E+1	-1.495567E+2
3.720125E+0	-1.433858E+1	-1.229331E+2
3.732600E+0	-1.433365E+1	-9.635130E+1
3.745075E+0	-1.432907E+1	-6.976200E+1
3.757550E+0	-1.431975E+1	-4.316770E+1
3.770025E+0	-1.431367E+1	-1.657986E+1
3.782500E+0	-1.430298E+1	1.001343E+1
3.794975E+0	-1.429427E+1	3.663232E+1
3.807450E+0	-1.427926E+1	6.315704E+1
3.819925E+0	-1.427402E+1	8.977013E+1
3.832400E+0	-1.426602E+1	1.163970E+2
3.844875E+0	-1.425825E+1	1.430122E+2
3.857350E+0	-1.425254E+1	1.696344E+2
3.869825E+0	-1.423391E+1	-1.636120E+2
3.882300E+0	-1.422482E+1	-1.369623E+2
3.894775E+0	-1.421783E+1	-1.102936E+2
3.907250E+0	-1.421353E+1	-8.362937E+1
3.919725E+0	-1.420620E+1	-5.697631E+1
3.932200E+0	-1.420095E+1	-3.034517E+1
3.944675E+0	-1.419456E+1	-3.687930E+0
3.957150E+0	-1.419052E+1	2.297729E+1
3.969625E+0	-1.418647E+1	4.960792E+1
3.982100E+0	-1.418314E+1	7.628288E+1
3.994575E+0	-1.417743E+1	1.029265E+2
4.007050E+0	-1.417734E+1	1.295708E+2
4.019525E+0	-1.417178E+1	1.562047E+2
4.032000E+0	-1.417020E+1	-1.771635E+2
4.044475E+0	-1.416479E+1	-1.505478E+2
4.056950E+0	-1.416035E+1	-1.238886E+2
4.069425E+0	-1.415610E+1	-9.724885E+1
4.081900E+0	-1.415191E+1	-7.061676E+1
4.094375E+0	-1.415043E+1	-4.400634E+1
4.106850E+0	-1.414217E+1	-1.737379E+1
4.119325E+0	-1.414033E+1	9.253742E+0
4.131800E+0	-1.412917E+1	3.586346E+1
4.144275E+0	-1.412084E+1	6.249581E+1
4.156750E+0	-1.411581E+1	8.914163E+1
4.169225E+0	-1.410476E+1	1.156452E+2
4.181700E+0	-1.409713E+1	1.423191E+2
4.194175E+0	-1.408917E+1	1.689567E+2
4.206650E+0	-1.408538E+1	-1.644398E+2
4.219125E+0	-1.407705E+1	-1.377685E+2
4.231600E+0	-1.406590E+1	-1.111320E+2
4.244075E+0	-1.404856E+1	-8.432275E+1
4.256550E+0	-1.404565E+1	-5.763403E+1
4.269025E+0	-1.403961E+1	-3.095595E+1
4.281500E+0	-1.403691E+1	-4.295457E+0
4.293975E+0	-1.403220E+1	2.234187E+1
4.306450E+0	-1.402435E+1	4.901095E+1
4.318925E+0	-1.401759E+1	7.569563E+1
4.331400E+0	-1.401348E+1	1.023528E+2
4.343875E+0	-1.401156E+1	1.290227E+2
4.356350E+0	-1.400619E+1	1.556766E+2
4.368825E+0	-1.400355E+1	-1.776746E+2
4.381300E+0	-1.399769E+1	-1.510187E+2
4.393775E+0	-1.399345E+1	-1.244124E+2
4.406250E+0	-1.398182E+1	-9.775630E+1
4.418725E+0	-1.397496E+1	-7.108664E+1
4.431200E+0	-1.396891E+1	-4.440846E+1
4.443675E+0	-1.396495E+1	-1.774943E+1
4.456150E+0	-1.396052E+1	8.890197E+0
4.468625E+0	-1.395523E+1	3.551832E+1
4.481100E+0	-1.395149E+1	6.217091E+1
4.493575E+0	-1.394385E+1	8.879804E+1
4.506050E+0	-1.393372E+1	1.154541E+2
4.518525E+0	-1.392369E+1	1.421149E+2
4.531000E+0	-1.391349E+1	1.687843E+2
4.543475E+0	-1.390760E+1	-1.645489E+2
4.555950E+0	-1.390246E+1	-1.378965E+2
4.568425E+0	-1.389429E+1	-1.112483E+2
4.580900E+0	-1.388456E+1	-8.458488E+1
4.593375E+0	-1.387764E+1	-5.789979E+1
4.605850E+0	-1.387315E+1	-3.123841E+1
4.618325E+0	-1.386669E+1	-4.580894E+0
4.630800E+0	-1.386069E+1	2.207233E+1
4.643275E+0	-1.385889E+1	4.874459E+1
4.655750E+0	-1.385232E+1	7.534225E+1
4.668225E+0	-1.384904E+1	1.020079E+2
4.680700E+0	-1.383803E+1	1.286767E+2
4.693175E+0	-1.383398E+1	1.553279E+2
4.705650E+0	-1.382824E+1	-1.780164E+2
4.718125E+0	-1.382139E+1	-1.513692E+2
4.730600E+0	-1.381071E+1	-1.247567E+2
4.743075E+0	-1.380346E+1	-9.813698E+1
4.755550E+0	-1.379388E+1	-7.145772E+1
4.768025E+0	-1.378448E+1	-4.480927E+1
4.780500E+0	-1.377432E+1	-1.813838E+1
4.792975E+0	-1.376355E+1	8.523005E+0
4.805450E+0	-1.375668E+1	3.518095E+1
4.817925E+0	-1.374926E+1	6.185943E+1
4.830400E+0	-1.374225E+1	8.852299E+1
4.842875E+0	-1.373116E+1	1.151768E+2
4.855350E+0	-1.372175E+1	1.418453E+2
4.867825E+0	-1.371098E+1	1.685379E+2
4.880300E+0	-1.370425E+1	-1.647959E+2
4.892775E+0	-1.369884E+1	-1.380894E+2
4.905250E+0	-1.369242E+1	-1.114246E+2
4.917725E+0	-1.368716E+1	-8.474776E+1
4.930200E+0	-1.368204E+1	-5.807569E+1
4.942675E+0	-1.367375E+1	-3.141688E+1
4.955150E+0	-1.366890E+1	-4.742831E+0
4.967625E+0	-1.366454E+1	2.195348E+1
4.980100E+0	-1.365965E+1	4.862244E+1
4.992575E+0	-1.365991E+1	7.527388E+1
5.005050E+0	-1.365958E+1	1.018926E+2
5.017525E+0	-1.365461E+1	1.285459E+2
5.030000E+0	-1.364830E+1	1.551656E+2
5.042475E+0	-1.363992E+1	-1.781945E+2
5.054950E+0	-1.363134E+1	-1.515437E+2
5.067425E+0	-1.362539E+1	-1.248876E+2
5.079900E+0	-1.362237E+1	-9.825823E+1
5.092375E+0	-1.361404E+1	-7.160449E+1
5.104850E+0	-1.360508E+1	-4.498905E+1
5.117325E+0	-1.359741E+1	-1.835378E+1
5.129800E+0	-1.358737E+1	8.298370E+0
5.142275E+0	-1.357501E+1	3.491119E+1
5.154750E+0	-1.356431E+1	6.158774E+1
5.167225E+0	-1.355503E+1	8.825784E+1
5.179700E+0	-1.354812E+1	1.149401E+2
5.192175E+0	-1.354226E+1	1.415835E+2
5.204650E+0	-1.353129E+1	1.682541E+2
5.217125E+0	-1.352130E+1	-1.650783E+2
5.229600E+0	-1.351528E+1	-1.383911E+2
5.242075E+0	-1.350948E+1	-1.117064E+2
5.254550E+0	-1.350504E+1	-8.504188E+1
5.267025E+0	-1.349837E+1	-5.837298E+1
5.279500E+0	-1.349603E+1	-3.172303E+1
5.291975E+0	-1.349162E+1	-5.049781E+0
5.304450E+0	-1.348328E+1	2.160747E+1
5.316925E+0	-1.347834E+1	4.827968E+1
5.329400E+0	-1.347468E+1	7.494067E+1
5.341875E+0	-1.347163E+1	1.015995E+2
5.354350E+0	-1.346799E+1	1.282507E+2
5.366825E+0	-1.346240E+1	1.548969E+2
5.379300E+0	-1.345647E+1	-1.784542E+2
5.391775E+0	-1.345511E+1	-1.518120E+2
5.404250E+0	-1.344937E+1	-1.251779E+2
5.416725E+0	-1.344158E+1	-9.854296E+1
5.429200E+0	-1.343838E+1	-7.189887E+1
5.441675E+0	-1.343319E+1	-4.525766E+1
5.454150E+0	-1.342713E+1	-1.861871E+1
5.466625E+0	-1.341771E+1	7.993472E+0
5.479100E+0	-1.340526E+1	3.457338E+1
5.491575E+0	-1.340098E+1	6.120267E+1
5.504050E+0	-1.339568E+1	8.787394E+1
5.516525E+0	-1.338941E+1	1.145292E+2
5.529000E+0	-1.338517E+1	1.411878E+2
5.541475E+0	-1.337088E+1	1.679425E+2
5.553950E+0	-1.336827E+1	-1.654137E+2
5.566425E+0	-1.335834E+1	-1.388445E+2
5.578900E+0	-1.335160E+1	-1.121192E+2
5.591375E+0	-1.334521E+1	-8.546016E+1
5.603850E+0	-1.333830E+1	-5.878585E+1
5.616325E+0	-1.333331E+1	-3.216106E+1
5.628800E+0	-1.333354E+1	-5.486206E+0
5.641275E+0	-1.332889E+1	2.114467E+1
5.653750E+0	-1.332372E+1	4.776314E+1
5.666225E+0	-1.331643E+1	7.440930E+1
5.678700E+0	-1.330581E+1	1.010578E+2
5.691175E+0	-1.329877E+1	1.277382E+2
5.703650E+0	-1.329595E+1	1.544286E+2
5.716125E+0	-1.329160E+1	-1.789424E+2
5.728600E+0	-1.328332E+1	-1.523000E+2
5.741075E+0	-1.328008E+1	-1.256582E+2
5.753550E+0	-1.327382E+1	-9.901860E+1
5.766025E+0	-1.326576E+1	-7.238539E+1
5.778500E+0	-1.326156E+1	-4.577124E+1
5.790975E+0	-1.324690E+1	-1.906901E+1
5.803450E+0	-1.324163E+1	7.599371E+0
5.815925E+0	-1.323619E+1	3.425509E+1
5.828400E+0	-1.322674E+1	6.081438E+1
5.840875E+0	-1.322139E+1	8.750472E+1
5.853350E+0	-1.321773E+1	1.141743E+2
5.865825E+0	-1.320640E+1	1.409527E+2
5.878300E+0	-1.320255E+1	1.676260E+2
5.890775E+0	-1.320005E+1	-1.657006E+2
5.903250E+0	-1.320082E+1	-1.390680E+2
5.915725E+0	-1.319540E+1	-1.123804E+2
5.928200E+0	-1.319241E+1	-8.572070E+1
5.940675E+0	-1.318910E+1	-5.908294E+1
5.953150E+0	-1.318903E+1	-3.241681E+1
5.965625E+0	-1.318403E+1	-5.735339E+0
5.978100E+0	-1.318773E+1	2.089930E+1
5.990575E+0	-1.318439E+1	4.754409E+1
6.003050E+0	-1.318269E+1	7.416881E+1
6.015525E+0	-1.317921E+1	1.008150E+2
6.028000E+0	-1.317399E+1	1.274483E+2
6.040475E+0	-1.316775E+1	1.540713E+2
6.052950E+0	-1.315884E+1	-1.793014E+2
6.065425E+0	-1.315824E+1	-1.526172E+2
6.077900E+0	-1.314992E+1	-1.259976E+2
6.090375E+0	-1.314856E+1	-9.936481E+1
6.102850E+0	-1.314200E+1	-7.273624E+1
6.115325E+0	-1.313420E+1	-4.610651E+1
6.127800E+0	-1.312441E+1	-1.945944E+1
6.140275E+0	-1.311733E+1	7.182054E+0
6.152750E+0	-1.310752E+1	3.382768E+1
6.165225E+0	-1.310385E+1	6.054047E+1
6.177700E+0	-1.310053E+1	8.717080E+1
6.190175E+0	-1.309566E+1	1.138740E+2
6.202650E+0	-1.308752E+1	1.404935E+2
6.215125E+0	-1.308015E+1	1.671688E+2
6.227600E+0	-1.306772E+1	-1.661601E+2
6.240075E+0	-1.306797E+1	-1.394443E+2
6.252550E+0	-1.306732E+1	-1.127667E+2
6.265025E+0	-1.306941E+1	-8.610851E+1
6.277500E+0	-1.306783E+1	-5.940544E+1
6.289975E+0	-1.307058E+1	-3.279064E+1
6.302450E+0	-1.306563E+1	-6.152815E+0
6.314925E+0	-1.306743E+1	2.047743E+1
6.327400E+0	-1.306288E+1	4.712433E+1
6.339875E+0	-1.305847E+1	7.380711E+1
6.352350E+0	-1.305823E+1	1.004285E+2
6.364825E+0	-1.305718E+1	1.270661E+2
6.377300E+0	-1.305460E+1	1.536505E+2
6.389775E+0	-1.304923E+1	-1.796877E+2
6.402250E+0	-1.304003E+1	-1.531067E+2
6.414725E+0	-1.303713E+1	-1.264398E+2
6.427200E+0	-1.303105E+1	-9.979078E+1
6.439675E+0	-1.302240E+1	-7.317622E+1
6.452150E+0	-1.301602E+1	-4.650674E+1
6.464625E+0	-1.301035E+1	-1.988281E+1
6.477100E+0	-1.300254E+1	6.765490E+0
6.489575E+0	-1.299071E+1	3.342822E+1
6.502050E+0	-1.298693E+1	6.008183E+1
6.514525E+0	-1.298020E+1	8.675034E+1
6.527000E+0	-1.297129E+1	1.134361E+2
6.539475E+0	-1.296505E+1	1.400949E+2
6.551950E+0	-1.295611E+1	1.667720E+2
6.564425E+0	-1.295230E+1	-1.665587E+2
6.576900E+0	-1.294515E+1	-1.398694E+2
6.589375E+0	-1.294060E+1	-1.131770E+2
6.601850E+0	-1.293792E+1	-8.648866E+1
6.614325E+0	-1.293838E+1	-5.978658E+1
6.626800E+0	-1.294220E+1	-3.315297E+1
6.639275E+0	-1.294440E+1	-6.442420E+0
6.651750E+0	-1.293816E+1	2.015425E+1
6.664225E+0	-1.294241E+1	4.682959E+1
6.676700E+0	-1.293992E+1	7.350567E+1
6.689175E+0	-1.293858E+1	1.001555E+2
6.701650E+0	-1.293717E+1	1.267838E+2
6.714125E+0	-1.293656E+1	1.534583E+2
6.726600E+0	-1.293191E+1	-1.799181E+2
6.739075E+0	-1.293022E+1	-1.532962E+2
6.751550E+0	-1.292719E+1	-1.266255E+2
6.764025E+0	-1.291855E+1	-1.000291E+2
6.776500E+0	-1.291723E+1	-7.335607E+1
6.788975E+0	-1.291395E+1	-4.668262E+1
6.801450E+0	-1.291036E+1	-2.013618E+1
6.813925E+0	-1.291417E+1	6.521784E+0
6.826400E+0	-1.291517E+1	3.314690E+1
6.838875E+0	-1.291317E+1	5.976813E+1
6.851350E+0	-1.289912E+1	8.649471E+1
6.863825E+0	-1.288815E+1	1.131614E+2
6.876300E+0	-1.289503E+1	1.398987E+2
6.888775E+0	-1.289840E+1	1.665443E+2
6.901250E+0	-1.289577E+1	-1.667973E+2
6.913725E+0	-1.289286E+1	-1.401657E+2
6.926200E+0	-1.288869E+1	-1.135228E+2
6.938675E+0	-1.288411E+1	-8.691850E+1
6.951150E+0	-1.288039E+1	-6.022924E+1
6.963625E+0	-1.286372E+1	-3.352625E+1
6.976100E+0	-1.286529E+1	-6.826694E+0
6.988575E+0	-1.286614E+1	1.983882E+1
7.001050E+0	-1.286838E+1	4.648964E+1
7.013525E+0	-1.286780E+1	7.313451E+1
7.026000E+0	-1.286669E+1	9.974593E+1
7.038475E+0	-1.285983E+1	1.264123E+2
7.050950E+0	-1.286081E+1	1.530563E+2
7.063425E+0	-1.285149E+1	1.797150E+2
7.075900E+0	-1.284958E+1	-1.536492E+2
7.088375E+0	-1.284486E+1	-1.270062E+2
7.100850E+0	-1.284569E+1	-1.003518E+2
7.113325E+0	-1.283977E+1	-7.368952E+1
7.125800E+0	-1.283548E+1	-4.705531E+1
7.138275E+0	-1.283418E+1	-2.039642E+1
7.150750E+0	-1.283132E+1	6.259138E+0
7.163225E+0	-1.282907E+1	3.291749E+1
7.175700E+0	-1.282593E+1	5.957069E+1
7.188175E+0	-1.282164E+1	8.622370E+1
7.200650E+0	-1.281743E+1	1.128883E+2
7.213125E+0	-1.281516E+1	1.395268E+2
7.225600E+0	-1.281242E+1	1.661865E+2
7.238075E+0	-1.281316E+1	-1.671471E+2
7.250550E+0	-1.280906E+1	-1.405154E+2
7.263025E+0	-1.280943E+1	-1.138088E+2
7.275500E+0	-1.280488E+1	-8.716450E+1
7.287975E+0	-1.280411E+1	-6.053831E+1
7.300450E+0	-1.280578E+1	-3.388227E+1
7.312925E+0	-1.279993E+1	-7.225143E+0
7.325400E+0	-1.279828E+1	1.942927E+1
7.337875E+0	-1.279889E+1	4.610418E+1
7.350350E+0	-1.279680E+1	7.274717E+1
7.362825E+0	-1.279835E+1	9.933393E+1
7.375300E+0	-1.280206E+1	1.259790E+2
7.387775E+0	-1.279253E+1	1.526383E+2
7.400250E+0	-1.278526E+1	1.792827E+2
7.412725E+0	-1.277911E+1	-1.540593E+2
7.425200E+0	-1.277839E+1	-1.273923E+2
7.437675E+0	-1.277590E+1	-1.007506E+2
7.450150E+0	-1.277733E+1	-7.411504E+1
7.462625E+0	-1.277530E+1	-4.744359E+1
7.475100E+0	-1.276544E+1	-2.085195E+1
7.487575E+0	-1.276255E+1	5.845984E+0
7.500050E+0	-1.275516E+1	3.251821E+1
7.512525E+0	-1.275360E+1	5.918312E+1
7.525000E+0	-1.274895E+1	8.588162E+1
7.537475E+0	-1.275041E+1	1.125490E+2
7.549950E+0	-1.275006E+1	1.392077E+2
7.562425E+0	-1.275183E+1	1.658552E+2
7.574900E+0	-1.274781E+1	-1.674992E+2
7.587375E+0	-1.274458E+1	-1.408451E+2
7.599850E+0	-1.274570E+1	-1.141728E+2
7.612325E+0	-1.274463E+1	-8.751270E+1
7.624800E+0	-1.274687E+1	-6.085594E+1
7.637275E+0	-1.274425E+1	-3.424710E+1
7.649750E+0	-1.274614E+1	-7.584376E+0
7.662225E+0	-1.274272E+1	1.905007E+1
7.674700E+0	-1.274242E+1	4.573562E+1
7.687175E+0	-1.274274E+1	7.237793E+1
7.699650E+0	-1.273803E+1	9.902354E+1
7.712125E+0	-1.273624E+1	1.256719E+2
7.724600E+0	-1.273301E+1	1.523156E+2
7.737075E+0	-1.272912E+1	1.789493E+2
7.749550E+0	-1.272460E+1	-1.544420E+2
7.762025E+0	-1.272417E+1	-1.277455E+2
7.774500E+0	-1.271637E+1	-1.010650E+2
7.786975E+0	-1.271822E+1	-7.440058E+1
7.799450E+0	-1.271339E+1	-4.772894E+1
7.811925E+0	-1.270799E+1	-2.110872E+1
7.824400E+0	-1.271620E+1	5.565270E+0
7.836875E+0	-1.271220E+1	3.222603E+1
7.849350E+0	-1.270699E+1	5.892429E+1
7.861825E+0	-1.270243E+1	8.560686E+1
7.874300E+0	-1.270119E+1	1.122919E+2
7.886775E+0	-1.270635E+1	1.389491E+2
7.899250E+0	-1.271068E+1	1.656336E+2
7.911725E+0	-1.271284E+1	-1.677145E+2
7.924200E+0	-1.271522E+1	-1.410912E+2
7.936675E+0	-1.271377E+1	-1.144382E+2
7.949150E+0	-1.271101E+1	-8.786058E+1
7.961625E+0	-1.271603E+1	-6.116325E+1
7.974100E+0	-1.271444E+1	-3.449093E+1
7.986575E+0	-1.271800E+1	-7.835506E+0
7.999050E+0	-1.272056E+1	1.879585E+1
8.011525E+0	-1.271632E+1	4.541389E+1
8.024000E+0	-1.271535E+1	7.202876E+1
8.036475E+0	-1.271099E+1	9.868598E+1
8.048950E+0	-1.270586E+1	1.253388E+2
8.061425E+0	-1.270540E+1	1.519888E+2
8.073900E+0	-1.270468E+1	1.786552E+2
8.086375E+0	-1.270600E+1	-1.547155E+2
8.098850E+0	-1.270466E+1	-1.281412E+2
8.111325E+0	-1.270418E+1	-1.014457E+2
8.123800E+0	-1.269854E+1	-7.480099E+1
8.136275E+0	-1.269395E+1	-4.812615E+1
8.148750E+0	-1.269035E+1	-2.147116E+1
8.161225E+0	-1.269006E+1	5.219301E+0
8.173700E+0	-1.268824E+1	3.188528E+1
8.186175E+0	-1.270340E+1	5.851867E+1
8.198650E+0	-1.270409E+1	8.519911E+1
8.211125E+0	-1.270244E+1	1.118554E+2
8.223600E+0	-1.269452E+1	1.384470E+2
8.236075E+0	-1.270101E+1	1.651423E+2
8.248550E+0	-1.270082E+1	-1.681849E+2
8.261025E+0	-1.270020E+1	-1.415505E+2
8.273500E+0	-1.269981E+1	-1.149274E+2
8.285975E+0	-1.270047E+1	-8.828562E+1
8.298450E+0	-1.269570E+1	-6.163786E+1
8.310925E+0	-1.269747E+1	-3.496696E+1
8.323400E+0	-1.269670E+1	-8.281199E+0
8.335875E+0	-1.269006E+1	1.839325E+1
8.348350E+0	-1.270016E+1	4.503132E+1
8.360825E+0	-1.270173E+1	7.175845E+1
8.373300E+0	-1.270269E+1	9.840881E+1
8.385775E+0	-1.270006E+1	1.250439E+2
8.398250E+0	-1.269953E+1	1.516923E+2
8.410725E+0	-1.269812E+1	1.783452E+2
8.423200E+0	-1.270364E+1	-1.550217E+2
8.435675E+0	-1.270296E+1	-1.283481E+2
8.448150E+0	-1.270087E+1	-1.017031E+2
8.460625E+0	-1.270120E+1	-7.505733E+1
8.473100E+0	-1.270351E+1	-4.843433E+1
8.485575E+0	-1.269964E+1	-2.174407E+1
8.498050E+0	-1.270213E+1	4.893399E+0
8.510525E+0	-1.270040E+1	3.151966E+1
8.523000E+0	-1.270016E+1	5.825467E+1
8.535475E+0	-1.270500E+1	8.486166E+1
8.547950E+0	-1.271079E+1	1.115373E+2
8.560425E+0	-1.270622E+1	1.381646E+2
8.572900E+0	-1.270550E+1	1.648149E+2
8.585375E+0	-1.270534E+1	-1.685171E+2
8.597850E+0	-1.270613E+1	-1.418779E+2
8.610325E+0	-1.271124E+1	-1.152233E+2
8.622800E+0	-1.271823E+1	-8.854749E+1
8.635275E+0	-1.272254E+1	-6.192168E+1
8.647750E+0	-1.272174E+1	-3.535909E+1
8.660225E+0	-1.272531E+1	-8.700480E+0
8.672700E+0	-1.272185E+1	1.795173E+1
8.685175E+0	-1.271667E+1	4.458284E+1
8.697650E+0	-1.271819E+1	7.123032E+1
8.710125E+0	-1.271978E+1	9.790373E+1
8.722600E+0	-1.271994E+1	1.245323E+2
8.735075E+0	-1.272037E+1	1.511817E+2
8.747550E+0	-1.272116E+1	1.777924E+2
8.760025E+0	-1.271331E+1	-1.555644E+2
8.772500E+0	-1.271580E+1	-1.288801E+2
8.784975E+0	-1.271806E+1	-1.022230E+2
8.797450E+0	-1.271361E+1	-7.554547E+1
8.809925E+0	-1.272185E+1	-4.889605E+1
8.822400E+0	-1.271967E+1	-2.227675E+1
8.834875E+0	-1.271929E+1	4.370764E+0
8.847350E+0	-1.272211E+1	3.105599E+1
8.859825E+0	-1.271969E+1	5.771079E+1
8.872300E+0	-1.272160E+1	8.435978E+1
8.884775E+0	-1.272201E+1	1.109977E+2
8.897250E+0	-1.272791E+1	1.376126E+2
8.909725E+0	-1.272668E+1	1.643217E+2
8.922200E+0	-1.272746E+1	-1.690781E+2
8.934675E+0	-1.272716E+1	-1.424021E+2
8.947150E+0	-1.272925E+1	-1.157620E+2
8.959625E+0	-1.272608E+1	-8.916624E+1
8.972100E+0	-1.273390E+1	-6.249282E+1
8.984575E+0	-1.273028E+1	-3.582406E+1
8.997050E+0	-1.273238E+1	-9.181077E+0
9.009525E+0	-1.273154E+1	1.743490E+1
9.022000E+0	-1.272765E+1	4.408816E+1
9.034475E+0	-1.272653E+1	7.074908E+1
9.046950E+0	-1.272609E+1	9.738992E+1
9.059425E+0	-1.272569E+1	1.240630E+2
9.071900E+0	-1.272518E+1	1.507116E+2
9.084375E+0	-1.272325E+1	1.773610E+2
9.096850E+0	-1.272371E+1	-1.559642E+2
9.109325E+0	-1.272329E+1	-1.293224E+2
9.121800E+0	-1.272202E+1	-1.026650E+2
9.134275E+0	-1.271976E+1	-7.595807E+1
9.146750E+0	-1.271878E+1	-4.926781E+1
9.159225E+0	-1.272304E+1	-2.256620E+1
9.171700E+0	-1.272977E+1	4.102340E+0
9.184175E+0	-1.273348E+1	3.074605E+1
9.196650E+0	-1.273626E+1	5.738633E+1
9.209125E+0	-1.273533E+1	8.407156E+1
9.221600E+0	-1.273636E+1	1.107127E+2
9.234075E+0	-1.273683E+1	1.373919E+2
9.246550E+0	-1.273986E+1	1.640946E+2
9.259025E+0	-1.274555E+1	-1.692552E+2
9.271500E+0	-1.275104E+1	-1.426030E+2
9.283975E+0	-1.275458E+1	-1.159658E+2
9.296450E+0	-1.275472E+1	-8.931477E+1
9.308925E+0	-1.275064E+1	-6.265144E+1
9.321400E+0	-1.275317E+1	-3.597527E+1
9.333875E+0	-1.275628E+1	-9.305024E+0
9.346350E+0	-1.275345E+1	1.736015E+1
9.358825E+0	-1.276095E+1	4.402303E+1
9.371300E+0	-1.276433E+1	7.067426E+1
9.383775E+0	-1.276259E+1	9.733784E+1
9.396250E+0	-1.276261E+1	1.239810E+2
9.408725E+0	-1.276723E+1	1.506376E+2
9.421200E+0	-1.276690E+1	1.773218E+2
9.433675E+0	-1.276795E+1	-1.560139E+2
9.446150E+0	-1.276851E+1	-1.293415E+2
9.458625E+0	-1.277559E+1	-1.026897E+2
9.471100E+0	-1.277327E+1	-7.599464E+1
9.483575E+0	-1.277783E+1	-4.930190E+1
9.496050E+0	-1.278264E+1	-2.267747E+1
9.508525E+0	-1.278442E+1	4.026593E+0
9.521000E+0	-1.279033E+1	3.073391E+1
9.533475E+0	-1.279475E+1	5.740424E+1
9.545950E+0	-1.280190E+1	8.404478E+1
9.558425E+0	-1.280652E+1	1.107020E+2
9.570900E+0	-1.280836E+1	1.373419E+2
9.583375E+0	-1.280368E+1	1.639118E+2
9.595850E+0	-1.280665E+1	-1.694102E+2
9.608325E+0	-1.280909E+1	-1.427240E+2
9.620800E+0	-1.281280E+1	-1.160533E+2
9.633275E+0	-1.281652E+1	-8.937116E+1
9.645750E+0	-1.281944E+1	-6.271690E+1
9.658225E+0	-1.282160E+1	-3.603584E+1
9.670700E+0	-1.282489E+1	-9.373439E+0
9.683175E+0	-1.283227E+1	1.732105E+1
9.695650E+0	-1.283733E+1	4.400602E+1
9.708125E+0	-1.284530E+1	7.066590E+1
9.720600E+0	-1.285137E+1	9.731149E+1
9.733075E+0	-1.287036E+1	1.239445E+2
9.745550E+0	-1.287531E+1	1.505773E+2
9.758025E+0	-1.288108E+1	1.771958E+2
9.770500E+0	-1.288081E+1	-1.561287E+2
9.782975E+0	-1.288502E+1	-1.294682E+2
9.795450E+0	-1.288696E+1	-1.028298E+2
9.807925E+0	-1.289459E+1	-7.617486E+1
9.820400E+0	-1.289914E+1	-4.955169E+1
9.832875E+0	-1.289758E+1	-2.291033E+1
9.845350E+0	-1.290237E+1	3.707082E+0
9.857825E+0	-1.290820E+1	3.036293E+1
9.870300E+0	-1.290496E+1	5.702672E+1
9.882775E+0	-1.290990E+1	8.372327E+1
9.895250E+0	-1.291906E+1	1.103902E+2
9.907725E+0	-1.292259E+1	1.370472E+2
9.920200E+0	-1.292937E+1	1.636590E+2
9.932675E+0	-1.293457E+1	-1.696928E+2
9.945150E+0	-1.294055E+1	-1.430837E+2
9.957625E+0	-1.294034E+1	-1.164221E+2
9.970100E+0	-1.293429E+1	-8.986372E+1
9.982575E+0	-1.293272E+1	-6.319401E+1
9.995050E+0	-1.292834E+1	-3.661178E+1
1.000752E+1	-1.293365E+1	-9.894794E+0
1.002000E+1	-1.293153E+1	1.676590E+1
1.003247E+1	-1.293294E+1	4.342583E+1
1.004495E+1	-1.293540E+1	7.010773E+1
1.005743E+1	-1.293302E+1	9.677758E+1
1.006990E+1	-1.293457E+1	1.234910E+2
1.008238E+1	-1.293926E+1	1.501822E+2
1.009485E+1	-1.294544E+1	1.768338E+2
1.010732E+1	-1.294906E+1	-1.565158E+2
1.011980E+1	-1.295285E+1	-1.298716E+2
1.013227E+1	-1.295288E+1	-1.031998E+2
1.014475E+1	-1.296298E+1	-7.652884E+1
1.015723E+1	-1.297403E+1	-4.995135E+1
1.016970E+1	-1.298207E+1	-2.324068E+1
1.018218E+1	-1.298306E+1	3.415971E+0
1.019465E+1	-1.298601E+1	3.005330E+1
1.020712E+1	-1.298993E+1	5.672178E+1
1.021960E+1	-1.299434E+1	8.336063E+1
1.023208E+1	-1.299628E+1	1.100520E+2
1.024455E+1	-1.300295E+1	1.366614E+2
1.025703E+1	-1.300592E+1	1.633700E+2
1.026950E+1	-1.300800E+1	-1.700052E+2
1.028197E+1	-1.300747E+1	-1.433875E+2
1.029445E+1	-1.301157E+1	-1.166837E+2
1.030692E+1	-1.301763E+1	-9.004023E+1
1.031940E+1	-1.302180E+1	-6.338248E+1
1.033188E+1	-1.302526E+1	-3.671782E+1
1.034435E+1	-1.303475E+1	-1.011540E+1
1.035683E+1	-1.303023E+1	1.658091E+1
1.036930E+1	-1.303643E+1	4.319316E+1
1.038177E+1	-1.302774E+1	6.976109E+1
1.039425E+1	-1.302065E+1	9.639234E+1
1.040672E+1	-1.302121E+1	1.230914E+2
1.041920E+1	-1.302447E+1	1.497792E+2
1.043168E+1	-1.302179E+1	1.764594E+2
1.044415E+1	-1.302769E+1	-1.568528E+2
1.045663E+1	-1.303176E+1	-1.302220E+2
1.046910E+1	-1.303546E+1	-1.035257E+2
1.048157E+1	-1.303393E+1	-7.682093E+1
1.049405E+1	-1.303061E+1	-5.011955E+1
1.050652E+1	-1.304002E+1	-2.343057E+1
1.051900E+1	-1.304162E+1	3.247201E+0
1.053148E+1	-1.304962E+1	2.990792E+1
1.054395E+1	-1.304866E+1	5.660523E+1
1.055643E+1	-1.305483E+1	8.332423E+1
1.056890E+1	-1.305752E+1	1.099831E+2
1.058137E+1	-1.306525E+1	1.366561E+2
1.059385E+1	-1.307296E+1	1.632704E+2
1.060633E+1	-1.307804E+1	-1.700437E+2
1.061880E+1	-1.308427E+1	-1.433655E+2
1.063128E+1	-1.309294E+1	-1.167104E+2
1.064375E+1	-1.309953E+1	-9.004547E+1
1.065622E+1	-1.310819E+1	-6.338893E+1
1.066870E+1	-1.311290E+1	-3.673050E+1
1.068117E+1	-1.311634E+1	-1.007029E+1
1.069365E+1	-1.312188E+1	1.657730E+1
1.070613E+1	-1.312558E+1	4.324408E+1
1.071860E+1	-1.313231E+1	6.987218E+1
1.073108E+1	-1.313373E+1	9.651409E+1
1.074355E+1	-1.314059E+1	1.232044E+2
1.075602E+1	-1.314660E+1	1.498717E+2
1.076850E+1	-1.315054E+1	1.765209E+2
1.078097E+1	-1.316004E+1	-1.568847E+2
1.079345E+1	-1.315851E+1	-1.301958E+2
1.080593E+1	-1.316497E+1	-1.035276E+2
1.081840E+1	-1.316618E+1	-7.690501E+1
1.083088E+1	-1.316428E+1	-5.026642E+1
1.084335E+1	-1.316320E+1	-2.360988E+1
1.085582E+1	-1.316158E+1	3.052463E+0
1.086830E+1	-1.314857E+1	2.970308E+1
1.088077E+1	-1.314608E+1	5.640217E+1
1.089325E+1	-1.314820E+1	8.303007E+1
1.090573E+1	-1.315084E+1	1.097215E+2
1.091820E+1	-1.314651E+1	1.364625E+2
1.093068E+1	-1.314593E+1	1.631070E+2
1.094315E+1	-1.315374E+1	-1.701771E+2
1.095562E+1	-1.316917E+1	-1.435242E+2
1.096810E+1	-1.317752E+1	-1.168396E+2
1.098057E+1	-1.318097E+1	-9.016914E+1
1.099305E+1	-1.318642E+1	-6.348506E+1
1.100553E+1	-1.318903E+1	-3.680575E+1
1.101800E+1	-1.319439E+1	-1.014133E+1
1.103047E+1	-1.319300E+1	1.655461E+1
1.104295E+1	-1.319932E+1	4.327197E+1
1.105542E+1	-1.320378E+1	6.993571E+1
1.106790E+1	-1.321140E+1	9.661716E+1
1.108038E+1	-1.322146E+1	1.232324E+2
1.109285E+1	-1.322833E+1	1.498933E+2
1.110533E+1	-1.323393E+1	1.765660E+2
1.111780E+1	-1.323566E+1	-1.567513E+2
1.113027E+1	-1.324346E+1	-1.300973E+2
1.114275E+1	-1.324552E+1	-1.034602E+2
1.115522E+1	-1.324984E+1	-7.681330E+1
1.116770E+1	-1.325713E+1	-5.012436E+1
1.118018E+1	-1.326325E+1	-2.349405E+1
1.119265E+1	-1.326557E+1	3.137029E+0
1.120513E+1	-1.326944E+1	2.978453E+1
1.121760E+1	-1.326867E+1	5.643643E+1
1.123007E+1	-1.327043E+1	8.309880E+1
1.124255E+1	-1.327099E+1	1.097418E+2
1.125502E+1	-1.326910E+1	1.364086E+2
1.126750E+1	-1.327126E+1	1.630736E+2
1.127998E+1	-1.327353E+1	-1.702500E+2
1.129245E+1	-1.327797E+1	-1.436000E+2
1.130493E+1	-1.328056E+1	-1.169685E+2
1.131740E+1	-1.327395E+1	-9.025404E+1
1.132987E+1	-1.327703E+1	-6.356097E+1
1.134235E+1	-1.327873E+1	-3.686745E+1
1.135482E+1	-1.328519E+1	-1.022964E+1
1.136730E+1	-1.328673E+1	1.647184E+1
1.137978E+1	-1.329074E+1	4.312161E+1
1.139225E+1	-1.329605E+1	6.975339E+1
1.140472E+1	-1.329374E+1	9.648528E+1
1.141720E+1	-1.330029E+1	1.231021E+2
1.142967E+1	-1.330050E+1	1.498382E+2
1.144215E+1	-1.330052E+1	1.765049E+2
1.145463E+1	-1.330327E+1	-1.568501E+2
1.146710E+1	-1.331050E+1	-1.301454E+2
1.147958E+1	-1.330931E+1	-1.034858E+2
1.149205E+1	-1.331123E+1	-7.676964E+1
1.150452E+1	-1.331622E+1	-5.013568E+1
1.151700E+1	-1.331821E+1	-2.343532E+1
1.152947E+1	-1.332110E+1	3.241358E+0
1.154195E+1	-1.332645E+1	2.985576E+1
1.155443E+1	-1.332222E+1	5.659253E+1
1.156690E+1	-1.332812E+1	8.321417E+1
1.157938E+1	-1.332269E+1	1.099358E+2
1.159185E+1	-1.332947E+1	1.366158E+2
1.160432E+1	-1.333256E+1	1.632950E+2
1.161680E+1	-1.333566E+1	-1.700245E+2
1.162927E+1	-1.334001E+1	-1.433891E+2
1.164175E+1	-1.333558E+1	-1.166981E+2
1.165423E+1	-1.333476E+1	-8.999722E+1
1.166670E+1	-1.333443E+1	-6.333058E+1
1.167918E+1	-1.334264E+1	-3.661883E+1
1.169165E+1	-1.334122E+1	-9.942833E+0
1.170412E+1	-1.334409E+1	1.676391E+1
1.171660E+1	-1.335513E+1	4.344475E+1
1.172907E+1	-1.335756E+1	7.013058E+1
1.174155E+1	-1.336026E+1	9.678817E+1
1.175403E+1	-1.335747E+1	1.234875E+2
1.176650E+1	-1.336660E+1	1.501385E+2
1.177898E+1	-1.336168E+1	1.768514E+2
1.179145E+1	-1.335153E+1	-1.563847E+2
1.180392E+1	-1.335157E+1	-1.296813E+2
1.181640E+1	-1.335732E+1	-1.029659E+2
1.182888E+1	-1.336301E+1	-7.629085E+1
1.184135E+1	-1.335745E+1	-4.968209E+1
1.185383E+1	-1.336347E+1	-2.293761E+1
1.186630E+1	-1.337075E+1	3.765054E+0
1.187877E+1	-1.338338E+1	3.044718E+1
1.189125E+1	-1.339265E+1	5.711336E+1
1.190372E+1	-1.340121E+1	8.364382E+1
1.191620E+1	-1.340879E+1	1.103908E+2
1.192868E+1	-1.341743E+1	1.370543E+2
1.194115E+1	-1.342376E+1	1.637020E+2
1.195363E+1	-1.342446E+1	-1.695150E+2
1.196610E+1	-1.342102E+1	-1.428217E+2
1.197857E+1	-1.342662E+1	-1.162017E+2
1.199105E+1	-1.343342E+1	-8.944515E+1
1.200352E+1	-1.343981E+1	-6.275087E+1
1.201600E+1	-1.344048E+1	-3.608440E+1
1.202848E+1	-1.344782E+1	-9.406820E+0
1.204095E+1	-1.345452E+1	1.726729E+1
1.205343E+1	-1.346542E+1	4.393561E+1
1.206590E+1	-1.346810E+1	7.060619E+1
1.207837E+1	-1.347406E+1	9.724157E+1
1.209085E+1	-1.347742E+1	1.239033E+2
1.210332E+1	-1.347766E+1	1.505361E+2
1.211580E+1	-1.347899E+1	1.772065E+2
1.212828E+1	-1.347697E+1	-1.561008E+2
1.214075E+1	-1.348319E+1	-1.294861E+2
1.215323E+1	-1.348524E+1	-1.028514E+2
1.216570E+1	-1.348076E+1	-7.613902E+1
1.217817E+1	-1.348067E+1	-4.949125E+1
1.219065E+1	-1.347520E+1	-2.280027E+1
1.220313E+1	-1.347858E+1	3.890336E+0
1.221560E+1	-1.347748E+1	3.045549E+1
1.222808E+1	-1.347597E+1	5.715946E+1
1.224055E+1	-1.347795E+1	8.384827E+1
1.225302E+1	-1.348190E+1	1.105340E+2
1.226550E+1	-1.348675E+1	1.372199E+2
1.227797E+1	-1.348668E+1	1.639018E+2
1.229045E+1	-1.348604E+1	-1.694120E+2
1.230293E+1	-1.348775E+1	-1.427024E+2
1.231540E+1	-1.348969E+1	-1.160019E+2
1.232788E+1	-1.349043E+1	-8.932407E+1
1.234035E+1	-1.349299E+1	-6.265552E+1
1.235282E+1	-1.349802E+1	-3.585410E+1
1.236530E+1	-1.350319E+1	-9.152256E+0
1.237777E+1	-1.350529E+1	1.756096E+1
1.239025E+1	-1.350959E+1	4.424183E+1
1.240273E+1	-1.351747E+1	7.089873E+1
1.241520E+1	-1.352396E+1	9.757379E+1
1.242768E+1	-1.352745E+1	1.242379E+2
1.244015E+1	-1.352334E+1	1.509391E+2
1.245262E+1	-1.353275E+1	1.775983E+2
1.246510E+1	-1.353552E+1	-1.557092E+2
1.247757E+1	-1.354019E+1	-1.290564E+2
1.249005E+1	-1.353801E+1	-1.023892E+2
1.250253E+1	-1.353583E+1	-7.574513E+1
1.251500E+1	-1.353786E+1	-4.909710E+1
1.252748E+1	-1.353232E+1	-2.241097E+1
1.253995E+1	-1.353791E+1	4.294340E+0
1.255242E+1	-1.353585E+1	3.096486E+1
1.256490E+1	-1.353522E+1	5.763210E+1
1.257737E+1	-1.353961E+1	8.433705E+1
1.258985E+1	-1.353692E+1	1.110120E+2
1.260233E+1	-1.353934E+1	1.377169E+2
1.261480E+1	-1.353578E+1	1.644364E+2
1.262727E+1	-1.353569E+1	-1.688596E+2
1.263975E+1	-1.353730E+1	-1.421827E+2
1.265222E+1	-1.353270E+1	-1.155054E+2
1.266470E+1	-1.353859E+1	-8.881073E+1
1.267718E+1	-1.354182E+1	-6.212859E+1
1.268965E+1	-1.353760E+1	-3.540853E+1
1.270213E+1	-1.354383E+1	-8.712107E+0
1.271460E+1	-1.354988E+1	1.795177E+1
1.272707E+1	-1.355144E+1	4.465742E+1
1.273955E+1	-1.355627E+1	7.120821E+1
1.275202E+1	-1.355970E+1	9.791785E+1
1.276450E+1	-1.356416E+1	1.246188E+2
1.277698E+1	-1.356888E+1	1.512883E+2
1.278945E+1	-1.356989E+1	1.779821E+2
1.280193E+1	-1.357594E+1	-1.553548E+2
1.281440E+1	-1.358100E+1	-1.287421E+2
1.282687E+1	-1.358608E+1	-1.020575E+2
1.283935E+1	-1.357905E+1	-7.520923E+1
1.285182E+1	-1.358296E+1	-4.852797E+1
1.286430E+1	-1.358519E+1	-2.187697E+1
1.287678E+1	-1.359293E+1	4.745030E+0
1.288925E+1	-1.359523E+1	3.140300E+1
1.290173E+1	-1.359288E+1	5.805229E+1
1.291420E+1	-1.359093E+1	8.474116E+1
1.292667E+1	-1.358872E+1	1.114529E+2
1.293915E+1	-1.358943E+1	1.381261E+2
1.295162E+1	-1.359050E+1	1.647891E+2
1.296410E+1	-1.358574E+1	-1.685345E+2
1.297658E+1	-1.358587E+1	-1.418964E+2
1.298905E+1	-1.358781E+1	-1.152154E+2
1.300153E+1	-1.358326E+1	-8.852685E+1
1.301400E+1	-1.357898E+1	-6.184980E+1
1.302647E+1	-1.357398E+1	-3.519774E+1
1.303895E+1	-1.358100E+1	-8.522676E+0
1.305143E+1	-1.357455E+1	1.818027E+1
1.306390E+1	-1.356684E+1	4.471702E+1
1.307638E+1	-1.356624E+1	7.147002E+1
1.308885E+1	-1.356242E+1	9.820506E+1
1.310132E+1	-1.355804E+1	1.249370E+2
1.311380E+1	-1.355964E+1	1.516391E+2
1.312627E+1	-1.355666E+1	1.783370E+2
1.313875E+1	-1.355633E+1	-1.549540E+2
1.315123E+1	-1.355513E+1	-1.282308E+2
1.316370E+1	-1.355568E+1	-1.015198E+2
1.317618E+1	-1.355564E+1	-7.480411E+1
1.318865E+1	-1.354304E+1	-4.793880E+1
1.320112E+1	-1.354081E+1	-2.120953E+1
1.321360E+1	-1.354904E+1	5.507634E+0
1.322607E+1	-1.355418E+1	3.218384E+1
1.323855E+1	-1.355565E+1	5.890796E+1
1.325103E+1	-1.355635E+1	8.566069E+1
1.326350E+1	-1.355995E+1	1.123681E+2
1.327598E+1	-1.356192E+1	1.390578E+2
1.328845E+1	-1.356793E+1	1.657733E+2
1.330092E+1	-1.357395E+1	-1.675281E+2
1.331340E+1	-1.357917E+1	-1.408284E+2
1.332587E+1	-1.358756E+1	-1.141543E+2
1.333835E+1	-1.359216E+1	-8.747170E+1
1.335083E+1	-1.359693E+1	-6.081025E+1
1.336330E+1	-1.359807E+1	-3.415292E+1
1.337578E+1	-1.360779E+1	-7.524720E+0
1.338825E+1	-1.359988E+1	1.916574E+1
1.340072E+1	-1.360156E+1	4.586045E+1
1.341320E+1	-1.359433E+1	7.245587E+1
1.342568E+1	-1.359252E+1	9.912419E+1
1.343815E+1	-1.359807E+1	1.257902E+2
1.345063E+1	-1.359229E+1	1.525082E+2
1.346310E+1	-1.358858E+1	1.792175E+2
1.347557E+1	-1.358732E+1	-1.540760E+2
1.348805E+1	-1.358748E+1	-1.273665E+2
1.350052E+1	-1.359203E+1	-1.007179E+2
1.351300E+1	-1.358863E+1	-7.396912E+1
1.352548E+1	-1.356976E+1	-4.715372E+1
1.353795E+1	-1.357299E+1	-2.047601E+1
1.355043E+1	-1.357349E+1	6.287504E+0
1.356290E+1	-1.357824E+1	3.304367E+1
1.357537E+1	-1.358188E+1	5.977685E+1
1.358785E+1	-1.358317E+1	8.647297E+1
1.360032E+1	-1.358481E+1	1.132146E+2
1.361280E+1	-1.359151E+1	1.399392E+2
1.362528E+1	-1.359526E+1	1.666813E+2
1.363775E+1	-1.360002E+1	-1.665912E+2
1.365023E+1	-1.361405E+1	-1.398954E+2
1.366270E+1	-1.362007E+1	-1.131977E+2
1.367517E+1	-1.362479E+1	-8.653050E+1
1.368765E+1	-1.363413E+1	-5.990817E+1
1.370012E+1	-1.363985E+1	-3.318071E+1
1.371260E+1	-1.365006E+1	-6.562263E+0
1.372508E+1	-1.364866E+1	2.012746E+1
1.373755E+1	-1.365476E+1	4.681166E+1
1.375003E+1	-1.364947E+1	7.338542E+1
1.376250E+1	-1.365495E+1	1.000507E+2
1.377497E+1	-1.365979E+1	1.266707E+2
1.378745E+1	-1.365542E+1	1.533744E+2
1.379992E+1	-1.365700E+1	-1.799354E+2
1.381240E+1	-1.366169E+1	-1.532829E+2
1.382488E+1	-1.366261E+1	-1.266100E+2
1.383735E+1	-1.366674E+1	-1.000070E+2
1.384982E+1	-1.364747E+1	-7.316402E+1
1.386230E+1	-1.365038E+1	-4.651557E+1
1.387477E+1	-1.364698E+1	-1.977769E+1
1.388725E+1	-1.364926E+1	6.896166E+0
1.389973E+1	-1.364375E+1	3.355186E+1
1.391220E+1	-1.365088E+1	6.027169E+1
1.392468E+1	-1.364858E+1	8.697401E+1
1.393715E+1	-1.365033E+1	1.136594E+2
1.394962E+1	-1.364699E+1	1.403851E+2
1.396210E+1	-1.365375E+1	1.670478E+2
1.397457E+1	-1.365724E+1	-1.663019E+2
1.398705E+1	-1.365625E+1	-1.395811E+2
1.399953E+1	-1.365545E+1	-1.129067E+2
1.401200E+1	-1.365193E+1	-8.619830E+1
1.402448E+1	-1.365466E+1	-5.954568E+1
1.403695E+1	-1.365251E+1	-3.284300E+1
1.404942E+1	-1.365425E+1	-6.161583E+0
1.406190E+1	-1.365505E+1	2.050553E+1
1.407437E+1	-1.365214E+1	4.718851E+1
1.408685E+1	-1.364846E+1	7.373398E+1
1.409933E+1	-1.365043E+1	1.004267E+2
1.411180E+1	-1.364552E+1	1.271563E+2
1.412428E+1	-1.365316E+1	1.537783E+2
1.413675E+1	-1.365478E+1	-1.795439E+2
1.414922E+1	-1.365114E+1	-1.528131E+2
1.416170E+1	-1.365296E+1	-1.261543E+2
1.417417E+1	-1.363404E+1	-9.936850E+1
1.418665E+1	-1.363387E+1	-7.267126E+1
1.419913E+1	-1.362970E+1	-4.596515E+1
1.421160E+1	-1.362921E+1	-1.925308E+1
1.422407E+1	-1.363336E+1	7.417552E+0
1.423655E+1	-1.363477E+1	3.409892E+1
1.424902E+1	-1.362758E+1	6.077998E+1
1.426150E+1	-1.362754E+1	8.750117E+1
1.427398E+1	-1.361841E+1	1.141968E+2
1.428645E+1	-1.362438E+1	1.408983E+2
1.429893E+1	-1.362340E+1	1.675903E+2
1.431140E+1	-1.362494E+1	-1.657463E+2
1.432387E+1	-1.361763E+1	-1.390484E+2
1.433635E+1	-1.361252E+1	-1.123284E+2
1.434882E+1	-1.361135E+1	-8.569010E+1
1.436130E+1	-1.360508E+1	-5.893274E+1
1.437378E+1	-1.360412E+1	-3.224574E+1
1.438625E+1	-1.359797E+1	-5.485542E+0
1.439873E+1	-1.359624E+1	2.121460E+1
1.441120E+1	-1.359838E+1	4.785647E+1
1.442367E+1	-1.359127E+1	7.467092E+1
1.443615E+1	-1.358582E+1	1.013449E+2
1.444862E+1	-1.358515E+1	1.280909E+2
1.446110E+1	-1.358314E+1	1.548300E+2
1.447358E+1	-1.358242E+1	-1.784319E+2
1.448605E+1	-1.358149E+1	-1.517188E+2
1.449853E+1	-1.358384E+1	-1.250261E+2
1.451100E+1	-1.358733E+1	-9.829134E+1
1.452347E+1	-1.358810E+1	-7.155592E+1
1.453595E+1	-1.358558E+1	-4.480436E+1
1.454842E+1	-1.359011E+1	-1.807760E+1
1.456090E+1	-1.359412E+1	8.676654E+0
1.457338E+1	-1.360060E+1	3.539600E+1
1.458585E+1	-1.360756E+1	6.205711E+1
1.459833E+1	-1.361228E+1	8.880133E+1
1.461080E+1	-1.362017E+1	1.155017E+2
1.462327E+1	-1.362523E+1	1.422159E+2
1.463575E+1	-1.362687E+1	1.688896E+2
1.464823E+1	-1.363445E+1	-1.644363E+2
1.466070E+1	-1.364231E+1	-1.377597E+2
1.467318E+1	-1.364995E+1	-1.110730E+2
1.468565E+1	-1.365480E+1	-8.441183E+1
1.469812E+1	-1.365772E+1	-5.775985E+1
1.471060E+1	-1.365198E+1	-3.111192E+1
1.472307E+1	-1.365359E+1	-4.424459E+0
1.473555E+1	-1.364764E+1	2.228337E+1
1.474803E+1	-1.364737E+1	4.897480E+1
1.476050E+1	-1.364300E+1	7.562390E+1
1.477298E+1	-1.365061E+1	1.022816E+2
1.478545E+1	-1.364761E+1	1.289581E+2
1.479792E+1	-1.364303E+1	1.556804E+2
1.481040E+1	-1.363887E+1	-1.776257E+2
1.482287E+1	-1.363919E+1	-1.509626E+2
1.483535E+1	-1.363893E+1	-1.242523E+2
1.484783E+1	-1.363325E+1	-9.755039E+1
1.486030E+1	-1.363730E+1	-7.092392E+1
1.487278E+1	-1.363445E+1	-4.417521E+1
1.488525E+1	-1.363006E+1	-1.744089E+1
1.489772E+1	-1.363190E+1	9.244514E+0
1.491020E+1	-1.362907E+1	3.597514E+1
1.492267E+1	-1.363062E+1	6.269049E+1
1.493515E+1	-1.363326E+1	8.938419E+1
1.494763E+1	-1.363499E+1	1.161017E+2
1.496010E+1	-1.364196E+1	1.427172E+2
1.497258E+1	-1.364414E+1	1.693872E+2
1.498505E+1	-1.363717E+1	-1.638206E+2
1.499752E+1	-1.364298E+1	-1.371848E+2
1.501000E+1	-1.364224E+1	-1.104575E+2
1.502248E+1	-1.363672E+1	-8.376840E+1
1.503495E+1	-1.363898E+1	-5.706294E+1
1.504743E+1	-1.364244E+1	-3.044066E+1
1.505990E+1	-1.363763E+1	-3.725202E+0
1.507237E+1	-1.363452E+1	2.298137E+1
1.508485E+1	-1.363367E+1	4.968288E+1
1.509732E+1	-1.362892E+1	7.638960E+1
1.510980E+1	-1.362726E+1	1.030855E+2
1.512228E+1	-1.362767E+1	1.297866E+2
1.513475E+1	-1.362919E+1	1.564521E+2
1.514723E+1	-1.363061E+1	-1.768300E+2
1.515970E+1	-1.363039E+1	-1.502053E+2
1.517217E+1	-1.362258E+1	-1.234644E+2
1.518465E+1	-1.362179E+1	-9.674887E+1
1.519712E+1	-1.361541E+1	-7.002744E+1
1.520960E+1	-1.362508E+1	-4.333286E+1
1.522208E+1	-1.361924E+1	-1.657353E+1
1.523455E+1	-1.361259E+1	1.012922E+1
1.524703E+1	-1.361677E+1	3.682836E+1
1.525950E+1	-1.360650E+1	6.354056E+1
1.527197E+1	-1.360588E+1	9.021878E+1
1.528445E+1	-1.359986E+1	1.170242E+2
1.529692E+1	-1.360058E+1	1.437081E+2
1.530940E+1	-1.359568E+1	1.704841E+2
1.532188E+1	-1.359369E+1	-1.627744E+2
1.533435E+1	-1.359888E+1	-1.360800E+2
1.534683E+1	-1.359952E+1	-1.093737E+2
1.535930E+1	-1.359786E+1	-8.261586E+1
1.537177E+1	-1.360081E+1	-5.589559E+1
1.538425E+1	-1.360398E+1	-2.918286E+1
1.539672E+1	-1.359846E+1	-2.411900E+0
1.540920E+1	-1.360731E+1	2.429899E+1
1.542168E+1	-1.360884E+1	5.100963E+1
1.543415E+1	-1.360970E+1	7.777192E+1
1.544662E+1	-1.362971E+1	1.044358E+2
1.545910E+1	-1.363152E+1	1.311431E+2
1.547157E+1	-1.363078E+1	1.578214E+2
1.548405E+1	-1.364234E+1	-1.755148E+2
1.549653E+1	-1.364786E+1	-1.487800E+2
1.550900E+1	-1.365340E+1	-1.221206E+2
1.552148E+1	-1.364636E+1	-9.538639E+1
1.553395E+1	-1.364988E+1	-6.876460E+1
1.554642E+1	-1.365074E+1	-4.203992E+1
1.555890E+1	-1.364752E+1	-1.530227E+1
1.557137E+1	-1.364691E+1	1.138901E+1
1.558385E+1	-1.365505E+1	3.810852E+1
1.559633E+1	-1.365475E+1	6.481122E+1
1.560880E+1	-1.366204E+1	9.145628E+1
1.562128E+1	-1.364925E+1	1.181648E+2
1.563375E+1	-1.364613E+1	1.448292E+2
1.564622E+1	-1.364293E+1	1.714589E+2
1.565870E+1	-1.363884E+1	-1.617899E+2
1.567117E+1	-1.364531E+1	-1.351345E+2
1.568365E+1	-1.363255E+1	-1.085663E+2
1.569613E+1	-1.363983E+1	-8.184979E+1
1.570860E+1	-1.363590E+1	-5.512700E+1
1.572108E+1	-1.363724E+1	-2.849764E+1
1.573355E+1	-1.362207E+1	-1.611937E+0
1.574602E+1	-1.361720E+1	2.511767E+1
1.575850E+1	-1.361432E+1	5.183126E+1
1.577097E+1	-1.361718E+1	7.850892E+1
1.578345E+1	-1.361088E+1	1.052713E+2
1.579593E+1	-1.361006E+1	1.319450E+2
1.580840E+1	-1.362032E+1	1.586719E+2
1.582087E+1	-1.361735E+1	-1.746185E+2
1.583335E+1	-1.361329E+1	-1.479339E+2
1.584582E+1	-1.362107E+1	-1.212518E+2
1.585830E+1	-1.361786E+1	-9.449047E+1
1.587078E+1	-1.361711E+1	-6.780870E+1
1.588325E+1	-1.361517E+1	-4.113379E+1
1.589573E+1	-1.361028E+1	-1.442065E+1
1.590820E+1	-1.360323E+1	1.228887E+1
1.592067E+1	-1.361008E+1	3.908561E+1
1.593315E+1	-1.360588E+1	6.577913E+1
1.594562E+1	-1.359692E+1	9.249036E+1
1.595810E+1	-1.359547E+1	1.191740E+2
1.597058E+1	-1.359344E+1	1.458735E+2
1.598305E+1	-1.358342E+1	1.725752E+2
1.599553E+1	-1.356873E+1	-1.607059E+2
1.600800E+1	-1.357032E+1	-1.339634E+2
1.602048E+1	-1.356203E+1	-1.072092E+2
1.603295E+1	-1.355397E+1	-8.046289E+1
1.604543E+1	-1.355100E+1	-5.372949E+1
1.605790E+1	-1.354549E+1	-2.701576E+1
1.607037E+1	-1.353625E+1	-2.541851E-1
1.608285E+1	-1.353088E+1	2.648875E+1
1.609532E+1	-1.352643E+1	5.325029E+1
1.610780E+1	-1.352303E+1	7.997905E+1
1.612027E+1	-1.351897E+1	1.068255E+2
1.613275E+1	-1.352509E+1	1.335251E+2
1.614522E+1	-1.352480E+1	1.603108E+2
1.615770E+1	-1.351616E+1	-1.729034E+2
1.617018E+1	-1.351886E+1	-1.461419E+2
1.618265E+1	-1.352605E+1	-1.193596E+2
1.619513E+1	-1.352760E+1	-9.255170E+1
1.620760E+1	-1.353684E+1	-6.580167E+1
1.622008E+1	-1.353650E+1	-3.907230E+1
1.623255E+1	-1.354557E+1	-1.234324E+1
1.624502E+1	-1.355342E+1	1.440689E+1
1.625750E+1	-1.354938E+1	4.115166E+1
1.626997E+1	-1.355064E+1	6.791094E+1
1.628245E+1	-1.356191E+1	9.463484E+1
1.629492E+1	-1.356618E+1	1.213760E+2
1.630740E+1	-1.356637E+1	1.481070E+2
1.631987E+1	-1.357651E+1	1.747336E+2
1.633235E+1	-1.357726E+1	-1.585217E+2
1.634483E+1	-1.357364E+1	-1.317947E+2
1.635730E+1	-1.357682E+1	-1.051136E+2
1.636978E+1	-1.357847E+1	-7.837914E+1
1.638225E+1	-1.358635E+1	-5.172921E+1
1.639473E+1	-1.358923E+1	-2.500969E+1
1.640720E+1	-1.358780E+1	1.727106E+0
1.641968E+1	-1.358558E+1	2.840591E+1
1.643215E+1	-1.358526E+1	5.510682E+1
1.644462E+1	-1.358239E+1	8.184132E+1
1.645710E+1	-1.358461E+1	1.085569E+2
1.646957E+1	-1.358529E+1	1.352839E+2
1.648205E+1	-1.358571E+1	1.619395E+2
1.649452E+1	-1.358232E+1	-1.713359E+2
1.650700E+1	-1.357310E+1	-1.446507E+2
1.651947E+1	-1.357689E+1	-1.179041E+2
1.653195E+1	-1.356936E+1	-9.120229E+1
1.654443E+1	-1.355846E+1	-6.448884E+1
1.655690E+1	-1.356159E+1	-3.773721E+1
1.656938E+1	-1.355559E+1	-1.098560E+1
1.658185E+1	-1.354967E+1	1.569561E+1
1.659433E+1	-1.355238E+1	4.243859E+1
1.660680E+1	-1.354835E+1	6.915929E+1
1.661927E+1	-1.354562E+1	9.585842E+1
1.663175E+1	-1.353719E+1	1.226231E+2
1.664422E+1	-1.353745E+1	1.493043E+2
1.665670E+1	-1.352898E+1	1.761121E+2
1.666917E+1	-1.353465E+1	-1.571530E+2
1.668165E+1	-1.352759E+1	-1.304182E+2
1.669412E+1	-1.352820E+1	-1.037535E+2
1.670660E+1	-1.352710E+1	-7.700098E+1
1.671908E+1	-1.351860E+1	-5.021165E+1
1.673155E+1	-1.351507E+1	-2.343378E+1
1.674403E+1	-1.351998E+1	3.337194E+0
1.675650E+1	-1.351793E+1	3.006151E+1
1.676898E+1	-1.352247E+1	5.684086E+1
1.678145E+1	-1.352479E+1	8.355865E+1
1.679393E+1	-1.353008E+1	1.102934E+2
1.680640E+1	-1.352658E+1	1.370394E+2
1.681887E+1	-1.352582E+1	1.637884E+2
1.683135E+1	-1.353045E+1	-1.694947E+2
1.684382E+1	-1.352334E+1	-1.427814E+2
1.685630E+1	-1.353221E+1	-1.160743E+2
1.686877E+1	-1.352836E+1	-8.935944E+1
1.688125E+1	-1.352496E+1	-6.263946E+1
1.689372E+1	-1.351744E+1	-3.591692E+1
1.690620E+1	-1.351818E+1	-9.134775E+0
1.691868E+1	-1.351968E+1	1.758837E+1
1.693115E+1	-1.351061E+1	4.432874E+1
1.694363E+1	-1.351545E+1	7.106198E+1
1.695610E+1	-1.351061E+1	9.778797E+1
1.696858E+1	-1.350641E+1	1.245152E+2
1.698105E+1	-1.350904E+1	1.511756E+2
1.699353E+1	-1.350069E+1	1.779432E+2
1.700600E+1	-1.350007E+1	-1.553290E+2
1.701847E+1	-1.349139E+1	-1.285219E+2
1.703095E+1	-1.348848E+1	-1.017541E+2
1.704342E+1	-1.348405E+1	-7.502439E+1
1.705590E+1	-1.349257E+1	-4.832881E+1
1.706837E+1	-1.348398E+1	-2.149494E+1
1.708085E+1	-1.347721E+1	5.270394E+0
1.709333E+1	-1.348363E+1	3.203477E+1
1.710580E+1	-1.348459E+1	5.882814E+1
1.711828E+1	-1.348582E+1	8.559411E+1
1.713075E+1	-1.349562E+1	1.123592E+2
1.714323E+1	-1.349976E+1	1.390795E+2
1.715570E+1	-1.350399E+1	1.657671E+2
1.716818E+1	-1.350189E+1	-1.675148E+2
1.718065E+1	-1.350597E+1	-1.407550E+2
1.719312E+1	-1.350577E+1	-1.139834E+2
1.720560E+1	-1.351017E+1	-8.733408E+1
1.721807E+1	-1.352313E+1	-6.065915E+1
1.723055E+1	-1.352058E+1	-3.394739E+1
1.724302E+1	-1.352515E+1	-7.211298E+0
1.725550E+1	-1.352867E+1	1.939770E+1
1.726797E+1	-1.351875E+1	4.615036E+1
1.728045E+1	-1.351511E+1	7.285736E+1
1.729293E+1	-1.351709E+1	9.953436E+1
1.730540E+1	-1.351826E+1	1.262553E+2
1.731788E+1	-1.351860E+1	1.529035E+2
1.733035E+1	-1.350495E+1	1.796378E+2
1.734283E+1	-1.350699E+1	-1.536913E+2
1.735530E+1	-1.349476E+1	-1.269730E+2
1.736778E+1	-1.348793E+1	-1.002407E+2
1.738025E+1	-1.347054E+1	-7.347944E+1
1.739272E+1	-1.346475E+1	-4.671888E+1
1.740520E+1	-1.346127E+1	-1.999952E+1
1.741767E+1	-1.344663E+1	6.743559E+0
1.743015E+1	-1.343899E+1	3.345644E+1
1.744262E+1	-1.343196E+1	6.021981E+1
1.745510E+1	-1.342528E+1	8.698323E+1
1.746758E+1	-1.341070E+1	1.138114E+2
1.748005E+1	-1.341378E+1	1.405796E+2
1.749253E+1	-1.340707E+1	1.673430E+2
1.750500E+1	-1.341489E+1	-1.659361E+2
1.751748E+1	-1.340992E+1	-1.391330E+2
1.752995E+1	-1.340413E+1	-1.123533E+2
1.754243E+1	-1.340634E+1	-8.560417E+1
1.755490E+1	-1.340430E+1	-5.880151E+1
1.756737E+1	-1.340655E+1	-3.203377E+1
1.757985E+1	-1.340662E+1	-5.272640E+0
1.759232E+1	-1.340603E+1	2.149389E+1
1.760480E+1	-1.341017E+1	4.821828E+1
1.761727E+1	-1.340512E+1	7.498533E+1
1.762975E+1	-1.340121E+1	1.017076E+2
1.764222E+1	-1.341273E+1	1.284965E+2
1.765470E+1	-1.341651E+1	1.552432E+2
1.766718E+1	-1.341661E+1	-1.780324E+2
1.767965E+1	-1.341923E+1	-1.513059E+2
1.769213E+1	-1.342941E+1	-1.246246E+2
1.770460E+1	-1.343065E+1	-9.790875E+1
1.771708E+1	-1.342818E+1	-7.118227E+1
1.772955E+1	-1.342249E+1	-4.444863E+1
1.774203E+1	-1.341602E+1	-1.777313E+1
1.775450E+1	-1.341588E+1	8.927542E+0
1.776697E+1	-1.341506E+1	3.564031E+1
1.777945E+1	-1.340914E+1	6.238870E+1
1.779192E+1	-1.340094E+1	8.904352E+1
1.780440E+1	-1.339997E+1	1.156957E+2
1.781687E+1	-1.338130E+1	1.425038E+2
1.782935E+1	-1.337838E+1	1.692310E+2
1.784183E+1	-1.336770E+1	-1.639416E+2
1.785430E+1	-1.336179E+1	-1.372027E+2
1.786678E+1	-1.336341E+1	-1.104932E+2
1.787925E+1	-1.335902E+1	-8.374366E+1
1.789173E+1	-1.333650E+1	-5.710898E+1
1.790420E+1	-1.333787E+1	-3.038062E+1
1.791668E+1	-1.333632E+1	-3.604283E+0
1.792915E+1	-1.333117E+1	2.319756E+1
1.794162E+1	-1.332403E+1	5.002268E+1
1.795410E+1	-1.332534E+1	7.680888E+1
1.796657E+1	-1.331554E+1	1.037327E+2
1.797905E+1	-1.331498E+1	1.304837E+2
1.799152E+1	-1.330875E+1	1.573073E+2
1.800400E+1	-1.330942E+1	-1.759370E+2
1.801647E+1	-1.330947E+1	-1.491079E+2
1.802895E+1	-1.331469E+1	-1.223493E+2
1.804143E+1	-1.331881E+1	-9.555640E+1
1.805390E+1	-1.332388E+1	-6.880846E+1
1.806638E+1	-1.332879E+1	-4.209015E+1
1.807885E+1	-1.333257E+1	-1.537209E+1
1.809133E+1	-1.333111E+1	1.135715E+1
1.810380E+1	-1.334100E+1	3.806038E+1
1.811628E+1	-1.334531E+1	6.476176E+1
1.812875E+1	-1.334462E+1	9.147287E+1
1.814122E+1	-1.334942E+1	1.180647E+2
1.815370E+1	-1.334385E+1	1.447955E+2
1.816617E+1	-1.334539E+1	1.714371E+2
1.817865E+1	-1.332965E+1	-1.618334E+2
1.819112E+1	-1.332527E+1	-1.350888E+2
1.820360E+1	-1.331976E+1	-1.083907E+2
1.821608E+1	-1.332004E+1	-8.174911E+1
1.822855E+1	-1.330459E+1	-5.501194E+1
1.824103E+1	-1.328430E+1	-2.843947E+1
1.825350E+1	-1.327815E+1	-1.768304E+0
1.826598E+1	-1.326285E+1	2.495179E+1
1.827845E+1	-1.325604E+1	5.170148E+1
1.829093E+1	-1.324061E+1	7.851711E+1
1.830340E+1	-1.323534E+1	1.053008E+2
1.831587E+1	-1.321356E+1	1.322283E+2
1.832835E+1	-1.320350E+1	1.589854E+2
1.834082E+1	-1.320006E+1	-1.742422E+2
1.835330E+1	-1.318695E+1	-1.474089E+2
1.836577E+1	-1.317387E+1	-1.205450E+2
1.837825E+1	-1.316747E+1	-9.375327E+1
1.839072E+1	-1.316197E+1	-6.689908E+1
1.840320E+1	-1.316072E+1	-4.008113E+1
1.841568E+1	-1.316523E+1	-1.326926E+1
1.842815E+1	-1.316046E+1	1.350632E+1
1.844063E+1	-1.316223E+1	4.028351E+1
1.845310E+1	-1.316987E+1	6.704074E+1
1.846558E+1	-1.316808E+1	9.384658E+1
1.847805E+1	-1.317498E+1	1.206152E+2
1.849053E+1	-1.317474E+1	1.473849E+2
1.850300E+1	-1.317180E+1	1.741361E+2
1.851547E+1	-1.317583E+1	-1.590924E+2
1.852795E+1	-1.318359E+1	-1.324043E+2
1.854042E+1	-1.317849E+1	-1.056086E+2
1.855290E+1	-1.317938E+1	-7.886248E+1
1.856537E+1	-1.318530E+1	-5.216851E+1
1.857785E+1	-1.318383E+1	-2.540746E+1
1.859032E+1	-1.317999E+1	1.330154E+0
1.860280E+1	-1.318263E+1	2.801410E+1
1.861528E+1	-1.317514E+1	5.471486E+1
1.862775E+1	-1.317236E+1	8.141896E+1
1.864023E+1	-1.317118E+1	1.081395E+2
1.865270E+1	-1.316730E+1	1.348607E+2
1.866518E+1	-1.316668E+1	1.615261E+2
1.867765E+1	-1.315760E+1	-1.717242E+2
1.869012E+1	-1.315464E+1	-1.450699E+2
1.870260E+1	-1.314587E+1	-1.183667E+2
1.871507E+1	-1.313063E+1	-9.161542E+1
1.872755E+1	-1.312156E+1	-6.487887E+1
1.874002E+1	-1.310590E+1	-3.812643E+1
1.875250E+1	-1.310896E+1	-1.139079E+1
1.876497E+1	-1.309216E+1	1.542697E+1
1.877745E+1	-1.308675E+1	4.218773E+1
1.878993E+1	-1.308563E+1	6.889969E+1
1.880240E+1	-1.307256E+1	9.560435E+1
1.881488E+1	-1.306591E+1	1.223989E+2
1.882735E+1	-1.305711E+1	1.491976E+2
1.883983E+1	-1.305041E+1	1.759707E+2
1.885230E+1	-1.304426E+1	-1.572689E+2
1.886478E+1	-1.303989E+1	-1.305037E+2
1.887725E+1	-1.303761E+1	-1.037191E+2
1.888972E+1	-1.303069E+1	-7.708785E+1
1.890220E+1	-1.302892E+1	-5.033871E+1
1.891467E+1	-1.302717E+1	-2.352545E+1
1.892715E+1	-1.302357E+1	3.262286E+0
1.893962E+1	-1.302790E+1	3.001216E+1
1.895210E+1	-1.301883E+1	5.689924E+1
1.896457E+1	-1.302150E+1	8.362906E+1
1.897705E+1	-1.302569E+1	1.103418E+2
1.898953E+1	-1.301695E+1	1.370924E+2
1.900200E+1	-1.301969E+1	1.638358E+2
1.901448E+1	-1.302452E+1	-1.694898E+2
1.902695E+1	-1.302246E+1	-1.427618E+2
1.903943E+1	-1.302204E+1	-1.160871E+2
1.905190E+1	-1.301206E+1	-8.940625E+1
1.906437E+1	-1.301284E+1	-6.271803E+1
1.907685E+1	-1.300068E+1	-3.605745E+1
1.908932E+1	-1.299688E+1	-9.368799E+0
1.910180E+1	-1.298350E+1	1.738760E+1
1.911427E+1	-1.297396E+1	4.408002E+1
1.912675E+1	-1.296291E+1	7.077356E+1
1.913922E+1	-1.294247E+1	9.750666E+1
1.915170E+1	-1.292961E+1	1.242325E+2
1.916418E+1	-1.291395E+1	1.509373E+2
1.917665E+1	-1.289084E+1	1.776950E+2
1.918913E+1	-1.287493E+1	-1.555331E+2
1.920160E+1	-1.286314E+1	-1.288011E+2
1.921408E+1	-1.284536E+1	-1.019907E+2
1.922655E+1	-1.282560E+1	-7.529250E+1
1.923903E+1	-1.280639E+1	-4.848033E+1
1.925150E+1	-1.279967E+1	-2.167352E+1
1.926397E+1	-1.278741E+1	5.124523E+0
1.927645E+1	-1.278767E+1	3.193802E+1
1.928892E+1	-1.278051E+1	5.874313E+1
1.930140E+1	-1.276229E+1	8.574357E+1
1.931387E+1	-1.275167E+1	1.125648E+2
1.932635E+1	-1.276192E+1	1.393827E+2
1.933882E+1	-1.276038E+1	1.662173E+2
1.935130E+1	-1.275961E+1	-1.669419E+2
1.936378E+1	-1.276255E+1	-1.401425E+2
1.937625E+1	-1.276400E+1	-1.133485E+2
1.938873E+1	-1.277335E+1	-8.660096E+1
1.940120E+1	-1.277375E+1	-5.979408E+1
1.941368E+1	-1.277927E+1	-3.303519E+1
1.942615E+1	-1.278246E+1	-6.285660E+0
1.943862E+1	-1.278485E+1	2.045594E+1
1.945110E+1	-1.277813E+1	4.716518E+1
1.946357E+1	-1.278127E+1	7.388436E+1
1.947605E+1	-1.278077E+1	1.006067E+2
1.948852E+1	-1.278321E+1	1.273350E+2
1.950100E+1	-1.277999E+1	1.540213E+2
1.951347E+1	-1.277106E+1	-1.792678E+2
1.952595E+1	-1.276907E+1	-1.525910E+2
1.953843E+1	-1.275325E+1	-1.259026E+2
1.955090E+1	-1.274441E+1	-9.921696E+1
1.956338E+1	-1.274096E+1	-7.252119E+1
1.957585E+1	-1.272822E+1	-4.596720E+1
1.958833E+1	-1.271226E+1	-1.919607E+1
1.960080E+1	-1.270299E+1	7.500873E+0
1.961328E+1	-1.269263E+1	3.422699E+1
1.962575E+1	-1.268008E+1	6.091106E+1
1.963822E+1	-1.266052E+1	8.770898E+1
1.965070E+1	-1.265492E+1	1.144309E+2
1.966317E+1	-1.262748E+1	1.413701E+2
1.967565E+1	-1.261917E+1	1.681547E+2
1.968812E+1	-1.260507E+1	-1.650846E+2
1.970060E+1	-1.259526E+1	-1.383217E+2
1.971307E+1	-1.257529E+1	-1.115145E+2
1.972555E+1	-1.256442E+1	-8.470543E+1
1.973803E+1	-1.255269E+1	-5.787814E+1
1.975050E+1	-1.254263E+1	-3.109312E+1
1.976298E+1	-1.253617E+1	-4.250885E+0
1.977545E+1	-1.252969E+1	2.253015E+1
1.978793E+1	-1.252547E+1	4.930449E+1
1.980040E+1	-1.251002E+1	7.611852E+1
1.981287E+1	-1.250370E+1	1.029579E+2
1.982535E+1	-1.249217E+1	1.297776E+2
1.983782E+1	-1.248859E+1	1.565827E+2
1.985030E+1	-1.248893E+1	-1.765937E+2
1.986277E+1	-1.248786E+1	-1.498280E+2
1.987525E+1	-1.248465E+1	-1.230452E+2
1.988772E+1	-1.248419E+1	-9.626768E+1
1.990020E+1	-1.248605E+1	-6.955342E+1
1.991268E+1	-1.247827E+1	-4.273445E+1
1.992515E+1	-1.248135E+1	-1.597572E+1
1.993763E+1	-1.248109E+1	1.077699E+1
1.995010E+1	-1.247354E+1	3.760052E+1
1.996258E+1	-1.246218E+1	6.433392E+1
1.997505E+1	-1.245991E+1	9.108784E+1
1.998753E+1	-1.245046E+1	1.178498E+2
2.000000E+1	-1.243778E+1	1.446191E+2
