4.000000E-2	-5.838121E+1	1.495158E+2
5.247500E-2	-4.665879E+1	1.775788E+2
6.495000E-2	-4.429714E+1	-1.517794E+2
7.742500E-2	-4.301369E+1	-1.378437E+2
8.990000E-2	-4.054148E+1	-1.099583E+2
1.023750E-1	-3.922170E+1	-8.716682E+1
1.148500E-1	-3.787151E+1	-6.270977E+1
1.273250E-1	-3.647195E+1	-3.941358E+1
1.398000E-1	-3.532619E+1	-1.736517E+1
1.522750E-1	-3.431481E+1	6.044023E+0
1.647500E-1	-3.318592E+1	2.934409E+1
1.772250E-1	-3.215019E+1	5.219831E+1
1.897000E-1	-3.120269E+1	7.494482E+1
2.021750E-1	-3.024698E+1	9.826707E+1
2.146500E-1	-2.931320E+1	1.213590E+2
2.271250E-1	-2.843729E+1	1.441911E+2
2.396000E-1	-2.761830E+1	1.670017E+2
2.520750E-1	-2.684325E+1	-1.697689E+2
2.645500E-1	-2.600417E+1	-1.467118E+2
2.770250E-1	-2.521097E+1	-1.238763E+2
2.895000E-1	-2.454028E+1	-1.012252E+2
3.019750E-1	-2.384050E+1	-7.816762E+1
3.144500E-1	-2.321128E+1	-5.551773E+1
3.269250E-1	-2.256523E+1	-3.264164E+1
3.394000E-1	-2.199626E+1	-9.988349E+0
3.518750E-1	-2.146653E+1	1.295070E+1
3.643500E-1	-2.094416E+1	3.583843E+1
3.768250E-1	-2.043129E+1	5.860899E+1
3.893000E-1	-1.995195E+1	8.130123E+1
4.017750E-1	-1.953445E+1	1.041491E+2
4.142500E-1	-1.908819E+1	1.270922E+2
4.267250E-1	-1.871884E+1	1.498634E+2
4.392000E-1	-1.836077E+1	1.726045E+2
4.516750E-1	-1.804478E+1	-1.645864E+2
4.641500E-1	-1.774801E+1	-1.415418E+2
4.766250E-1	-1.745514E+1	-1.185680E+2
4.891000E-1	-1.718982E+1	-9.560071E+1
5.015750E-1	-1.697502E+1	-7.264633E+1
5.140500E-1	-1.677725E+1	-4.956157E+1
5.265250E-1	-1.658862E+1	-2.643052E+1
5.390000E-1	-1.642681E+1	-3.324691E+0
5.514750E-1	-1.630169E+1	1.978696E+1
5.639500E-1	-1.620959E+1	4.301343E+1
5.764250E-1	-1.613287E+1	6.636317E+1
5.889000E-1	-1.608183E+1	8.974635E+1
6.013750E-1	-1.605442E+1	1.131549E+2
6.138500E-1	-1.604310E+1	1.369327E+2
6.263250E-1	-1.606766E+1	1.606457E+2
6.388000E-1	-1.611311E+1	-1.759350E+2
6.512750E-1	-1.618009E+1	-1.521640E+2
6.637500E-1	-1.628273E+1	-1.283125E+2
6.762250E-1	-1.641037E+1	-1.043194E+2
6.887000E-1	-1.655443E+1	-8.018311E+1
7.011750E-1	-1.672760E+1	-5.589875E+1
7.136500E-1	-1.692719E+1	-3.150175E+1
7.261250E-1	-1.714211E+1	-6.869401E+0
7.386000E-1	-1.739639E+1	1.796188E+1
7.510750E-1	-1.766656E+1	4.308887E+1
7.635500E-1	-1.795032E+1	6.842630E+1
7.760250E-1	-1.824458E+1	9.397683E+1
7.885000E-1	-1.856373E+1	1.198467E+2
8.009750E-1	-1.890615E+1	1.461035E+2
8.134500E-1	-1.924628E+1	1.728397E+2
8.259250E-1	-1.956215E+1	-1.599701E+2
8.384000E-1	-1.985223E+1	-1.323723E+2
8.508750E-1	-2.010110E+1	-1.044926E+2
8.633500E-1	-2.031295E+1	-7.624949E+1
8.758250E-1	-2.046605E+1	-4.769165E+1
8.883000E-1	-2.055072E+1	-1.890027E+1
9.007750E-1	-2.056086E+1	1.000616E+1
9.132500E-1	-2.049213E+1	3.895881E+1
9.257250E-1	-2.036142E+1	6.778346E+1
9.382000E-1	-2.013294E+1	9.646355E+1
9.506750E-1	-1.984794E+1	1.247347E+2
9.631500E-1	-1.953533E+1	1.525916E+2
9.756250E-1	-1.920020E+1	-1.799293E+2
9.881000E-1	-1.886418E+1	-1.527700E+2
1.000575E+0	-1.851496E+1	-1.258964E+2
1.013050E+0	-1.817250E+1	-9.929640E+1
1.025525E+0	-1.783236E+1	-7.295976E+1
1.038000E+0	-1.750709E+1	-4.691661E+1
1.050475E+0	-1.719615E+1	-2.110999E+1
1.062950E+0	-1.691470E+1	4.495283E+0
1.075425E+0	-1.665680E+1	2.998898E+1
1.087900E+0	-1.641715E+1	5.539407E+1
1.100375E+0	-1.619421E+1	8.068699E+1
1.112850E+0	-1.600216E+1	1.058566E+2
1.125325E+0	-1.582325E+1	1.310826E+2
1.137800E+0	-1.567251E+1	1.561521E+2
1.150275E+0	-1.553038E+1	-1.787940E+2
1.162750E+0	-1.541528E+1	-1.538716E+2
1.175225E+0	-1.533199E+1	-1.289073E+2
1.187700E+0	-1.527752E+1	-1.038792E+2
1.200175E+0	-1.523179E+1	-7.858645E+1
1.212650E+0	-1.521108E+1	-5.345521E+1
1.225125E+0	-1.521085E+1	-2.831400E+1
1.237600E+0	-1.522711E+1	-3.097110E+0
1.250075E+0	-1.525164E+1	2.221947E+1
1.262550E+0	-1.528819E+1	4.754158E+1
1.275025E+0	-1.534223E+1	7.284457E+1
1.287500E+0	-1.542574E+1	9.828982E+1
1.299975E+0	-1.552783E+1	1.238846E+2
1.312450E+0	-1.563307E+1	1.496160E+2
1.324925E+0	-1.573770E+1	1.754488E+2
1.337400E+0	-1.584645E+1	-1.586347E+2
1.349875E+0	-1.596394E+1	-1.325665E+2
1.362350E+0	-1.609023E+1	-1.064060E+2
1.374825E+0	-1.621636E+1	-8.007581E+1
1.387300E+0	-1.633549E+1	-5.373113E+1
1.399775E+0	-1.644753E+1	-2.709983E+1
1.412250E+0	-1.654869E+1	-3.646753E-1
1.424725E+0	-1.663960E+1	2.640638E+1
1.437200E+0	-1.673945E+1	5.326996E+1
1.449675E+0	-1.682640E+1	8.033683E+1
1.462150E+0	-1.689116E+1	1.075312E+2
1.474625E+0	-1.692487E+1	1.348212E+2
1.487100E+0	-1.693983E+1	1.621005E+2
1.499575E+0	-1.693426E+1	-1.706220E+2
1.512050E+0	-1.691260E+1	-1.433431E+2
1.524525E+0	-1.687407E+1	-1.161621E+2
1.537000E+0	-1.680001E+1	-8.870066E+1
1.549475E+0	-1.671928E+1	-6.149514E+1
1.561950E+0	-1.662025E+1	-3.438385E+1
1.574425E+0	-1.651459E+1	-7.394959E+0
1.586900E+0	-1.640486E+1	1.945336E+1
1.599375E+0	-1.629226E+1	4.627485E+1
1.611850E+0	-1.616968E+1	7.300975E+1
1.624325E+0	-1.604056E+1	9.967053E+1
1.636800E+0	-1.590644E+1	1.262516E+2
1.649275E+0	-1.577819E+1	1.526835E+2
1.661750E+0	-1.565251E+1	1.790580E+2
1.674225E+0	-1.552989E+1	-1.546441E+2
1.686700E+0	-1.541040E+1	-1.284416E+2
1.699175E+0	-1.529996E+1	-1.023044E+2
1.711650E+0	-1.519555E+1	-7.621140E+1
1.724125E+0	-1.509513E+1	-5.016587E+1
1.736600E+0	-1.500752E+1	-2.416641E+1
1.749075E+0	-1.493228E+1	1.826851E+0
1.761550E+0	-1.486464E+1	2.779517E+1
1.774025E+0	-1.479739E+1	5.374100E+1
1.786500E+0	-1.473864E+1	7.967525E+1
1.798975E+0	-1.468678E+1	1.055656E+2
1.811450E+0	-1.464934E+1	1.314483E+2
1.823925E+0	-1.461814E+1	1.573264E+2
1.836400E+0	-1.459771E+1	-1.767612E+2
1.848875E+0	-1.458870E+1	-1.508119E+2
1.861350E+0	-1.458681E+1	-1.248449E+2
1.873825E+0	-1.458596E+1	-9.885217E+1
1.886300E+0	-1.458995E+1	-7.286472E+1
1.898775E+0	-1.460528E+1	-4.686644E+1
1.911250E+0	-1.462518E+1	-2.083270E+1
1.923725E+0	-1.464986E+1	5.229401E+0
1.936200E+0	-1.467996E+1	3.132766E+1
1.948675E+0	-1.471338E+1	5.745201E+1
1.961150E+0	-1.475298E+1	8.360286E+1
1.973625E+0	-1.478960E+1	1.097961E+2
1.986100E+0	-1.482955E+1	1.360188E+2
1.998575E+0	-1.486787E+1	1.622934E+2
2.011050E+0	-1.491038E+1	-1.714146E+2
2.023525E+0	-1.495230E+1	-1.450961E+2
2.036000E+0	-1.499614E+1	-1.186979E+2
2.048475E+0	-1.503344E+1	-9.230381E+1
2.060950E+0	-1.507949E+1	-6.590714E+1
2.073425E+0	-1.511356E+1	-3.942578E+1
2.085900E+0	-1.514751E+1	-1.289185E+1
2.098375E+0	-1.517551E+1	1.365332E+1
2.110850E+0	-1.520284E+1	4.019644E+1
2.123325E+0	-1.522651E+1	6.676479E+1
2.135800E+0	-1.524841E+1	9.335178E+1
2.148275E+0	-1.526583E+1	1.199815E+2
2.160750E+0	-1.527750E+1	1.466120E+2
2.173225E+0	-1.528849E+1	1.732543E+2
2.185700E+0	-1.529287E+1	-1.600949E+2
2.198175E+0	-1.529549E+1	-1.334365E+2
2.210650E+0	-1.529610E+1	-1.068198E+2
2.223125E+0	-1.529439E+1	-8.022469E+1
2.235600E+0	-1.529319E+1	-5.357073E+1
2.248075E+0	-1.528712E+1	-2.693169E+1
2.260550E+0	-1.528059E+1	-3.174961E-1
2.273025E+0	-1.527330E+1	2.628412E+1
2.285500E+0	-1.526395E+1	5.285797E+1
2.297975E+0	-1.525793E+1	7.942361E+1
2.310450E+0	-1.524793E+1	1.059241E+2
2.322925E+0	-1.524022E+1	1.324459E+2
2.335400E+0	-1.522835E+1	1.589519E+2
2.347875E+0	-1.521866E+1	-1.745546E+2
2.360350E+0	-1.520824E+1	-1.480750E+2
2.372825E+0	-1.520284E+1	-1.216371E+2
2.385300E+0	-1.519439E+1	-9.518747E+1
2.397775E+0	-1.518962E+1	-6.872589E+1
2.410250E+0	-1.518081E+1	-4.228327E+1
2.422725E+0	-1.517667E+1	-1.587367E+1
2.435200E+0	-1.517347E+1	1.055972E+1
2.447675E+0	-1.517384E+1	3.698351E+1
2.460150E+0	-1.517605E+1	6.339603E+1
2.472625E+0	-1.518070E+1	8.983381E+1
2.485100E+0	-1.518820E+1	1.162613E+2
2.497575E+0	-1.519359E+1	1.426959E+2
2.510050E+0	-1.520086E+1	1.691501E+2
2.522525E+0	-1.521216E+1	-1.644005E+2
2.535000E+0	-1.522536E+1	-1.379608E+2
2.547475E+0	-1.524206E+1	-1.114741E+2
2.559950E+0	-1.525852E+1	-8.498332E+1
2.572425E+0	-1.527808E+1	-5.848912E+1
2.584900E+0	-1.529999E+1	-3.199645E+1
2.597375E+0	-1.532389E+1	-5.467667E+0
2.609850E+0	-1.534679E+1	2.107016E+1
2.622325E+0	-1.537190E+1	4.763387E+1
2.634800E+0	-1.539817E+1	7.420339E+1
2.647275E+0	-1.542730E+1	1.007673E+2
2.659750E+0	-1.545609E+1	1.273368E+2
2.672225E+0	-1.548497E+1	1.539334E+2
2.684700E+0	-1.550588E+1	-1.794731E+2
2.697175E+0	-1.553236E+1	-1.528645E+2
2.709650E+0	-1.555675E+1	-1.262366E+2
2.722125E+0	-1.557754E+1	-9.958421E+1
2.734600E+0	-1.560475E+1	-7.292404E+1
2.747075E+0	-1.562450E+1	-4.626853E+1
2.759550E+0	-1.564624E+1	-1.959250E+1
2.772025E+0	-1.566278E+1	7.079397E+0
2.784500E+0	-1.567844E+1	3.375229E+1
2.796975E+0	-1.569467E+1	6.045589E+1
2.809450E+0	-1.570848E+1	8.715509E+1
2.821925E+0	-1.572149E+1	1.138545E+2
2.834400E+0	-1.573238E+1	1.405532E+2
2.846875E+0	-1.574526E+1	1.672516E+2
2.859350E+0	-1.575146E+1	-1.660426E+2
2.871825E+0	-1.575869E+1	-1.393256E+2
2.884300E+0	-1.576300E+1	-1.126217E+2
2.896775E+0	-1.576586E+1	-8.590701E+1
2.909250E+0	-1.577229E+1	-5.920591E+1
2.921725E+0	-1.577310E+1	-3.250273E+1
2.934200E+0	-1.577267E+1	-5.819849E+0
2.946675E+0	-1.576927E+1	2.086601E+1
2.959150E+0	-1.577134E+1	4.756274E+1
2.971625E+0	-1.576751E+1	7.426853E+1
2.984100E+0	-1.576548E+1	1.009310E+2
2.996575E+0	-1.576314E+1	1.276193E+2
3.009050E+0	-1.575735E+1	1.543010E+2
3.021525E+0	-1.575508E+1	-1.790462E+2
3.034000E+0	-1.574845E+1	-1.523792E+2
3.046475E+0	-1.574481E+1	-1.257576E+2
3.058950E+0	-1.573749E+1	-9.910718E+1
3.071425E+0	-1.573530E+1	-7.242294E+1
3.083900E+0	-1.572913E+1	-4.579207E+1
3.096375E+0	-1.572123E+1	-1.915258E+1
3.108850E+0	-1.571300E+1	7.482279E+0
3.121325E+0	-1.570897E+1	3.413662E+1
3.133800E+0	-1.570311E+1	6.076397E+1
3.146275E+0	-1.569782E+1	8.743283E+1
3.158750E+0	-1.569299E+1	1.141013E+2
3.171225E+0	-1.568686E+1	1.407532E+2
3.183700E+0	-1.568885E+1	1.674162E+2
3.196175E+0	-1.568396E+1	-1.659146E+2
3.208650E+0	-1.568651E+1	-1.392730E+2
3.221125E+0	-1.568383E+1	-1.126302E+2
3.233600E+0	-1.568354E+1	-8.597295E+1
3.246075E+0	-1.568034E+1	-5.936446E+1
3.258550E+0	-1.568236E+1	-3.265189E+1
3.271025E+0	-1.568087E+1	-6.032629E+0
3.283500E+0	-1.568121E+1	2.064182E+1
3.295975E+0	-1.568173E+1	4.726963E+1
3.308450E+0	-1.568612E+1	7.393308E+1
3.320925E+0	-1.568509E+1	1.005463E+2
3.333400E+0	-1.568664E+1	1.271926E+2
3.345875E+0	-1.568493E+1	1.538409E+2
3.358350E+0	-1.568266E+1	-1.795243E+2
3.370825E+0	-1.568445E+1	-1.528843E+2
3.383300E+0	-1.568185E+1	-1.262443E+2
3.395775E+0	-1.568061E+1	-9.960242E+1
3.408250E+0	-1.567597E+1	-7.298564E+1
3.420725E+0	-1.567110E+1	-4.634220E+1
3.433200E+0	-1.566645E+1	-1.969263E+1
3.445675E+0	-1.565487E+1	6.832181E+0
3.458150E+0	-1.565261E+1	3.348412E+1
3.470625E+0	-1.564784E+1	6.015454E+1
3.483100E+0	-1.564448E+1	8.680602E+1
3.495575E+0	-1.564036E+1	1.134743E+2
3.508050E+0	-1.563548E+1	1.401341E+2
3.520525E+0	-1.563203E+1	1.667619E+2
3.533000E+0	-1.561925E+1	-1.663753E+2
3.545475E+0	-1.561497E+1	-1.397015E+2
3.557950E+0	-1.560949E+1	-1.130781E+2
3.570425E+0	-1.560979E+1	-8.638931E+1
3.582900E+0	-1.560461E+1	-5.973072E+1
3.595375E+0	-1.560277E+1	-3.303102E+1
3.607850E+0	-1.560003E+1	-6.419552E+0
3.620325E+0	-1.559861E+1	2.022754E+1
3.632800E+0	-1.560020E+1	4.687603E+1
3.645275E+0	-1.560196E+1	7.350333E+1
3.657750E+0	-1.559936E+1	1.001276E+2
3.670225E+0	-1.559802E+1	1.267273E+2
3.682700E+0	-1.559525E+1	1.533425E+2
3.695175E+0	-1.559288E+1	1.799633E+2
3.707650E+0	-1.558903E+1	-1.534374E+2
3.720125E+0	-1.558669E+1	-1.268229E+2
3.732600E+0	-1.558521E+1	-1.002491E+2
3.745075E+0	-1.558142E+1	-7.366773E+1
3.757550E+0	-1.557611E+1	-4.709642E+1
3.770025E+0	-1.556886E+1	-2.051568E+1
3.782500E+0	-1.556129E+1	6.061594E+0
3.794975E+0	-1.554602E+1	3.257840E+1
3.807450E+0	-1.554294E+1	5.918064E+1
3.819925E+0	-1.553985E+1	8.576620E+1
3.832400E+0	-1.553628E+1	1.123725E+2
3.844875E+0	-1.553239E+1	1.389578E+2
3.857350E+0	-1.553029E+1	1.655611E+2
3.869825E+0	-1.552621E+1	-1.678283E+2
3.882300E+0	-1.550802E+1	-1.411051E+2
3.894775E+0	-1.550671E+1	-1.144638E+2
3.907250E+0	-1.550702E+1	-8.782471E+1
3.919725E+0	-1.550556E+1	-6.120293E+1
3.932200E+0	-1.550797E+1	-3.460463E+1
3.944675E+0	-1.550921E+1	-7.993363E+0
3.957150E+0	-1.550846E+1	1.862436E+1
3.969625E+0	-1.551394E+1	4.521746E+1
3.982100E+0	-1.551816E+1	7.185251E+1
3.994575E+0	-1.552121E+1	9.844585E+1
4.007050E+0	-1.552792E+1	1.250536E+2
4.019525E+0	-1.553273E+1	1.516419E+2
4.032000E+0	-1.553838E+1	1.782121E+2
4.044475E+0	-1.554216E+1	-1.552122E+2
4.056950E+0	-1.554507E+1	-1.286226E+2
4.069425E+0	-1.555091E+1	-1.020331E+2
4.081900E+0	-1.555383E+1	-7.545241E+1
4.094375E+0	-1.556250E+1	-4.889265E+1
4.106850E+0	-1.556111E+1	-2.230849E+1
4.119325E+0	-1.556997E+1	4.264431E+0
4.131800E+0	-1.557051E+1	3.082605E+1
4.144275E+0	-1.555902E+1	5.732328E+1
4.156750E+0	-1.556864E+1	8.392162E+1
4.169225E+0	-1.557676E+1	1.104659E+2
4.181700E+0	-1.558160E+1	1.370802E+2
4.194175E+0	-1.558465E+1	1.636646E+2
4.206650E+0	-1.559341E+1	-1.697865E+2
4.219125E+0	-1.559686E+1	-1.431655E+2
4.231600E+0	-1.559766E+1	-1.165872E+2
4.244075E+0	-1.560422E+1	-8.997025E+1
4.256550E+0	-1.559927E+1	-6.317634E+1
4.269025E+0	-1.560710E+1	-3.655667E+1
4.281500E+0	-1.561799E+1	-9.939874E+0
4.293975E+0	-1.562791E+1	1.665724E+1
4.306450E+0	-1.563486E+1	4.327674E+1
4.318925E+0	-1.564204E+1	6.990149E+1
4.331400E+0	-1.565299E+1	9.652871E+1
4.343875E+0	-1.566451E+1	1.231538E+2
4.356350E+0	-1.567659E+1	1.497519E+2
4.368825E+0	-1.569022E+1	1.763846E+2
4.381300E+0	-1.570086E+1	-1.570241E+2
4.393775E+0	-1.571095E+1	-1.304597E+2
4.406250E+0	-1.572114E+1	-1.038284E+2
4.418725E+0	-1.573128E+1	-7.720879E+1
4.431200E+0	-1.574204E+1	-5.057983E+1
4.443675E+0	-1.575495E+1	-2.394682E+1
4.456150E+0	-1.576916E+1	2.646687E+0
4.468625E+0	-1.578313E+1	2.923631E+1
4.481100E+0	-1.580007E+1	5.585146E+1
4.493575E+0	-1.580901E+1	8.243728E+1
4.506050E+0	-1.581244E+1	1.089599E+2
4.518525E+0	-1.582706E+1	1.355881E+2
4.531000E+0	-1.583790E+1	1.622232E+2
4.543475E+0	-1.585328E+1	-1.711529E+2
4.555950E+0	-1.586867E+1	-1.445410E+2
4.568425E+0	-1.588408E+1	-1.179111E+2
4.580900E+0	-1.589761E+1	-9.129134E+1
4.593375E+0	-1.590523E+1	-6.449789E+1
4.605850E+0	-1.592449E+1	-3.786954E+1
4.618325E+0	-1.593862E+1	-1.121000E+1
4.630800E+0	-1.595568E+1	1.541324E+1
4.643275E+0	-1.597590E+1	4.206475E+1
4.655750E+0	-1.599293E+1	6.864696E+1
4.668225E+0	-1.601298E+1	9.529903E+1
4.680700E+0	-1.602428E+1	1.219531E+2
4.693175E+0	-1.604347E+1	1.485910E+2
4.705650E+0	-1.606308E+1	1.752387E+2
4.718125E+0	-1.607714E+1	-1.581376E+2
4.730600E+0	-1.609223E+1	-1.315067E+2
4.743075E+0	-1.610863E+1	-1.048815E+2
4.755550E+0	-1.612523E+1	-7.822019E+1
4.768025E+0	-1.613990E+1	-5.156333E+1
4.780500E+0	-1.615508E+1	-2.489599E+1
4.792975E+0	-1.617238E+1	1.787399E+0
4.805450E+0	-1.618935E+1	2.843328E+1
4.817925E+0	-1.620848E+1	5.512408E+1
4.830400E+0	-1.622901E+1	8.178836E+1
4.842875E+0	-1.624460E+1	1.084578E+2
4.855350E+0	-1.626068E+1	1.351437E+2
4.867825E+0	-1.628092E+1	1.618606E+2
4.880300E+0	-1.629997E+1	-1.714826E+2
4.892775E+0	-1.632025E+1	-1.447481E+2
4.905250E+0	-1.634465E+1	-1.180551E+2
4.917725E+0	-1.636757E+1	-9.135909E+1
4.930200E+0	-1.639217E+1	-6.466143E+1
4.942675E+0	-1.641195E+1	-3.798307E+1
4.955150E+0	-1.643929E+1	-1.126732E+1
4.967625E+0	-1.646357E+1	1.543949E+1
4.980100E+0	-1.648736E+1	4.211778E+1
4.992575E+0	-1.651553E+1	6.881382E+1
5.005050E+0	-1.654534E+1	9.547943E+1
5.017525E+0	-1.657193E+1	1.221710E+2
5.030000E+0	-1.659357E+1	1.488307E+2
5.042475E+0	-1.661583E+1	1.754961E+2
5.054950E+0	-1.663707E+1	-1.578044E+2
5.067425E+0	-1.666161E+1	-1.311232E+2
5.079900E+0	-1.667668E+1	-1.045391E+2
5.092375E+0	-1.670052E+1	-7.781867E+1
5.104850E+0	-1.672161E+1	-5.113594E+1
5.117325E+0	-1.674835E+1	-2.442791E+1
5.129800E+0	-1.677080E+1	2.289752E+0
5.142275E+0	-1.679239E+1	2.897059E+1
5.154750E+0	-1.681472E+1	5.569993E+1
5.167225E+0	-1.683686E+1	8.243568E+1
5.179700E+0	-1.686267E+1	1.091599E+2
5.192175E+0	-1.688558E+1	1.358832E+2
5.204650E+0	-1.689422E+1	1.627586E+2
5.217125E+0	-1.691435E+1	-1.704703E+2
5.229600E+0	-1.694021E+1	-1.436940E+2
5.242075E+0	-1.696704E+1	-1.169370E+2
5.254550E+0	-1.699301E+1	-9.016648E+1
5.267025E+0	-1.701790E+1	-6.341017E+1
5.279500E+0	-1.704692E+1	-3.663767E+1
5.291975E+0	-1.707736E+1	-9.870465E+0
5.304450E+0	-1.710371E+1	1.688127E+1
5.316925E+0	-1.712999E+1	4.365096E+1
5.329400E+0	-1.715587E+1	7.042410E+1
5.341875E+0	-1.718815E+1	9.717865E+1
5.354350E+0	-1.721879E+1	1.239572E+2
5.366825E+0	-1.724506E+1	1.507106E+2
5.379300E+0	-1.727070E+1	1.774730E+2
5.391775E+0	-1.730005E+1	-1.557783E+2
5.404250E+0	-1.732296E+1	-1.290332E+2
5.416725E+0	-1.734701E+1	-1.022893E+2
5.429200E+0	-1.735569E+1	-7.559884E+1
5.441675E+0	-1.738330E+1	-4.879416E+1
5.454150E+0	-1.740785E+1	-2.201643E+1
5.466625E+0	-1.743220E+1	4.751411E+0
5.479100E+0	-1.745507E+1	3.155675E+1
5.491575E+0	-1.748174E+1	5.833787E+1
5.504050E+0	-1.750474E+1	8.515612E+1
5.516525E+0	-1.752778E+1	1.119683E+2
5.529000E+0	-1.755154E+1	1.387842E+2
5.541475E+0	-1.757607E+1	1.655942E+2
5.553950E+0	-1.760250E+1	-1.675972E+2
5.566425E+0	-1.762135E+1	-1.408778E+2
5.578900E+0	-1.762545E+1	-1.138397E+2
5.591375E+0	-1.764493E+1	-8.697069E+1
5.603850E+0	-1.767167E+1	-6.012428E+1
5.616325E+0	-1.769317E+1	-3.329791E+1
5.628800E+0	-1.772217E+1	-6.407845E+0
5.641275E+0	-1.774679E+1	2.041466E+1
5.653750E+0	-1.777111E+1	4.725791E+1
5.666225E+0	-1.779849E+1	7.414275E+1
5.678700E+0	-1.780746E+1	1.009608E+2
5.691175E+0	-1.783387E+1	1.278527E+2
5.703650E+0	-1.785989E+1	1.547574E+2
5.716125E+0	-1.788171E+1	-1.783944E+2
5.728600E+0	-1.790359E+1	-1.515432E+2
5.741075E+0	-1.792812E+1	-1.246756E+2
5.753550E+0	-1.794938E+1	-9.782773E+1
5.766025E+0	-1.796879E+1	-7.097076E+1
5.778500E+0	-1.797168E+1	-4.422338E+1
5.790975E+0	-1.798424E+1	-1.727109E+1
5.803450E+0	-1.800690E+1	9.644922E+0
5.815925E+0	-1.803071E+1	3.655498E+1
5.828400E+0	-1.804826E+1	6.344424E+1
5.840875E+0	-1.806694E+1	9.037202E+1
5.853350E+0	-1.808517E+1	1.172954E+2
5.865825E+0	-1.810559E+1	1.442277E+2
5.878300E+0	-1.812631E+1	1.711584E+2
5.890775E+0	-1.814749E+1	-1.619344E+2
5.903250E+0	-1.817066E+1	-1.350650E+2
5.915725E+0	-1.818748E+1	-1.081020E+2
5.928200E+0	-1.820510E+1	-8.118630E+1
5.940675E+0	-1.820827E+1	-5.411332E+1
5.953150E+0	-1.822642E+1	-2.716066E+1
5.965625E+0	-1.824690E+1	-1.863402E-1
5.978100E+0	-1.827063E+1	2.670789E+1
5.990575E+0	-1.828845E+1	5.368076E+1
6.003050E+0	-1.830730E+1	8.056904E+1
6.015525E+0	-1.832604E+1	1.075153E+2
6.028000E+0	-1.834118E+1	1.344287E+2
6.040475E+0	-1.835558E+1	1.613301E+2
6.052950E+0	-1.836868E+1	-1.717600E+2
6.065425E+0	-1.838423E+1	-1.448218E+2
6.077900E+0	-1.839288E+1	-1.178967E+2
6.090375E+0	-1.839843E+1	-9.114124E+1
6.102850E+0	-1.840797E+1	-6.421703E+1
6.115325E+0	-1.841463E+1	-3.727924E+1
6.127800E+0	-1.842200E+1	-1.033587E+1
6.140275E+0	-1.842961E+1	1.659851E+1
6.152750E+0	-1.843259E+1	4.353668E+1
6.165225E+0	-1.844025E+1	7.053202E+1
6.177700E+0	-1.844797E+1	9.747281E+1
6.190175E+0	-1.845461E+1	1.244525E+2
6.202650E+0	-1.845641E+1	1.513620E+2
6.215125E+0	-1.845842E+1	1.783407E+2
6.227600E+0	-1.845472E+1	-1.547054E+2
6.240075E+0	-1.846169E+1	-1.276782E+2
6.252550E+0	-1.846407E+1	-1.007049E+2
6.265025E+0	-1.846982E+1	-7.375871E+1
6.277500E+0	-1.845601E+1	-4.652250E+1
6.289975E+0	-1.846406E+1	-1.954621E+1
6.302450E+0	-1.846607E+1	7.404273E+0
6.314925E+0	-1.847275E+1	3.435715E+1
6.327400E+0	-1.847390E+1	6.132100E+1
6.339875E+0	-1.847290E+1	8.833955E+1
6.352350E+0	-1.847844E+1	1.152780E+2
6.364825E+0	-1.847619E+1	1.422258E+2
6.377300E+0	-1.847891E+1	1.691535E+2
6.389775E+0	-1.847395E+1	-1.638974E+2
6.402250E+0	-1.845632E+1	-1.371249E+2
6.414725E+0	-1.844967E+1	-1.101288E+2
6.427200E+0	-1.844256E+1	-8.316444E+1
6.439675E+0	-1.843766E+1	-5.620755E+1
6.452150E+0	-1.842944E+1	-2.923993E+1
6.464625E+0	-1.842078E+1	-2.291764E+0
6.477100E+0	-1.841254E+1	2.465708E+1
6.489575E+0	-1.839997E+1	5.161798E+1
6.502050E+0	-1.839015E+1	7.854292E+1
6.514525E+0	-1.838127E+1	1.055235E+2
6.527000E+0	-1.836287E+1	1.324913E+2
6.539475E+0	-1.834948E+1	1.594312E+2
6.551950E+0	-1.833177E+1	-1.736278E+2
6.564425E+0	-1.829221E+1	-1.465782E+2
6.576900E+0	-1.827272E+1	-1.195795E+2
6.589375E+0	-1.825265E+1	-9.259070E+1
6.601850E+0	-1.823686E+1	-6.557960E+1
6.614325E+0	-1.822073E+1	-3.856732E+1
6.626800E+0	-1.821342E+1	-1.162705E+1
6.639275E+0	-1.819860E+1	1.540936E+1
6.651750E+0	-1.818560E+1	4.234472E+1
6.664225E+0	-1.817439E+1	6.926279E+1
6.676700E+0	-1.816050E+1	9.622572E+1
6.689175E+0	-1.814406E+1	1.231260E+2
6.701650E+0	-1.812590E+1	1.500605E+2
6.714125E+0	-1.811074E+1	1.770129E+2
6.726600E+0	-1.808823E+1	-1.560884E+2
6.739075E+0	-1.806613E+1	-1.292157E+2
6.751550E+0	-1.804824E+1	-1.022685E+2
6.764025E+0	-1.802229E+1	-7.540500E+1
6.776500E+0	-1.798203E+1	-4.857750E+1
6.788975E+0	-1.795866E+1	-2.163028E+1
6.801450E+0	-1.793463E+1	5.283648E+0
6.813925E+0	-1.791651E+1	3.221477E+1
6.826400E+0	-1.789577E+1	5.910892E+1
6.838875E+0	-1.787446E+1	8.599954E+1
6.851350E+0	-1.784869E+1	1.128892E+2
6.863825E+0	-1.781769E+1	1.398056E+2
6.876300E+0	-1.780577E+1	1.668893E+2
6.888775E+0	-1.778680E+1	-1.662393E+2
6.901250E+0	-1.776536E+1	-1.393560E+2
6.913725E+0	-1.774097E+1	-1.124966E+2
6.926200E+0	-1.768892E+1	-8.551045E+1
6.938675E+0	-1.765883E+1	-5.868754E+1
6.951150E+0	-1.763263E+1	-3.175147E+1
6.963625E+0	-1.757828E+1	-4.880953E+0
6.976100E+0	-1.755321E+1	2.207825E+1
6.988575E+0	-1.753236E+1	4.900360E+1
7.001050E+0	-1.751033E+1	7.588630E+1
7.013525E+0	-1.748880E+1	1.027564E+2
7.026000E+0	-1.747091E+1	1.295932E+2
7.038475E+0	-1.744285E+1	1.564537E+2
7.050950E+0	-1.742083E+1	-1.767257E+2
7.063425E+0	-1.739300E+1	-1.498685E+2
7.075900E+0	-1.736353E+1	-1.230349E+2
7.088375E+0	-1.733659E+1	-9.619405E+1
7.100850E+0	-1.731641E+1	-6.938779E+1
7.113325E+0	-1.728526E+1	-4.255441E+1
7.125800E+0	-1.725878E+1	-1.576505E+1
7.138275E+0	-1.722701E+1	1.104025E+1
7.150750E+0	-1.719096E+1	3.773285E+1
7.163225E+0	-1.716096E+1	6.457494E+1
7.175700E+0	-1.713139E+1	9.140740E+1
7.188175E+0	-1.710220E+1	1.182246E+2
7.200650E+0	-1.707385E+1	1.450605E+2
7.213125E+0	-1.704750E+1	1.718584E+2
7.225600E+0	-1.701898E+1	-1.613279E+2
7.238075E+0	-1.699220E+1	-1.345086E+2
7.250550E+0	-1.696349E+1	-1.077138E+2
7.263025E+0	-1.693581E+1	-8.086822E+1
7.275500E+0	-1.690493E+1	-5.405368E+1
7.287975E+0	-1.687990E+1	-2.727625E+1
7.300450E+0	-1.685163E+1	-4.923064E-1
7.312925E+0	-1.680794E+1	2.646509E+1
7.325400E+0	-1.677829E+1	5.328410E+1
7.337875E+0	-1.675071E+1	8.010308E+1
7.350350E+0	-1.672577E+1	1.069058E+2
7.362825E+0	-1.670062E+1	1.336668E+2
7.375300E+0	-1.668190E+1	1.604879E+2
7.387775E+0	-1.665454E+1	-1.726992E+2
7.400250E+0	-1.662435E+1	-1.459249E+2
7.412725E+0	-1.659496E+1	-1.191309E+2
7.425200E+0	-1.656851E+1	-9.236173E+1
7.437675E+0	-1.654444E+1	-6.556238E+1
7.450150E+0	-1.652122E+1	-3.882256E+1
7.462625E+0	-1.649632E+1	-1.202878E+1
7.475100E+0	-1.646444E+1	1.470826E+1
7.487575E+0	-1.643729E+1	4.150925E+1
7.500050E+0	-1.640883E+1	6.828628E+1
7.512525E+0	-1.638066E+1	9.506725E+1
7.525000E+0	-1.635223E+1	1.218534E+2
7.537475E+0	-1.632627E+1	1.486583E+2
7.549950E+0	-1.630033E+1	1.754362E+2
7.562425E+0	-1.627907E+1	-1.577852E+2
7.574900E+0	-1.625155E+1	-1.310511E+2
7.587375E+0	-1.622447E+1	-1.042937E+2
7.599850E+0	-1.619741E+1	-7.752588E+1
7.612325E+0	-1.617303E+1	-5.075038E+1
7.624800E+0	-1.614750E+1	-2.397731E+1
7.637275E+0	-1.612161E+1	2.761205E+0
7.649750E+0	-1.610012E+1	2.951549E+1
7.662225E+0	-1.607424E+1	5.625937E+1
7.674700E+0	-1.604981E+1	8.304183E+1
7.687175E+0	-1.602138E+1	1.097688E+2
7.699650E+0	-1.599452E+1	1.365326E+2
7.712125E+0	-1.596384E+1	1.632795E+2
7.724600E+0	-1.594097E+1	-1.700939E+2
7.737075E+0	-1.591304E+1	-1.433304E+2
7.749550E+0	-1.588822E+1	-1.166374E+2
7.762025E+0	-1.586427E+1	-8.984239E+1
7.774500E+0	-1.583333E+1	-6.308323E+1
7.786975E+0	-1.579742E+1	-3.620169E+1
7.799450E+0	-1.576765E+1	-9.425330E+0
7.811925E+0	-1.573699E+1	1.729368E+1
7.824400E+0	-1.571866E+1	4.406529E+1
7.836875E+0	-1.569137E+1	7.085337E+1
7.849350E+0	-1.565984E+1	9.760191E+1
7.861825E+0	-1.563201E+1	1.243855E+2
7.874300E+0	-1.560156E+1	1.511524E+2
7.886775E+0	-1.558102E+1	1.779041E+2
7.899250E+0	-1.555908E+1	-1.552838E+2
7.911725E+0	-1.553385E+1	-1.285281E+2
7.924200E+0	-1.551718E+1	-1.017677E+2
7.936675E+0	-1.549332E+1	-7.505033E+1
7.949150E+0	-1.546923E+1	-4.840816E+1
7.961625E+0	-1.544837E+1	-2.164183E+1
7.974100E+0	-1.542290E+1	5.097155E+0
7.986575E+0	-1.539916E+1	3.186529E+1
7.999050E+0	-1.538009E+1	5.857026E+1
8.011525E+0	-1.535229E+1	8.525799E+1
8.024000E+0	-1.532882E+1	1.119665E+2
8.036475E+0	-1.530054E+1	1.386838E+2
8.048950E+0	-1.527160E+1	1.653954E+2
8.061425E+0	-1.524340E+1	-1.679062E+2
8.073900E+0	-1.521374E+1	-1.411555E+2
8.086375E+0	-1.518470E+1	-1.145704E+2
8.098850E+0	-1.516120E+1	-8.791142E+1
8.111325E+0	-1.513697E+1	-6.114504E+1
8.123800E+0	-1.510749E+1	-3.443585E+1
8.136275E+0	-1.507977E+1	-7.690997E+0
8.148750E+0	-1.505526E+1	1.903515E+1
8.161225E+0	-1.502873E+1	4.575333E+1
8.173700E+0	-1.498357E+1	7.258142E+1
8.186175E+0	-1.497626E+1	9.940182E+1
8.198650E+0	-1.495128E+1	1.261249E+2
8.211125E+0	-1.492469E+1	1.528673E+2
8.223600E+0	-1.489655E+1	1.795056E+2
8.236075E+0	-1.487253E+1	-1.537197E+2
8.248550E+0	-1.484530E+1	-1.269780E+2
8.261025E+0	-1.481793E+1	-1.002441E+2
8.273500E+0	-1.479698E+1	-7.357346E+1
8.285975E+0	-1.477922E+1	-4.682324E+1
8.298450E+0	-1.474913E+1	-2.014919E+1
8.310925E+0	-1.472696E+1	6.563801E+0
8.323400E+0	-1.470525E+1	3.330917E+1
8.335875E+0	-1.466854E+1	6.001272E+1
8.348350E+0	-1.464374E+1	8.678568E+1
8.360825E+0	-1.462238E+1	1.135628E+2
8.373300E+0	-1.460147E+1	1.402807E+2
8.385775E+0	-1.458063E+1	1.669711E+2
8.398250E+0	-1.455549E+1	-1.663460E+2
8.410725E+0	-1.453335E+1	-1.396562E+2
8.423200E+0	-1.451092E+1	-1.130129E+2
8.435675E+0	-1.448378E+1	-8.626742E+1
8.448150E+0	-1.445727E+1	-5.956011E+1
8.460625E+0	-1.443352E+1	-3.285434E+1
8.473100E+0	-1.441341E+1	-6.177147E+0
8.485575E+0	-1.438768E+1	2.053591E+1
8.498050E+0	-1.436132E+1	4.710065E+1
8.510525E+0	-1.433901E+1	7.377076E+1
8.523000E+0	-1.431421E+1	1.005487E+2
8.535475E+0	-1.429743E+1	1.272232E+2
8.547950E+0	-1.426462E+1	1.540570E+2
8.560425E+0	-1.423860E+1	-1.792464E+2
8.572900E+0	-1.421575E+1	-1.525503E+2
8.585375E+0	-1.419059E+1	-1.258422E+2
8.597850E+0	-1.416680E+1	-9.914560E+1
8.610325E+0	-1.414664E+1	-7.243813E+1
8.622800E+0	-1.412957E+1	-4.569151E+1
8.635275E+0	-1.411237E+1	-1.898759E+1
8.647750E+0	-1.409274E+1	7.646782E+0
8.660225E+0	-1.407901E+1	3.434528E+1
8.672700E+0	-1.405416E+1	6.102699E+1
8.685175E+0	-1.403118E+1	8.769411E+1
8.697650E+0	-1.400815E+1	1.143804E+2
8.710125E+0	-1.398977E+1	1.410824E+2
8.722600E+0	-1.397097E+1	1.677635E+2
8.735075E+0	-1.395069E+1	-1.655777E+2
8.747550E+0	-1.393077E+1	-1.389297E+2
8.760025E+0	-1.391237E+1	-1.122873E+2
8.772500E+0	-1.388895E+1	-8.561448E+1
8.784975E+0	-1.386701E+1	-5.895325E+1
8.797450E+0	-1.384250E+1	-3.224850E+1
8.809925E+0	-1.382626E+1	-5.571695E+0
8.822400E+0	-1.380293E+1	2.107048E+1
8.834875E+0	-1.378017E+1	4.773687E+1
8.847350E+0	-1.376321E+1	7.443226E+1
8.859825E+0	-1.373999E+1	1.010929E+2
8.872300E+0	-1.371407E+1	1.277380E+2
8.884775E+0	-1.368971E+1	1.544130E+2
8.897250E+0	-1.367232E+1	-1.789547E+2
8.909725E+0	-1.365101E+1	-1.522330E+2
8.922200E+0	-1.362978E+1	-1.255854E+2
8.934675E+0	-1.360768E+1	-9.891551E+1
8.947150E+0	-1.359026E+1	-7.226522E+1
8.959625E+0	-1.356517E+1	-4.564646E+1
8.972100E+0	-1.354387E+1	-1.896183E+1
8.984575E+0	-1.351931E+1	7.745811E+0
8.997050E+0	-1.349941E+1	3.442691E+1
9.009525E+0	-1.347951E+1	6.107393E+1
9.022000E+0	-1.346042E+1	8.774854E+1
9.034475E+0	-1.343926E+1	1.143951E+2
9.046950E+0	-1.341663E+1	1.410411E+2
9.059425E+0	-1.339224E+1	1.677267E+2
9.071900E+0	-1.337011E+1	-1.656078E+2
9.084375E+0	-1.335018E+1	-1.389331E+2
9.096850E+0	-1.333248E+1	-1.122514E+2
9.109325E+0	-1.331208E+1	-8.558019E+1
9.121800E+0	-1.329015E+1	-5.895697E+1
9.134275E+0	-1.326556E+1	-3.228646E+1
9.146750E+0	-1.324403E+1	-5.576805E+0
9.159225E+0	-1.322324E+1	2.113112E+1
9.171700E+0	-1.320648E+1	4.780812E+1
9.184175E+0	-1.318887E+1	7.447771E+1
9.196650E+0	-1.317119E+1	1.011334E+2
9.209125E+0	-1.315314E+1	1.278201E+2
9.221600E+0	-1.313347E+1	1.544517E+2
9.234075E+0	-1.311052E+1	-1.788725E+2
9.246550E+0	-1.308927E+1	-1.521602E+2
9.259025E+0	-1.307428E+1	-1.254916E+2
9.271500E+0	-1.305966E+1	-9.882025E+1
9.283975E+0	-1.304098E+1	-7.218443E+1
9.296450E+0	-1.302251E+1	-4.551771E+1
9.308925E+0	-1.300122E+1	-1.883589E+1
9.321400E+0	-1.298044E+1	7.812950E+0
9.333875E+0	-1.296697E+1	3.450698E+1
9.346350E+0	-1.294306E+1	6.118113E+1
9.358825E+0	-1.292615E+1	8.784033E+1
9.371300E+0	-1.291450E+1	1.145171E+2
9.383775E+0	-1.289689E+1	1.412059E+2
9.396250E+0	-1.287662E+1	1.678264E+2
9.408725E+0	-1.285945E+1	-1.655408E+2
9.421200E+0	-1.283987E+1	-1.388632E+2
9.433675E+0	-1.282005E+1	-1.121704E+2
9.446150E+0	-1.279998E+1	-8.550151E+1
9.458625E+0	-1.278788E+1	-5.887202E+1
9.471100E+0	-1.277078E+1	-3.215705E+1
9.483575E+0	-1.275318E+1	-5.494916E+0
9.496050E+0	-1.273872E+1	2.111665E+1
9.508525E+0	-1.271787E+1	4.782899E+1
9.521000E+0	-1.269907E+1	7.452025E+1
9.533475E+0	-1.268471E+1	1.012127E+2
9.545950E+0	-1.267206E+1	1.278728E+2
9.558425E+0	-1.266060E+1	1.545491E+2
9.570900E+0	-1.264948E+1	-1.788369E+2
9.583375E+0	-1.263790E+1	-1.522795E+2
9.595850E+0	-1.261830E+1	-1.256254E+2
9.608325E+0	-1.260186E+1	-9.895630E+1
9.620800E+0	-1.258222E+1	-7.230273E+1
9.633275E+0	-1.256671E+1	-4.560756E+1
9.645750E+0	-1.255029E+1	-1.895897E+1
9.658225E+0	-1.253631E+1	7.702631E+0
9.670700E+0	-1.251772E+1	3.435793E+1
9.683175E+0	-1.250168E+1	6.100732E+1
9.695650E+0	-1.248687E+1	8.769338E+1
9.708125E+0	-1.247127E+1	1.143653E+2
9.720600E+0	-1.245603E+1	1.410324E+2
9.733075E+0	-1.245371E+1	1.677359E+2
9.745550E+0	-1.244223E+1	-1.656080E+2
9.758025E+0	-1.243067E+1	-1.389910E+2
9.770500E+0	-1.241357E+1	-1.123216E+2
9.782975E+0	-1.239721E+1	-8.567164E+1
9.795450E+0	-1.237936E+1	-5.901197E+1
9.807925E+0	-1.236833E+1	-3.235986E+1
9.820400E+0	-1.235687E+1	-5.728586E+0
9.832875E+0	-1.233854E+1	2.094539E+1
9.845350E+0	-1.232484E+1	4.753241E+1
9.857825E+0	-1.231624E+1	7.421110E+1
9.870300E+0	-1.229277E+1	1.008675E+2
9.882775E+0	-1.227954E+1	1.275673E+2
9.895250E+0	-1.227297E+1	1.542429E+2
9.907725E+0	-1.226073E+1	-1.790480E+2
9.920200E+0	-1.225205E+1	-1.524361E+2
9.932675E+0	-1.224452E+1	-1.258245E+2
9.945150E+0	-1.223585E+1	-9.922157E+1
9.957625E+0	-1.221724E+1	-7.259178E+1
9.970100E+0	-1.221045E+1	-4.601776E+1
9.982575E+0	-1.219520E+1	-1.936644E+1
9.995050E+0	-1.218119E+1	7.206583E+0
1.000752E+1	-1.216993E+1	3.387410E+1
1.002000E+1	-1.215936E+1	6.051300E+1
1.003247E+1	-1.214346E+1	8.709727E+1
1.004495E+1	-1.212523E+1	1.137251E+2
1.005743E+1	-1.210360E+1	1.403547E+2
1.006990E+1	-1.208339E+1	1.670502E+2
1.008238E+1	-1.206764E+1	-1.662793E+2
1.009485E+1	-1.205725E+1	-1.396382E+2
1.010732E+1	-1.204499E+1	-1.130190E+2
1.011980E+1	-1.203100E+1	-8.638943E+1
1.013227E+1	-1.200883E+1	-5.976057E+1
1.014475E+1	-1.199703E+1	-3.310393E+1
1.015723E+1	-1.198925E+1	-6.443008E+0
1.016970E+1	-1.197795E+1	2.026747E+1
1.018218E+1	-1.196398E+1	4.691708E+1
1.019465E+1	-1.195043E+1	7.354221E+1
1.020712E+1	-1.193777E+1	1.002134E+2
1.021960E+1	-1.192451E+1	1.268172E+2
1.023208E+1	-1.190808E+1	1.535072E+2
1.024455E+1	-1.189598E+1	-1.798667E+2
1.025703E+1	-1.187918E+1	-1.531466E+2
1.026950E+1	-1.186756E+1	-1.264948E+2
1.028197E+1	-1.185547E+1	-9.987827E+1
1.029445E+1	-1.184779E+1	-7.318357E+1
1.030692E+1	-1.183755E+1	-4.654945E+1
1.031940E+1	-1.182773E+1	-1.988809E+1
1.033188E+1	-1.181764E+1	6.759029E+0
1.034435E+1	-1.181201E+1	3.338851E+1
1.035683E+1	-1.179517E+1	6.007031E+1
1.036930E+1	-1.179164E+1	8.670657E+1
1.038177E+1	-1.178786E+1	1.132560E+2
1.039425E+1	-1.176308E+1	1.397910E+2
1.040672E+1	-1.175247E+1	1.664399E+2
1.041920E+1	-1.174249E+1	-1.669168E+2
1.043168E+1	-1.172777E+1	-1.402345E+2
1.044415E+1	-1.171675E+1	-1.136049E+2
1.045663E+1	-1.170742E+1	-8.701721E+1
1.046910E+1	-1.169448E+1	-6.037523E+1
1.048157E+1	-1.167857E+1	-3.373034E+1
1.049405E+1	-1.166018E+1	-7.107635E+0
1.050652E+1	-1.164916E+1	1.954979E+1
1.051900E+1	-1.163277E+1	4.619015E+1
1.053148E+1	-1.162364E+1	7.283983E+1
1.054395E+1	-1.160487E+1	9.950880E+1
1.055643E+1	-1.159141E+1	1.261768E+2
1.056890E+1	-1.158103E+1	1.528337E+2
1.058137E+1	-1.156668E+1	1.794660E+2
1.059385E+1	-1.155788E+1	-1.538942E+2
1.060633E+1	-1.154422E+1	-1.272150E+2
1.061880E+1	-1.153079E+1	-1.005437E+2
1.063128E+1	-1.152348E+1	-7.389065E+1
1.064375E+1	-1.151357E+1	-4.722589E+1
1.065622E+1	-1.150792E+1	-2.059445E+1
1.066870E+1	-1.149271E+1	6.067487E+0
1.068117E+1	-1.148031E+1	3.272734E+1
1.069365E+1	-1.146811E+1	5.940408E+1
1.070613E+1	-1.145798E+1	8.607111E+1
1.071860E+1	-1.144812E+1	1.127300E+2
1.073108E+1	-1.144326E+1	1.394229E+2
1.074355E+1	-1.143808E+1	1.660772E+2
1.075602E+1	-1.143416E+1	-1.672762E+2
1.076850E+1	-1.142502E+1	-1.406513E+2
1.078097E+1	-1.141732E+1	-1.140534E+2
1.079345E+1	-1.140563E+1	-8.735659E+1
1.080593E+1	-1.139946E+1	-6.068895E+1
1.081840E+1	-1.139444E+1	-3.405548E+1
1.083088E+1	-1.138806E+1	-7.440774E+0
1.084335E+1	-1.137690E+1	1.917902E+1
1.085582E+1	-1.136647E+1	4.577627E+1
1.086830E+1	-1.134656E+1	7.232291E+1
1.088077E+1	-1.132750E+1	9.897791E+1
1.089325E+1	-1.132000E+1	1.255891E+2
1.090573E+1	-1.131190E+1	1.522210E+2
1.091820E+1	-1.129010E+1	1.789289E+2
1.093068E+1	-1.127909E+1	-1.544695E+2
1.094315E+1	-1.126972E+1	-1.278177E+2
1.095562E+1	-1.127548E+1	-1.011411E+2
1.096810E+1	-1.126392E+1	-7.449372E+1
1.098057E+1	-1.124936E+1	-4.787230E+1
1.099305E+1	-1.123902E+1	-2.123265E+1
1.100553E+1	-1.122741E+1	5.421790E+0
1.101800E+1	-1.121895E+1	3.205426E+1
1.103047E+1	-1.119919E+1	5.873616E+1
1.104295E+1	-1.118839E+1	8.540023E+1
1.105542E+1	-1.117543E+1	1.120776E+2
1.106790E+1	-1.116702E+1	1.387412E+2
1.108038E+1	-1.116172E+1	1.653688E+2
1.109285E+1	-1.115373E+1	-1.679690E+2
1.110533E+1	-1.114604E+1	-1.413239E+2
1.111780E+1	-1.113267E+1	-1.146485E+2
1.113027E+1	-1.112487E+1	-8.800426E+1
1.114275E+1	-1.111348E+1	-6.135607E+1
1.115522E+1	-1.110629E+1	-3.470527E+1
1.116770E+1	-1.110055E+1	-8.006624E+0
1.118018E+1	-1.109538E+1	1.862907E+1
1.119265E+1	-1.109247E+1	4.526020E+1
1.120513E+1	-1.108725E+1	7.188821E+1
1.121760E+1	-1.107375E+1	9.852407E+1
1.123007E+1	-1.106594E+1	1.251594E+2
1.124255E+1	-1.105437E+1	1.518063E+2
1.125502E+1	-1.104573E+1	1.784554E+2
1.126750E+1	-1.104058E+1	-1.549146E+2
1.127998E+1	-1.103767E+1	-1.282626E+2
1.129245E+1	-1.103125E+1	-1.016482E+2
1.130493E+1	-1.102116E+1	-7.508170E+1
1.131740E+1	-1.100489E+1	-4.842292E+1
1.132987E+1	-1.099284E+1	-2.175579E+1
1.134235E+1	-1.098266E+1	4.907923E+0
1.135482E+1	-1.097858E+1	3.151184E+1
1.136730E+1	-1.097066E+1	5.818189E+1
1.137978E+1	-1.096562E+1	8.479482E+1
1.139225E+1	-1.096008E+1	1.113692E+2
1.140472E+1	-1.094098E+1	1.380315E+2
1.141720E+1	-1.093456E+1	1.646187E+2
1.142967E+1	-1.092242E+1	-1.686758E+2
1.144215E+1	-1.090648E+1	-1.420145E+2
1.145463E+1	-1.089497E+1	-1.154322E+2
1.146710E+1	-1.089329E+1	-8.875663E+1
1.147958E+1	-1.088375E+1	-6.210738E+1
1.149205E+1	-1.086924E+1	-3.543268E+1
1.150452E+1	-1.086114E+1	-8.833063E+0
1.151700E+1	-1.084988E+1	1.781149E+1
1.152947E+1	-1.083889E+1	4.447897E+1
1.154195E+1	-1.083335E+1	7.108148E+1
1.155443E+1	-1.081892E+1	9.779154E+1
1.156690E+1	-1.081215E+1	1.243844E+2
1.157938E+1	-1.079771E+1	1.510795E+2
1.159185E+1	-1.079056E+1	1.777256E+2
1.160432E+1	-1.078109E+1	-1.556033E+2
1.161680E+1	-1.077356E+1	-1.289555E+2
1.162927E+1	-1.076705E+1	-1.023345E+2
1.164175E+1	-1.075614E+1	-7.566206E+1
1.165423E+1	-1.074329E+1	-4.902650E+1
1.166670E+1	-1.073650E+1	-2.239427E+1
1.167918E+1	-1.072777E+1	4.278383E+0
1.169165E+1	-1.071779E+1	3.094671E+1
1.170412E+1	-1.070959E+1	5.760645E+1
1.171660E+1	-1.070756E+1	8.427465E+1
1.172907E+1	-1.070247E+1	1.109143E+2
1.174155E+1	-1.069782E+1	1.375300E+2
1.175403E+1	-1.068468E+1	1.641681E+2
1.176650E+1	-1.067976E+1	-1.692222E+2
1.177898E+1	-1.066385E+1	-1.425601E+2
1.179145E+1	-1.064093E+1	-1.159163E+2
1.180392E+1	-1.063065E+1	-8.924848E+1
1.181640E+1	-1.062139E+1	-6.260085E+1
1.182888E+1	-1.061479E+1	-3.596220E+1
1.184135E+1	-1.060457E+1	-9.341169E+0
1.185383E+1	-1.058865E+1	1.736515E+1
1.186630E+1	-1.057864E+1	4.404093E+1
1.187877E+1	-1.057204E+1	7.072294E+1
1.189125E+1	-1.056723E+1	9.735827E+1
1.190372E+1	-1.057268E+1	1.239172E+2
1.191620E+1	-1.056719E+1	1.506338E+2
1.192868E+1	-1.056058E+1	1.772678E+2
1.194115E+1	-1.055360E+1	-1.561100E+2
1.195363E+1	-1.054228E+1	-1.294504E+2
1.196610E+1	-1.052283E+1	-1.027692E+2
1.197857E+1	-1.051278E+1	-7.618114E+1
1.199105E+1	-1.050690E+1	-4.943684E+1
1.200352E+1	-1.050324E+1	-2.272790E+1
1.201600E+1	-1.049286E+1	3.915229E+0
1.202848E+1	-1.049013E+1	3.057060E+1
1.204095E+1	-1.048364E+1	5.721657E+1
1.205343E+1	-1.048232E+1	8.387892E+1
1.206590E+1	-1.047401E+1	1.105371E+2
1.207837E+1	-1.046806E+1	1.371793E+2
1.209085E+1	-1.046642E+1	1.638336E+2
1.210332E+1	-1.046061E+1	-1.695354E+2
1.211580E+1	-1.045516E+1	-1.429043E+2
1.212828E+1	-1.044712E+1	-1.162617E+2
1.214075E+1	-1.044464E+1	-8.967529E+1
1.215323E+1	-1.043640E+1	-6.306180E+1
1.216570E+1	-1.042292E+1	-3.640095E+1
1.217817E+1	-1.041500E+1	-9.771572E+0
1.219065E+1	-1.040085E+1	1.687821E+1
1.220313E+1	-1.039534E+1	4.352119E+1
1.221560E+1	-1.039106E+1	7.013225E+1
1.222808E+1	-1.037832E+1	9.678659E+1
1.224055E+1	-1.036942E+1	1.234388E+2
1.225302E+1	-1.036356E+1	1.500803E+2
1.226550E+1	-1.035653E+1	1.767360E+2
1.227797E+1	-1.034593E+1	-1.566354E+2
1.229045E+1	-1.033338E+1	-1.299964E+2
1.230293E+1	-1.032229E+1	-1.033297E+2
1.231540E+1	-1.031028E+1	-7.665617E+1
1.232788E+1	-1.029966E+1	-5.000986E+1
1.234035E+1	-1.028951E+1	-2.335690E+1
1.235282E+1	-1.028875E+1	3.292019E+0
1.236530E+1	-1.028044E+1	2.994492E+1
1.237777E+1	-1.027153E+1	5.663377E+1
1.239025E+1	-1.026472E+1	8.325441E+1
1.240273E+1	-1.025840E+1	1.098909E+2
1.241520E+1	-1.025273E+1	1.365514E+2
1.242768E+1	-1.024661E+1	1.632085E+2
1.244015E+1	-1.023489E+1	-1.700946E+2
1.245262E+1	-1.023407E+1	-1.434398E+2
1.246510E+1	-1.023500E+1	-1.167782E+2
1.247757E+1	-1.023014E+1	-9.016836E+1
1.249005E+1	-1.021506E+1	-6.354058E+1
1.250253E+1	-1.020317E+1	-3.691781E+1
1.251500E+1	-1.019627E+1	-1.027975E+1
1.252748E+1	-1.018358E+1	1.637897E+1
1.253995E+1	-1.018375E+1	4.305418E+1
1.255242E+1	-1.017470E+1	6.969288E+1
1.256490E+1	-1.016850E+1	9.630464E+1
1.257737E+1	-1.016622E+1	1.229480E+2
1.258985E+1	-1.015566E+1	1.495764E+2
1.260233E+1	-1.014601E+1	1.762503E+2
1.261480E+1	-1.013399E+1	-1.570791E+2
1.262727E+1	-1.012321E+1	-1.303965E+2
1.263975E+1	-1.011973E+1	-1.037485E+2
1.265222E+1	-1.010972E+1	-7.712690E+1
1.266470E+1	-1.010576E+1	-5.048324E+1
1.267718E+1	-1.009838E+1	-2.384476E+1
1.268965E+1	-1.008568E+1	2.819009E+0
1.270213E+1	-1.008140E+1	2.949173E+1
1.271460E+1	-1.007687E+1	5.611378E+1
1.272707E+1	-1.007077E+1	8.277050E+1
1.273955E+1	-1.006558E+1	1.093975E+2
1.275202E+1	-1.005747E+1	1.360424E+2
1.276450E+1	-1.005073E+1	1.627159E+2
1.277698E+1	-1.004391E+1	-1.706344E+2
1.278945E+1	-1.003392E+1	-1.439671E+2
1.280193E+1	-1.003188E+1	-1.173206E+2
1.281440E+1	-1.002679E+1	-9.072305E+1
1.282687E+1	-1.002257E+1	-6.406997E+1
1.283935E+1	-1.001161E+1	-3.739561E+1
1.285182E+1	-1.000576E+1	-1.073818E+1
1.286430E+1	-1.000067E+1	1.591334E+1
1.287678E+1	-9.998995E+0	4.249812E+1
1.288925E+1	-9.992822E+0	6.912949E+1
1.290173E+1	-9.988313E+0	9.576543E+1
1.291420E+1	-9.978753E+0	1.223944E+2
1.292667E+1	-9.969398E+0	1.490621E+2
1.293915E+1	-9.963353E+0	1.756957E+2
1.295162E+1	-9.955168E+0	-1.576615E+2
1.296410E+1	-9.944600E+0	-1.310199E+2
1.297658E+1	-9.938680E+0	-1.043954E+2
1.298905E+1	-9.938230E+0	-7.775925E+1
1.300153E+1	-9.932878E+0	-5.110887E+1
1.301400E+1	-9.920053E+0	-2.449124E+1
1.302647E+1	-9.904310E+0	2.085196E+0
1.303895E+1	-9.906825E+0	2.869229E+1
1.305143E+1	-9.894571E+0	5.536509E+1
1.306390E+1	-9.886826E+0	8.197054E+1
1.307638E+1	-9.877782E+0	1.086378E+2
1.308885E+1	-9.868721E+0	1.352965E+2
1.310132E+1	-9.857946E+0	1.619404E+2
1.311380E+1	-9.846835E+0	-1.714328E+2
1.312627E+1	-9.831976E+0	-1.447858E+2
1.313875E+1	-9.819362E+0	-1.181281E+2
1.315123E+1	-9.804471E+0	-9.144531E+1
1.316370E+1	-9.793208E+0	-6.478172E+1
1.317618E+1	-9.783324E+0	-3.809423E+1
1.318865E+1	-9.773729E+0	-1.140699E+1
1.320112E+1	-9.762866E+0	1.526340E+1
1.321360E+1	-9.757738E+0	4.193755E+1
1.322607E+1	-9.750980E+0	6.857451E+1
1.323855E+1	-9.743723E+0	9.524960E+1
1.325103E+1	-9.731850E+0	1.219889E+2
1.326350E+1	-9.724967E+0	1.486682E+2
1.327598E+1	-9.722084E+0	1.753296E+2
1.328845E+1	-9.720839E+0	-1.580049E+2
1.330092E+1	-9.713787E+0	-1.313453E+2
1.331340E+1	-9.710436E+0	-1.047000E+2
1.332587E+1	-9.706311E+0	-7.804813E+1
1.333835E+1	-9.699811E+0	-5.138991E+1
1.335083E+1	-9.699405E+0	-2.474833E+1
1.336330E+1	-9.697524E+0	1.883806E+0
1.337578E+1	-9.699298E+0	2.846844E+1
1.338825E+1	-9.685980E+0	5.511373E+1
1.340072E+1	-9.681168E+0	8.176555E+1
1.341320E+1	-9.675230E+0	1.084035E+2
1.342568E+1	-9.665029E+0	1.350193E+2
1.343815E+1	-9.661621E+0	1.616343E+2
1.345063E+1	-9.647108E+0	-1.717187E+2
1.346310E+1	-9.632837E+0	-1.450811E+2
1.347557E+1	-9.620467E+0	-1.184286E+2
1.348805E+1	-9.607931E+0	-9.176084E+1
1.350052E+1	-9.600509E+0	-6.514863E+1
1.351300E+1	-9.588382E+0	-3.843532E+1
1.352548E+1	-9.574670E+0	-1.176608E+1
1.353795E+1	-9.568583E+0	1.484953E+1
1.355043E+1	-9.555937E+0	4.154605E+1
1.356290E+1	-9.550479E+0	6.823177E+1
1.357537E+1	-9.541978E+0	9.493816E+1
1.358785E+1	-9.529180E+0	1.216032E+2
1.360032E+1	-9.520327E+0	1.483165E+2
1.361280E+1	-9.519584E+0	1.750195E+2
1.362528E+1	-9.518340E+0	-1.582753E+2
1.363775E+1	-9.516600E+0	-1.315813E+2
1.365023E+1	-9.517872E+0	-1.049366E+2
1.366270E+1	-9.511264E+0	-7.830352E+1
1.367517E+1	-9.507226E+0	-5.163511E+1
1.368765E+1	-9.503940E+0	-2.503332E+1
1.370012E+1	-9.499666E+0	1.683237E+0
1.371260E+1	-9.501197E+0	2.829181E+1
1.372508E+1	-9.496254E+0	5.496658E+1
1.373755E+1	-9.493210E+0	8.160179E+1
1.375003E+1	-9.487586E+0	1.082348E+2
1.376250E+1	-9.482206E+0	1.348596E+2
1.377497E+1	-9.476787E+0	1.614604E+2
1.378745E+1	-9.462317E+0	-1.718692E+2
1.379992E+1	-9.455503E+0	-1.452019E+2
1.381240E+1	-9.451278E+0	-1.185872E+2
1.382488E+1	-9.443577E+0	-9.194427E+1
1.383735E+1	-9.438224E+0	-6.536292E+1
1.384982E+1	-9.425757E+0	-3.865389E+1
1.386230E+1	-9.420264E+0	-1.205285E+1
1.387477E+1	-9.408191E+0	1.465071E+1
1.388725E+1	-9.402481E+0	4.129465E+1
1.389973E+1	-9.390464E+0	6.791934E+1
1.391220E+1	-9.391853E+0	9.459905E+1
1.392468E+1	-9.382606E+0	1.212719E+2
1.393715E+1	-9.377318E+0	1.479435E+2
1.394962E+1	-9.367146E+0	1.746354E+2
1.396210E+1	-9.365256E+0	-1.587301E+2
1.397457E+1	-9.365137E+0	-1.321176E+2
1.398705E+1	-9.359607E+0	-1.054294E+2
1.399953E+1	-9.355934E+0	-7.877399E+1
1.401200E+1	-9.344286E+0	-5.213720E+1
1.402448E+1	-9.340942E+0	-2.551087E+1
1.403695E+1	-9.334947E+0	1.157706E+0
1.404942E+1	-9.329350E+0	2.780190E+1
1.406190E+1	-9.319904E+0	5.444753E+1
1.407437E+1	-9.309347E+0	8.108900E+1
1.408685E+1	-9.310937E+0	1.076892E+2
1.409933E+1	-9.305514E+0	1.343242E+2
1.411180E+1	-9.288878E+0	1.610096E+2
1.412428E+1	-9.286552E+0	-1.723881E+2
1.413675E+1	-9.280246E+0	-1.457541E+2
1.414922E+1	-9.270848E+0	-1.190641E+2
1.416170E+1	-9.267771E+0	-9.243595E+1
1.417417E+1	-9.258281E+0	-6.577002E+1
1.418665E+1	-9.250653E+0	-3.913664E+1
1.419913E+1	-9.240273E+0	-1.249676E+1
1.421160E+1	-9.230698E+0	1.416322E+1
1.422407E+1	-9.228232E+0	4.080456E+1
1.423655E+1	-9.220149E+0	6.745856E+1
1.424902E+1	-9.210321E+0	9.412867E+1
1.426150E+1	-9.208011E+0	1.208016E+2
1.427398E+1	-9.196591E+0	1.474428E+2
1.428645E+1	-9.194743E+0	1.740867E+2
1.429893E+1	-9.189129E+0	-1.592608E+2
1.431140E+1	-9.181577E+0	-1.326599E+2
1.432387E+1	-9.171583E+0	-1.059793E+2
1.433635E+1	-9.161762E+0	-7.932446E+1
1.434882E+1	-9.158783E+0	-5.271985E+1
1.436130E+1	-9.151937E+0	-2.600475E+1
1.437378E+1	-9.145597E+0	5.903648E-1
1.438625E+1	-9.135428E+0	2.727701E+1
1.439873E+1	-9.125576E+0	5.390900E+1
1.441120E+1	-9.118848E+0	8.050304E+1
1.442367E+1	-9.103841E+0	1.072563E+2
1.443615E+1	-9.091059E+0	1.338969E+2
1.444862E+1	-9.085420E+0	1.605726E+2
1.446110E+1	-9.077833E+0	-1.727495E+2
1.447358E+1	-9.066777E+0	-1.460646E+2
1.448605E+1	-9.054168E+0	-1.194046E+2
1.449853E+1	-9.050811E+0	-9.278360E+1
1.451100E+1	-9.043988E+0	-6.608479E+1
1.452347E+1	-9.037858E+0	-3.938839E+1
1.453595E+1	-9.024850E+0	-1.268570E+1
1.454842E+1	-9.020253E+0	1.399201E+1
1.456090E+1	-9.013557E+0	4.069702E+1
1.457338E+1	-9.011063E+0	6.739014E+1
1.458585E+1	-9.004514E+0	9.400996E+1
1.459833E+1	-8.997952E+0	1.207496E+2
1.461080E+1	-8.999056E+0	1.474282E+2
1.462327E+1	-8.998087E+0	1.741098E+2
1.463575E+1	-8.991163E+0	-1.592305E+2
1.464823E+1	-8.989808E+0	-1.325883E+2
1.466070E+1	-8.988408E+0	-1.059378E+2
1.467318E+1	-8.989841E+0	-7.925777E+1
1.468565E+1	-8.992418E+0	-5.261945E+1
1.469812E+1	-8.990530E+0	-2.597962E+1
1.471060E+1	-8.983619E+0	6.747249E-1
1.472307E+1	-8.979535E+0	2.730921E+1
1.473555E+1	-8.974694E+0	5.396690E+1
1.474803E+1	-8.964949E+0	8.060859E+1
1.476050E+1	-8.954482E+0	1.072318E+2
1.477298E+1	-8.955925E+0	1.338567E+2
1.478545E+1	-8.951312E+0	1.604865E+2
1.479792E+1	-8.942707E+0	-1.728096E+2
1.481040E+1	-8.935496E+0	-1.461645E+2
1.482287E+1	-8.933117E+0	-1.195730E+2
1.483535E+1	-8.925454E+0	-9.291759E+1
1.484783E+1	-8.915022E+0	-6.626620E+1
1.486030E+1	-8.913536E+0	-3.968150E+1
1.487278E+1	-8.901641E+0	-1.298252E+1
1.488525E+1	-8.892252E+0	1.370475E+1
1.489772E+1	-8.891255E+0	4.036095E+1
1.491020E+1	-8.883540E+0	6.701939E+1
1.492267E+1	-8.876604E+0	9.367341E+1
1.493515E+1	-8.874051E+0	1.203314E+2
1.494763E+1	-8.863396E+0	1.469865E+2
1.496010E+1	-8.862414E+0	1.735732E+2
1.497258E+1	-8.857775E+0	-1.597824E+2
1.498505E+1	-8.846232E+0	-1.330216E+2
1.499752E+1	-8.845964E+0	-1.064266E+2
1.501000E+1	-8.837908E+0	-7.976313E+1
1.502248E+1	-8.824984E+0	-5.309278E+1
1.503495E+1	-8.822694E+0	-2.642269E+1
1.504743E+1	-8.821940E+0	1.652882E-1
1.505990E+1	-8.813194E+0	2.687366E+1
1.507237E+1	-8.804588E+0	5.355275E+1
1.508485E+1	-8.802084E+0	8.019078E+1
1.509732E+1	-8.797319E+0	1.068627E+2
1.510980E+1	-8.782549E+0	1.335153E+2
1.512228E+1	-8.776965E+0	1.601583E+2
1.513475E+1	-8.774207E+0	-1.732208E+2
1.514723E+1	-8.775708E+0	-1.465343E+2
1.515970E+1	-8.768297E+0	-1.199345E+2
1.517217E+1	-8.758719E+0	-9.325092E+1
1.518465E+1	-8.754042E+0	-6.660612E+1
1.519712E+1	-8.745680E+0	-3.994380E+1
1.520960E+1	-8.751658E+0	-1.331951E+1
1.522208E+1	-8.742616E+0	1.341029E+1
1.523455E+1	-8.734448E+0	4.006572E+1
1.524703E+1	-8.732506E+0	6.669732E+1
1.525950E+1	-8.720855E+0	9.335434E+1
1.527197E+1	-8.712743E+0	1.199701E+2
1.528445E+1	-8.701813E+0	1.467030E+2
1.529692E+1	-8.697844E+0	1.733241E+2
1.530940E+1	-8.682914E+0	-1.599626E+2
1.532188E+1	-8.675756E+0	-1.332804E+2
1.533435E+1	-8.673392E+0	-1.066202E+2
1.534683E+1	-8.667866E+0	-7.996761E+1
1.535930E+1	-8.661649E+0	-5.329074E+1
1.537177E+1	-8.655775E+0	-2.663680E+1
1.538425E+1	-8.648217E+0	2.093290E-2
1.539672E+1	-8.636804E+0	2.675337E+1
1.540920E+1	-8.636652E+0	5.342196E+1
1.542168E+1	-8.630393E+0	8.012474E+1
1.543415E+1	-8.627167E+0	1.068198E+2
1.544662E+1	-8.634614E+0	1.334958E+2
1.545910E+1	-8.630828E+0	1.601680E+2
1.547157E+1	-8.621294E+0	-1.731887E+2
1.548405E+1	-8.626693E+0	-1.465569E+2
1.549653E+1	-8.624791E+0	-1.198644E+2
1.550900E+1	-8.622857E+0	-9.322208E+1
1.552148E+1	-8.614962E+0	-6.651189E+1
1.553395E+1	-8.613925E+0	-3.992459E+1
1.554642E+1	-8.613595E+0	-1.324920E+1
1.555890E+1	-8.609026E+0	1.342531E+1
1.557137E+1	-8.606374E+0	4.008200E+1
1.558385E+1	-8.599618E+0	6.674371E+1
1.559633E+1	-8.597587E+0	9.338322E+1
1.560880E+1	-8.603366E+0	1.200055E+2
1.562128E+1	-8.587281E+0	1.466717E+2
1.563375E+1	-8.578503E+0	1.732832E+2
1.564622E+1	-8.572303E+0	-1.601453E+2
1.565870E+1	-8.565788E+0	-1.334632E+2
1.567117E+1	-8.567340E+0	-1.068642E+2
1.568365E+1	-8.551261E+0	-8.020499E+1
1.569613E+1	-8.551773E+0	-5.354509E+1
1.570860E+1	-8.539971E+0	-2.688023E+1
1.572108E+1	-8.536968E+0	-3.123145E-1
1.573355E+1	-8.528341E+0	2.638921E+1
1.574602E+1	-8.519157E+0	5.307180E+1
1.575850E+1	-8.510642E+0	7.972754E+1
1.577097E+1	-8.507688E+0	1.063624E+2
1.578345E+1	-8.496884E+0	1.330639E+2
1.579593E+1	-8.490995E+0	1.596896E+2
1.580840E+1	-8.492129E+0	-1.735868E+2
1.582087E+1	-8.484884E+0	-1.469428E+2
1.583335E+1	-8.479486E+0	-1.202604E+2
1.584582E+1	-8.479801E+0	-9.366660E+1
1.585830E+1	-8.471594E+0	-6.693729E+1
1.587078E+1	-8.467634E+0	-4.029898E+1
1.588325E+1	-8.464545E+0	-1.365930E+1
1.589573E+1	-8.458160E+0	1.299644E+1
1.590820E+1	-8.450052E+0	3.963814E+1
1.592067E+1	-8.447467E+0	6.631870E+1
1.593315E+1	-8.441590E+0	9.298185E+1
1.594562E+1	-8.428656E+0	1.196398E+2
1.595810E+1	-8.424246E+0	1.462772E+2
1.597058E+1	-8.420392E+0	1.729324E+2
1.598305E+1	-8.412210E+0	-1.604204E+2
1.599553E+1	-8.400177E+0	-1.337496E+2
1.600800E+1	-8.396248E+0	-1.071064E+2
1.602048E+1	-8.384687E+0	-8.042514E+1
1.603295E+1	-8.376226E+0	-5.374937E+1
1.604543E+1	-8.367887E+0	-2.707008E+1
1.605790E+1	-8.360013E+0	-4.156839E-1
1.607037E+1	-8.349963E+0	2.625209E+1
1.608285E+1	-8.344273E+0	5.290958E+1
1.609532E+1	-8.334800E+0	7.960871E+1
1.610780E+1	-8.324701E+0	1.062515E+2
1.612027E+1	-8.317440E+0	1.330111E+2
1.613275E+1	-8.317839E+0	1.596632E+2
1.614522E+1	-8.309905E+0	-1.736352E+2
1.615770E+1	-8.291700E+0	-1.468804E+2
1.617018E+1	-8.288143E+0	-1.202258E+2
1.618265E+1	-8.289678E+0	-9.355893E+1
1.619513E+1	-8.285049E+0	-6.681961E+1
1.620760E+1	-8.279563E+0	-4.011375E+1
1.622008E+1	-8.273116E+0	-1.344289E+1
1.623255E+1	-8.271585E+0	1.323189E+1
1.624502E+1	-8.275731E+0	3.992443E+1
1.625750E+1	-8.267237E+0	6.666113E+1
1.626997E+1	-8.264496E+0	9.337153E+1
1.628245E+1	-8.265300E+0	1.200392E+2
1.629492E+1	-8.262327E+0	1.467286E+2
1.630740E+1	-8.256619E+0	1.734282E+2
1.631987E+1	-8.259556E+0	-1.599572E+2
1.633235E+1	-8.255423E+0	-1.332552E+2
1.634483E+1	-8.247648E+0	-1.065807E+2
1.635730E+1	-8.247915E+0	-7.993362E+1
1.636978E+1	-8.244173E+0	-5.323726E+1
1.638225E+1	-8.246887E+0	-2.662695E+1
1.639473E+1	-8.245046E+0	2.497447E-2
1.640720E+1	-8.236998E+0	2.672970E+1
1.641968E+1	-8.232264E+0	5.338395E+1
1.643215E+1	-8.231629E+0	8.004726E+1
1.644462E+1	-8.225210E+0	1.067218E+2
1.645710E+1	-8.222060E+0	1.333806E+2
1.646957E+1	-8.218576E+0	1.600578E+2
1.648205E+1	-8.215588E+0	-1.732906E+2
1.649452E+1	-8.209394E+0	-1.466294E+2
1.650700E+1	-8.200172E+0	-1.199539E+2
1.651947E+1	-8.199223E+0	-9.327496E+1
1.653195E+1	-8.195145E+0	-6.660518E+1
1.654443E+1	-8.186069E+0	-3.995416E+1
1.655690E+1	-8.183330E+0	-1.327313E+1
1.656938E+1	-8.175909E+0	1.339159E+1
1.658185E+1	-8.165394E+0	4.002511E+1
1.659433E+1	-8.166029E+0	6.670656E+1
1.660680E+1	-8.160464E+0	9.339074E+1
1.661927E+1	-8.155576E+0	1.200183E+2
1.663175E+1	-8.143009E+0	1.467347E+2
1.664422E+1	-8.142937E+0	1.733450E+2
1.665670E+1	-8.134905E+0	-1.599138E+2
1.666917E+1	-8.132954E+0	-1.332240E+2
1.668165E+1	-8.121825E+0	-1.065473E+2
1.669412E+1	-8.118650E+0	-7.995175E+1
1.670660E+1	-8.116297E+0	-5.326124E+1
1.671908E+1	-8.110431E+0	-2.656959E+1
1.673155E+1	-8.100009E+0	1.400783E-1
1.674403E+1	-8.095437E+0	2.682096E+1
1.675650E+1	-8.091632E+0	5.349880E+1
1.676898E+1	-8.089736E+0	8.022240E+1
1.678145E+1	-8.088416E+0	1.068970E+2
1.679393E+1	-8.089126E+0	1.335974E+2
1.680640E+1	-8.081057E+0	1.602910E+2
1.681887E+1	-8.076393E+0	-1.730419E+2
1.683135E+1	-8.073372E+0	-1.463710E+2
1.684382E+1	-8.065845E+0	-1.196941E+2
1.685630E+1	-8.065852E+0	-9.304077E+1
1.686877E+1	-8.058956E+0	-6.636002E+1
1.688125E+1	-8.055490E+0	-3.968559E+1
1.689372E+1	-8.047847E+0	-1.299412E+1
1.690620E+1	-8.046576E+0	1.372011E+1
1.691868E+1	-8.046241E+0	4.038388E+1
1.693115E+1	-8.039615E+0	6.707396E+1
1.694363E+1	-8.038448E+0	9.374141E+1
1.695610E+1	-8.031775E+0	1.204191E+2
1.696858E+1	-8.026169E+0	1.470729E+2
1.698105E+1	-8.025632E+0	1.737057E+2
1.699353E+1	-8.019311E+0	-1.595982E+2
1.700600E+1	-8.015311E+0	-1.329494E+2
1.701847E+1	-8.003592E+0	-1.062085E+2
1.703095E+1	-7.997538E+0	-7.952203E+1
1.704342E+1	-7.993442E+0	-5.283672E+1
1.705590E+1	-7.997282E+0	-2.619868E+1
1.706837E+1	-7.987219E+0	5.400322E-1
1.708085E+1	-7.979501E+0	2.723830E+1
1.709333E+1	-7.979749E+0	5.391016E+1
1.710580E+1	-7.973264E+0	8.062595E+1
1.711828E+1	-7.971751E+0	1.073208E+2
1.713075E+1	-7.971487E+0	1.340267E+2
1.714323E+1	-7.969038E+0	1.607104E+2
1.715570E+1	-7.965047E+0	-1.726460E+2
1.716818E+1	-7.960802E+0	-1.459909E+2
1.718065E+1	-7.960799E+0	-1.192924E+2
1.719312E+1	-7.954883E+0	-9.255690E+1
1.720560E+1	-7.948932E+0	-6.592248E+1
1.721807E+1	-7.958067E+0	-3.928149E+1
1.723055E+1	-7.950295E+0	-1.263357E+1
1.724302E+1	-7.952748E+0	1.408705E+1
1.725550E+1	-7.956538E+0	4.067675E+1
1.726797E+1	-7.943199E+0	6.737406E+1
1.728045E+1	-7.937753E+0	9.403168E+1
1.729293E+1	-7.936702E+0	1.206825E+2
1.730540E+1	-7.935550E+0	1.473571E+2
1.731788E+1	-7.934584E+0	1.739859E+2
1.733035E+1	-7.923407E+0	-1.593117E+2
1.734283E+1	-7.924833E+0	-1.326554E+2
1.735530E+1	-7.917628E+0	-1.060138E+2
1.736778E+1	-7.909636E+0	-7.934409E+1
1.738025E+1	-7.894013E+0	-5.262606E+1
1.739272E+1	-7.889352E+0	-2.597632E+1
1.740520E+1	-7.883000E+0	7.143781E-1
1.741767E+1	-7.872833E+0	2.741088E+1
1.743015E+1	-7.863954E+0	5.407323E+1
1.744262E+1	-7.861544E+0	8.075570E+1
1.745510E+1	-7.853750E+0	1.074400E+2
1.746758E+1	-7.839420E+0	1.341658E+2
1.748005E+1	-7.837141E+0	1.608688E+2
1.749253E+1	-7.827903E+0	-1.724313E+2
1.750500E+1	-7.829864E+0	-1.457688E+2
1.751748E+1	-7.824823E+0	-1.190278E+2
1.752995E+1	-7.818806E+0	-9.231464E+1
1.754243E+1	-7.815211E+0	-6.564500E+1
1.755490E+1	-7.811609E+0	-3.888428E+1
1.756737E+1	-7.809535E+0	-1.217572E+1
1.757985E+1	-7.807107E+0	1.452991E+1
1.759232E+1	-7.802646E+0	4.124419E+1
1.760480E+1	-7.803302E+0	6.792898E+1
1.761727E+1	-7.797101E+0	9.463348E+1
1.762975E+1	-7.787640E+0	1.212857E+2
1.764222E+1	-7.795752E+0	1.480044E+2
1.765470E+1	-7.795055E+0	1.747164E+2
1.766718E+1	-7.790548E+0	-1.585989E+2
1.767965E+1	-7.785926E+0	-1.319245E+2
1.769213E+1	-7.795276E+0	-1.052618E+2
1.770460E+1	-7.798812E+0	-7.858505E+1
1.771708E+1	-7.791506E+0	-5.189160E+1
1.772955E+1	-7.783538E+0	-2.522654E+1
1.774203E+1	-7.770747E+0	1.406421E+0
1.775450E+1	-7.773670E+0	2.804881E+1
1.776697E+1	-7.772259E+0	5.474410E+1
1.777945E+1	-7.767561E+0	8.145703E+1
1.779192E+1	-7.760761E+0	1.080706E+2
1.780440E+1	-7.757965E+0	1.346768E+2
1.781687E+1	-7.748142E+0	1.614161E+2
1.782935E+1	-7.744853E+0	-1.719227E+2
1.784183E+1	-7.732440E+0	-1.451424E+2
1.785430E+1	-7.727843E+0	-1.184303E+2
1.786678E+1	-7.728533E+0	-9.177911E+1
1.787925E+1	-7.724053E+0	-6.505925E+1
1.789173E+1	-7.714336E+0	-3.835701E+1
1.790420E+1	-7.712684E+0	-1.170559E+1
1.791668E+1	-7.707048E+0	1.500330E+1
1.792915E+1	-7.700244E+0	4.175127E+1
1.794162E+1	-7.690471E+0	6.850207E+1
1.795410E+1	-7.686049E+0	9.521699E+1
1.796657E+1	-7.684642E+0	1.219292E+2
1.797905E+1	-7.681152E+0	1.486333E+2
1.799152E+1	-7.673593E+0	1.753472E+2
1.800400E+1	-7.671915E+0	-1.579520E+2
1.801647E+1	-7.665329E+0	-1.311866E+2
1.802895E+1	-7.667367E+0	-1.044975E+2
1.804143E+1	-7.665100E+0	-7.774868E+1
1.805390E+1	-7.668160E+0	-5.104349E+1
1.806638E+1	-7.668058E+0	-2.437464E+1
1.807885E+1	-7.668435E+0	2.289638E+0
1.809133E+1	-7.665445E+0	2.896303E+1
1.810380E+1	-7.667979E+0	5.564160E+1
1.811628E+1	-7.665874E+0	8.229176E+1
1.812875E+1	-7.666053E+0	1.089845E+2
1.814122E+1	-7.669011E+0	1.355719E+2
1.815370E+1	-7.661568E+0	1.622517E+2
1.816617E+1	-7.664274E+0	-1.711424E+2
1.817865E+1	-7.651053E+0	-1.444464E+2
1.819112E+1	-7.646109E+0	-1.177184E+2
1.820360E+1	-7.642498E+0	-9.105151E+1
1.821608E+1	-7.645063E+0	-6.443544E+1
1.822855E+1	-7.633289E+0	-3.772643E+1
1.824103E+1	-7.626935E+0	-1.103091E+1
1.825350E+1	-7.619068E+0	1.561312E+1
1.826598E+1	-7.601892E+0	4.224982E+1
1.827845E+1	-7.598279E+0	6.892807E+1
1.829093E+1	-7.588544E+0	9.570620E+1
1.830340E+1	-7.586471E+0	1.224414E+2
1.831587E+1	-7.573716E+0	1.491481E+2
1.832835E+1	-7.570187E+0	1.758324E+2
1.834082E+1	-7.566787E+0	-1.574579E+2
1.835330E+1	-7.561532E+0	-1.307229E+2
1.836577E+1	-7.547381E+0	-1.039370E+2
1.837825E+1	-7.539617E+0	-7.720911E+1
1.839072E+1	-7.529991E+0	-5.043059E+1
1.840320E+1	-7.529557E+0	-2.366909E+1
1.841568E+1	-7.534073E+0	3.067435E+0
1.842815E+1	-7.528080E+0	2.978592E+1
1.844063E+1	-7.530324E+0	5.649919E+1
1.845310E+1	-7.532420E+0	8.318775E+1
1.846558E+1	-7.526057E+0	1.099328E+2
1.847805E+1	-7.528066E+0	1.366396E+2
1.849053E+1	-7.525896E+0	1.633500E+2
1.850300E+1	-7.520677E+0	-1.699136E+2
1.851547E+1	-7.517607E+0	-1.431961E+2
1.852795E+1	-7.522064E+0	-1.165521E+2
1.854042E+1	-7.515974E+0	-8.978378E+1
1.855290E+1	-7.513277E+0	-6.308330E+1
1.856537E+1	-7.516144E+0	-3.643415E+1
1.857785E+1	-7.511366E+0	-9.679645E+0
1.859032E+1	-7.509669E+0	1.703121E+1
1.860280E+1	-7.511972E+0	4.369601E+1
1.861528E+1	-7.505262E+0	7.038113E+1
1.862775E+1	-7.503397E+0	9.704630E+1
1.864023E+1	-7.502056E+0	1.237223E+2
1.865270E+1	-7.500696E+0	1.504288E+2
1.866518E+1	-7.499905E+0	1.770766E+2
1.867765E+1	-7.495975E+0	-1.562136E+2
1.869012E+1	-7.494863E+0	-1.295872E+2
1.870260E+1	-7.492357E+0	-1.028883E+2
1.871507E+1	-7.482670E+0	-7.618361E+1
1.872755E+1	-7.475279E+0	-4.951627E+1
1.874002E+1	-7.462667E+0	-2.280061E+1
1.875250E+1	-7.472688E+0	3.896748E+0
1.876497E+1	-7.457180E+0	3.067039E+1
1.877745E+1	-7.452124E+0	5.736780E+1
1.878993E+1	-7.453282E+0	8.402555E+1
1.880240E+1	-7.443143E+0	1.106975E+2
1.881488E+1	-7.442891E+0	1.374146E+2
1.882735E+1	-7.436967E+0	1.641531E+2
1.883983E+1	-7.428404E+0	-1.691280E+2
1.885230E+1	-7.421854E+0	-1.424200E+2
1.886478E+1	-7.421881E+0	-1.157121E+2
1.887725E+1	-7.421805E+0	-8.896275E+1
1.888972E+1	-7.421225E+0	-6.227276E+1
1.890220E+1	-7.417228E+0	-3.557595E+1
1.891467E+1	-7.409948E+0	-8.806263E+0
1.892715E+1	-7.406136E+0	1.794923E+1
1.893962E+1	-7.406083E+0	4.466553E+1
1.895210E+1	-7.405797E+0	7.136906E+1
1.896457E+1	-7.408308E+0	9.807790E+1
1.897705E+1	-7.411736E+0	1.247394E+2
1.898953E+1	-7.405499E+0	1.514448E+2
1.900200E+1	-7.409546E+0	1.781367E+2
1.901448E+1	-7.412489E+0	-1.551950E+2
1.902695E+1	-7.413355E+0	-1.284914E+2
1.903943E+1	-7.413930E+0	-1.018421E+2
1.905190E+1	-7.409247E+0	-7.517978E+1
1.906437E+1	-7.412294E+0	-4.851502E+1
1.907685E+1	-7.407563E+0	-2.188534E+1
1.908932E+1	-7.406896E+0	4.770847E+0
1.910180E+1	-7.397477E+0	3.147434E+1
1.911427E+1	-7.392550E+0	5.812482E+1
1.912675E+1	-7.386153E+0	8.480023E+1
1.913922E+1	-7.374455E+0	1.114932E+2
1.915170E+1	-7.368119E+0	1.381793E+2
1.916418E+1	-7.360835E+0	1.648299E+2
1.917665E+1	-7.346223E+0	-1.684554E+2
1.918913E+1	-7.337773E+0	-1.417307E+2
1.920160E+1	-7.332589E+0	-1.150490E+2
1.921408E+1	-7.321245E+0	-8.829657E+1
1.922655E+1	-7.316264E+0	-6.157514E+1
1.923903E+1	-7.300305E+0	-3.484273E+1
1.925150E+1	-7.296340E+0	-8.110229E+0
1.926397E+1	-7.288586E+0	1.861317E+1
1.927645E+1	-7.287535E+0	4.534727E+1
1.928892E+1	-7.280305E+0	7.211103E+1
1.930140E+1	-7.274047E+0	9.890252E+1
1.931387E+1	-7.263025E+0	1.256380E+2
1.932635E+1	-7.273867E+0	1.523904E+2
1.933882E+1	-7.272627E+0	1.791575E+2
1.935130E+1	-7.274027E+0	-1.540774E+2
1.936378E+1	-7.269502E+0	-1.273481E+2
1.937625E+1	-7.270046E+0	-1.006199E+2
1.938873E+1	-7.275645E+0	-7.390277E+1
1.940120E+1	-7.276703E+0	-4.714138E+1
1.941368E+1	-7.278770E+0	-2.039367E+1
1.942615E+1	-7.281942E+0	6.350466E+0
1.943862E+1	-7.282140E+0	3.305206E+1
1.945110E+1	-7.277095E+0	5.974934E+1
1.946357E+1	-7.277651E+0	8.644011E+1
1.947605E+1	-7.274610E+0	1.131180E+2
1.948852E+1	-7.275008E+0	1.398503E+2
1.950100E+1	-7.272496E+0	1.665343E+2
1.951347E+1	-7.264015E+0	-1.667841E+2
1.952595E+1	-7.264093E+0	-1.400804E+2
1.953843E+1	-7.257556E+0	-1.133998E+2
1.955090E+1	-7.253080E+0	-8.672012E+1
1.956338E+1	-7.253325E+0	-6.002700E+1
1.957585E+1	-7.256838E+0	-3.336918E+1
1.958833E+1	-7.247625E+0	-6.633825E+0
1.960080E+1	-7.244376E+0	2.004483E+1
1.961328E+1	-7.240146E+0	4.674926E+1
1.962575E+1	-7.232605E+0	7.340480E+1
1.963822E+1	-7.221523E+0	1.001755E+2
1.965070E+1	-7.221609E+0	1.268816E+2
1.966317E+1	-7.215113E+0	1.536236E+2
1.967565E+1	-7.212944E+0	-1.796439E+2
1.968812E+1	-7.207881E+0	-1.529156E+2
1.970060E+1	-7.206443E+0	-1.262168E+2
1.971307E+1	-7.194395E+0	-9.947968E+1
1.972555E+1	-7.190045E+0	-7.274183E+1
1.973803E+1	-7.183409E+0	-4.597325E+1
1.975050E+1	-7.179900E+0	-1.923317E+1
1.976298E+1	-7.177511E+0	7.537597E+0
1.977545E+1	-7.177759E+0	3.425294E+1
1.978793E+1	-7.179460E+0	6.095388E+1
1.980040E+1	-7.173237E+0	8.773256E+1
1.981287E+1	-7.165449E+0	1.144719E+2
1.982535E+1	-7.155393E+0	1.412425E+2
1.983782E+1	-7.150638E+0	1.679721E+2
1.985030E+1	-7.154500E+0	-1.652611E+2
1.986277E+1	-7.155797E+0	-1.385619E+2
1.987525E+1	-7.155900E+0	-1.117826E+2
1.988772E+1	-7.154842E+0	-8.506696E+1
1.990020E+1	-7.154303E+0	-5.841105E+1
1.991268E+1	-7.151075E+0	-3.164555E+1
1.992515E+1	-7.154178E+0	-4.915645E+0
1.993763E+1	-7.154572E+0	2.182979E+1
1.995010E+1	-7.152754E+0	4.861687E+1
1.996258E+1	-7.141757E+0	7.532725E+1
1.997505E+1	-7.143457E+0	1.020384E+2
1.998753E+1	-7.137482E+0	1.287999E+2
2.000000E+1	-7.131502E+0	1.555094E+2
