4.000000E-2	-1.914289E-2	-9.156027E+0
5.247500E-2	-2.484589E-2	1.286664E+1
6.495000E-2	-3.411138E-2	3.491581E+1
7.742500E-2	-5.524592E-2	5.693863E+1
8.990000E-2	-5.053589E-2	7.897167E+1
1.023750E-1	-6.299981E-2	1.009807E+2
1.148500E-1	-7.868408E-2	1.229932E+2
1.273250E-1	-9.419765E-2	1.449932E+2
1.398000E-1	-1.153140E-1	1.669666E+2
1.522750E-1	-1.383106E-1	1.889628E+2
1.647500E-1	-1.624674E-1	2.110139E+2
1.772250E-1	-1.857969E-1	2.331101E+2
1.897000E-1	-2.056507E-1	2.552124E+2
2.021750E-1	-2.224141E-1	2.772649E+2
2.146500E-1	-2.391737E-1	-6.072430E+1
2.271250E-1	-2.593999E-1	-3.871214E+1
2.396000E-1	-2.831224E-1	-1.673417E+1
2.520750E-1	-3.154197E-1	5.240446E+0
2.645500E-1	-3.559603E-1	2.730269E+1
2.770250E-1	-4.012719E-1	4.941577E+1
2.895000E-1	-4.391449E-1	7.152742E+1
3.019750E-1	-4.656424E-1	9.362444E+1
3.144500E-1	-4.866692E-1	1.157419E+2
3.269250E-1	-5.045491E-1	1.378243E+2
3.394000E-1	-5.321292E-1	1.598401E+2
3.518750E-1	-5.656973E-1	1.817958E+2
3.643500E-1	-6.120280E-1	2.037582E+2
3.768250E-1	-6.648937E-1	2.257474E+2
3.893000E-1	-7.186429E-1	2.478306E+2
4.017750E-1	-7.728544E-1	2.700050E+2
4.142500E-1	-8.189210E-1	-6.780170E+1
4.267250E-1	-8.571799E-1	-4.562261E+1
4.392000E-1	-8.886900E-1	-2.351283E+1
4.516750E-1	-9.174266E-1	-1.510544E+0
4.641500E-1	-9.560652E-1	2.044032E+1
4.766250E-1	-1.004682E+0	4.240004E+1
4.891000E-1	-1.072140E+0	6.439831E+1
5.015750E-1	-1.145398E+0	8.647314E+1
5.140500E-1	-1.217966E+0	1.086447E+2
5.265250E-1	-1.278178E+0	1.308864E+2
5.390000E-1	-1.326677E+0	1.531172E+2
5.514750E-1	-1.363477E+0	1.753200E+2
5.639500E-1	-1.399619E+0	1.974237E+2
5.764250E-1	-1.442149E+0	2.194270E+2
5.889000E-1	-1.498342E+0	2.414111E+2
6.013750E-1	-1.567718E+0	2.633964E+2
6.138500E-1	-1.645957E+0	-7.453983E+1
6.263250E-1	-1.728995E+0	-5.230133E+1
6.388000E-1	-1.804473E+0	-3.007682E+1
6.512750E-1	-1.866484E+0	-7.843980E+0
6.637500E-1	-1.916218E+0	1.436776E+1
6.762250E-1	-1.960295E+0	3.650932E+1
6.887000E-1	-2.011547E+0	5.860579E+1
7.011750E-1	-2.075022E+0	8.064626E+1
7.136500E-1	-2.150532E+0	1.026824E+2
7.261250E-1	-2.235131E+0	1.247580E+2
7.386000E-1	-2.318101E+0	1.468987E+2
7.510750E-1	-2.394205E+0	1.691108E+2
7.635500E-1	-2.466986E+0	1.913556E+2
7.760250E-1	-2.530174E+0	2.135674E+2
7.885000E-1	-2.594643E+0	2.357269E+2
8.009750E-1	-2.657009E+0	2.577941E+2
8.134500E-1	-2.723117E+0	2.798152E+2
8.259250E-1	-2.799664E+0	-5.817060E+1
8.384000E-1	-2.889728E+0	-3.611715E+1
8.508750E-1	-2.990492E+0	-1.400566E+1
8.633500E-1	-3.096815E+0	8.137328E+0
8.758250E-1	-3.202456E+0	3.034439E+1
8.883000E-1	-3.300415E+0	5.259614E+1
9.007750E-1	-3.388791E+0	7.487417E+1
9.132500E-1	-3.466048E+0	9.717414E+1
9.257250E-1	-3.540998E+0	1.194280E+2
9.382000E-1	-3.613244E+0	1.415879E+2
9.506750E-1	-3.692369E+0	1.636619E+2
9.631500E-1	-3.782231E+0	1.856604E+2
9.756250E-1	-3.885698E+0	2.076722E+2
9.881000E-1	-4.009761E+0	2.297213E+2
1.000575E+0	-4.141924E+0	2.519025E+2
1.013050E+0	-4.274733E+0	2.741946E+2
1.025525E+0	-4.400205E+0	-6.343190E+1
1.038000E+0	-4.509416E+0	-4.100357E+1
1.050475E+0	-4.602221E+0	-1.859763E+1
1.062950E+0	-4.685704E+0	3.727287E+0
1.075425E+0	-4.776053E+0	2.595432E+1
1.087900E+0	-4.877796E+0	4.812401E+1
1.100375E+0	-4.994214E+0	7.031058E+1
1.112850E+0	-5.120410E+0	9.258725E+1
1.125325E+0	-5.245104E+0	1.149713E+2
1.137800E+0	-5.357786E+0	1.374285E+2
1.150275E+0	-5.449977E+0	1.598867E+2
1.162750E+0	-5.525014E+0	1.822420E+2
1.175225E+0	-5.600995E+0	2.044057E+2
1.187700E+0	-5.686551E+0	2.264313E+2
1.200175E+0	-5.806223E+0	2.484241E+2
1.212650E+0	-5.961280E+0	2.704864E+2
1.225125E+0	-6.138971E+0	-6.728346E+1
1.237600E+0	-6.319164E+0	-4.483640E+1
1.250075E+0	-6.477630E+0	-2.216579E+1
1.262550E+0	-6.600330E+0	6.124772E-1
1.275025E+0	-6.684482E+0	2.335974E+1
1.287500E+0	-6.742844E+0	4.591034E+1
1.299975E+0	-6.802827E+0	6.815228E+1
1.312450E+0	-6.888183E+0	9.014146E+1
1.324925E+0	-7.014311E+0	1.120252E+2
1.337400E+0	-7.179428E+0	1.340285E+2
1.349875E+0	-7.373041E+0	1.562600E+2
1.362350E+0	-7.571288E+0	1.787796E+2
1.374825E+0	-7.762358E+0	2.015684E+2
1.387300E+0	-7.919199E+0	2.244711E+2
1.399775E+0	-8.031675E+0	2.474109E+2
1.412250E+0	-8.105928E+0	2.702217E+2
1.424725E+0	-8.164246E+0	-6.716347E+1
1.437200E+0	-8.228380E+0	-4.476721E+1
1.449675E+0	-8.319121E+0	-2.253709E+1
1.462150E+0	-8.440222E+0	-3.574582E-1
1.474625E+0	-8.584403E+0	2.188104E+1
1.487100E+0	-8.733700E+0	4.424910E+1
1.499575E+0	-8.877028E+0	6.677818E+1
1.512050E+0	-9.007386E+0	8.938667E+1
1.524525E+0	-9.125316E+0	1.119143E+2
1.537000E+0	-9.227894E+0	1.344108E+2
1.549475E+0	-9.331586E+0	1.567106E+2
1.561950E+0	-9.456973E+0	1.788927E+2
1.574425E+0	-9.608185E+0	2.010634E+2
1.586900E+0	-9.790097E+0	2.233322E+2
1.599375E+0	-9.990746E+0	2.458177E+2
1.611850E+0	-1.019275E+1	2.685488E+2
1.624325E+0	-1.037161E+1	-6.849279E+1
1.636800E+0	-1.050920E+1	-4.547349E+1
1.649275E+0	-1.060223E+1	-2.251435E+1
1.661750E+0	-1.066798E+1	2.075965E-1
1.674225E+0	-1.073648E+1	2.260571E+1
1.686700E+0	-1.083486E+1	4.475489E+1
1.699175E+0	-1.098036E+1	6.683002E+1
1.711650E+0	-1.117215E+1	8.903417E+1
1.724125E+0	-1.139414E+1	1.115136E+2
1.736600E+0	-1.161780E+1	1.343597E+2
1.749075E+0	-1.181195E+1	1.574885E+2
1.761550E+0	-1.195475E+1	1.807568E+2
1.774025E+0	-1.203492E+1	2.039468E+2
1.786500E+0	-1.208087E+1	2.268310E+2
1.798975E+0	-1.211737E+1	2.493335E+2
1.811450E+0	-1.219348E+1	2.715229E+2
1.823925E+0	-1.232133E+1	-6.643814E+1
1.836400E+0	-1.250021E+1	-4.431206E+1
1.848875E+0	-1.270767E+1	-2.191124E+1
1.861350E+0	-1.291737E+1	8.133007E-1
1.873825E+0	-1.310188E+1	2.381841E+1
1.886300E+0	-1.325095E+1	4.691613E+1
1.898775E+0	-1.335918E+1	6.989470E+1
1.911250E+0	-1.345072E+1	9.262490E+1
1.923725E+0	-1.354920E+1	1.150901E+2
1.936200E+0	-1.367845E+1	1.373976E+2
1.948675E+0	-1.385087E+1	1.597931E+2
1.961150E+0	-1.405760E+1	1.823883E+2
1.973625E+0	-1.427237E+1	2.052831E+2
1.986100E+0	-1.446440E+1	2.284478E+2
1.998575E+0	-1.460716E+1	2.517497E+2
2.011050E+0	-1.469583E+1	2.749846E+2
2.023525E+0	-1.474447E+1	-6.201083E+1
2.036000E+0	-1.478537E+1	-3.939886E+1
2.048475E+0	-1.486105E+1	-1.710689E+1
2.060950E+0	-1.500177E+1	4.981984E+0
2.073425E+0	-1.518798E+1	2.719925E+1
2.085900E+0	-1.540878E+1	4.967096E+1
2.098375E+0	-1.563366E+1	7.256022E+1
2.110850E+0	-1.583239E+1	9.576617E+1
2.123325E+0	-1.598013E+1	1.191469E+2
2.135800E+0	-1.607116E+1	1.424359E+2
2.148275E+0	-1.612200E+1	1.654314E+2
2.160750E+0	-1.616660E+1	1.880072E+2
2.173225E+0	-1.624332E+1	2.102866E+2
2.185700E+0	-1.637765E+1	2.324411E+2
2.198175E+0	-1.656710E+1	2.547066E+2
2.210650E+0	-1.679187E+1	2.772573E+2
2.223125E+0	-1.702049E+1	-5.984663E+1
2.235600E+0	-1.721747E+1	-3.662821E+1
2.248075E+0	-1.736274E+1	-1.328596E+1
2.260550E+0	-1.745565E+1	9.937874E+0
2.273025E+0	-1.751637E+1	3.284806E+1
2.285500E+0	-1.758599E+1	5.539391E+1
2.297975E+0	-1.769713E+1	7.768523E+1
2.310450E+0	-1.786755E+1	9.993760E+1
2.322925E+0	-1.808739E+1	1.224198E+2
2.335400E+0	-1.833628E+1	1.452941E+2
2.347875E+0	-1.856966E+1	1.685611E+2
2.360350E+0	-1.875213E+1	1.921463E+2
2.372825E+0	-1.886171E+1	2.157762E+2
2.385300E+0	-1.890227E+1	2.392125E+2
2.397775E+0	-1.890579E+1	2.622304E+2
2.410250E+0	-1.892408E+1	-7.528973E+1
2.422725E+0	-1.899774E+1	-5.317643E+1
2.435200E+0	-1.914157E+1	-3.116521E+1
2.447675E+0	-1.934590E+1	-8.948018E+0
2.460150E+0	-1.958243E+1	1.365797E+1
2.472625E+0	-1.981219E+1	3.669111E+1
2.485100E+0	-2.000351E+1	6.002375E+1
2.497575E+0	-2.014332E+1	8.340224E+1
2.510050E+0	-2.023306E+1	1.065757E+2
2.522525E+0	-2.031051E+1	1.294120E+2
2.535000E+0	-2.040204E+1	1.517459E+2
2.547475E+0	-2.054248E+1	1.741416E+2
2.559950E+0	-2.073795E+1	1.966622E+2
2.572425E+0	-2.096533E+1	2.194857E+2
2.584900E+0	-2.118867E+1	2.427144E+2
2.597375E+0	-2.136957E+1	2.662413E+2
2.609850E+0	-2.147825E+1	-7.012990E+1
2.622325E+0	-2.151233E+1	-4.667624E+1
2.634800E+0	-2.151291E+1	-2.372184E+1
2.647275E+0	-2.152625E+1	-1.323812E+0
2.659750E+0	-2.160451E+1	2.066871E+1
2.672225E+0	-2.176591E+1	4.258245E+1
2.684700E+0	-2.199849E+1	6.470861E+1
2.697175E+0	-2.227379E+1	8.731612E+1
2.709650E+0	-2.254872E+1	1.104778E+2
2.722125E+0	-2.277410E+1	1.340890E+2
2.734600E+0	-2.292011E+1	1.578767E+2
2.747075E+0	-2.298547E+1	1.815243E+2
2.759550E+0	-2.300145E+1	2.046716E+2
2.772025E+0	-2.301988E+1	2.272703E+2
2.784500E+0	-2.308889E+1	2.494294E+2
2.796975E+0	-2.323609E+1	2.714476E+2
2.809450E+0	-2.346145E+1	-6.634942E+1
2.821925E+0	-2.373313E+1	-4.371506E+1
2.834400E+0	-2.400766E+1	-2.061256E+1
2.846875E+0	-2.424187E+1	2.951251E+0
2.859350E+0	-2.440791E+1	2.671098E+1
2.871825E+0	-2.450537E+1	5.038211E+1
2.884300E+0	-2.455207E+1	7.372914E+1
2.896775E+0	-2.459170E+1	9.667653E+1
2.909250E+0	-2.466434E+1	1.193209E+2
2.921725E+0	-2.478209E+1	1.418764E+2
2.934200E+0	-2.494092E+1	1.645502E+2
2.946675E+0	-2.510911E+1	1.874996E+2
2.959150E+0	-2.525498E+1	2.107003E+2
2.971625E+0	-2.535038E+1	2.339359E+2
2.984100E+0	-2.539675E+1	2.569680E+2
2.996575E+0	-2.542824E+1	2.796098E+2
3.009050E+0	-2.548698E+1	-5.823511E+1
3.021525E+0	-2.560846E+1	-3.638207E+1
3.034000E+0	-2.581711E+1	-1.454450E+1
3.046475E+0	-2.610250E+1	7.647179E+0
3.058950E+0	-2.642921E+1	3.037239E+1
3.071425E+0	-2.674395E+1	5.373578E+1
3.083900E+0	-2.700375E+1	7.754634E+1
3.096375E+0	-2.717178E+1	1.016209E+2
3.108850E+0	-2.724165E+1	1.255336E+2
3.121325E+0	-2.725019E+1	1.488929E+2
3.133800E+0	-2.725531E+1	1.716426E+2
3.146275E+0	-2.730682E+1	1.938992E+2
3.158750E+0	-2.745486E+1	2.159717E+2
3.171225E+0	-2.767856E+1	2.381726E+2
3.183700E+0	-2.795741E+1	2.608195E+2
3.196175E+0	-2.824135E+1	-7.599716E+1
3.208650E+0	-2.847825E+1	-5.230223E+1
3.221125E+0	-2.864519E+1	-2.838521E+1
3.233600E+0	-2.873071E+1	-4.546631E+0
3.246075E+0	-2.875981E+1	1.892739E+1
3.258550E+0	-2.877310E+1	4.200906E+1
3.271025E+0	-2.880565E+1	6.464978E+1
3.283500E+0	-2.889194E+1	8.702853E+1
3.295975E+0	-2.902732E+1	1.094368E+2
3.308450E+0	-2.920222E+1	1.320735E+2
3.320925E+0	-2.937054E+1	1.549504E+2
3.333400E+0	-2.951234E+1	1.779213E+2
3.345875E+0	-2.962249E+1	2.009021E+2
3.358350E+0	-2.971561E+1	2.235247E+2
3.370825E+0	-2.982705E+1	2.458818E+2
3.383300E+0	-2.998508E+1	2.681010E+2
3.395775E+0	-3.021058E+1	-6.973975E+1
3.408250E+0	-3.049580E+1	-4.727700E+1
3.420725E+0	-3.081514E+1	-2.427703E+1
3.433200E+0	-3.111079E+1	-8.154350E-1
3.445675E+0	-3.134692E+1	2.308722E+1
3.458150E+0	-3.149994E+1	4.716224E+1
3.470625E+0	-3.155987E+1	7.099474E+1
3.483100E+0	-3.157121E+1	9.436076E+1
3.495575E+0	-3.158839E+1	1.170736E+2
3.508050E+0	-3.166061E+1	1.393990E+2
3.520525E+0	-3.181256E+1	1.615205E+2
3.533000E+0	-3.204583E+1	1.839306E+2
3.545475E+0	-3.231644E+1	2.067469E+2
3.557950E+0	-3.256657E+1	2.300457E+2
3.570425E+0	-3.276479E+1	2.538213E+2
3.582900E+0	-3.287492E+1	2.776373E+2
3.595375E+0	-3.292210E+1	-5.885587E+1
3.607850E+0	-3.294803E+1	-3.591743E+1
3.620325E+0	-3.299057E+1	-1.348702E+1
3.632800E+0	-3.308437E+1	8.624229E+0
3.645275E+0	-3.327450E+1	3.067435E+1
3.657750E+0	-3.351531E+1	5.304613E+1
3.670225E+0	-3.379871E+1	7.587726E+1
3.682700E+0	-3.406824E+1	9.916412E+1
3.695175E+0	-3.427657E+1	1.227286E+2
3.707650E+0	-3.442216E+1	1.462175E+2
3.720125E+0	-3.453524E+1	1.695481E+2
3.732600E+0	-3.462744E+1	1.924657E+2
3.745075E+0	-3.475620E+1	2.150929E+2
3.757550E+0	-3.494820E+1	2.376341E+2
3.770025E+0	-3.518821E+1	2.604557E+2
3.782500E+0	-3.545296E+1	-7.632280E+1
3.794975E+0	-3.569903E+1	-5.264818E+1
3.807450E+0	-3.586161E+1	-2.853725E+1
3.819925E+0	-3.593598E+1	-4.501975E+0
3.832400E+0	-3.591802E+1	1.909984E+1
3.844875E+0	-3.587001E+1	4.208876E+1
3.857350E+0	-3.585336E+1	6.427449E+1
3.869825E+0	-3.591171E+1	8.595785E+1
3.882300E+0	-3.608637E+1	1.074527E+2
3.894775E+0	-3.636850E+1	1.293729E+2
3.907250E+0	-3.671209E+1	1.518398E+2
3.919725E+0	-3.705170E+1	1.750069E+2
3.932200E+0	-3.732138E+1	1.986725E+2
3.944675E+0	-3.750965E+1	2.225598E+2
3.957150E+0	-3.761959E+1	2.462464E+2
3.969625E+0	-3.766023E+1	2.692138E+2
3.982100E+0	-3.773207E+1	-6.826304E+1
3.994575E+0	-3.790050E+1	-4.615318E+1
4.007050E+0	-3.815709E+1	-2.396924E+1
4.019525E+0	-3.850412E+1	-1.286956E+0
4.032000E+0	-3.886174E+1	2.200903E+1
4.044475E+0	-3.918922E+1	4.598002E+1
4.056950E+0	-3.941735E+1	7.040102E+1
4.069425E+0	-3.954123E+1	9.487282E+1
4.081900E+0	-3.955479E+1	1.186828E+2
4.094375E+0	-3.951585E+1	1.420610E+2
4.106850E+0	-3.953485E+1	1.646398E+2
4.119325E+0	-3.960572E+1	1.869911E+2
4.131800E+0	-3.977855E+1	2.091244E+2
4.144275E+0	-4.003297E+1	2.316689E+2
4.156750E+0	-4.032817E+1	2.549694E+2
4.169225E+0	-4.052709E+1	2.786577E+2
4.181700E+0	-4.065831E+1	-5.746563E+1
4.194175E+0	-4.068723E+1	-3.376824E+1
4.206650E+0	-4.067213E+1	-1.079160E+1
4.219125E+0	-4.064443E+1	1.151258E+1
4.231600E+0	-4.070589E+1	3.319439E+1
4.244075E+0	-4.087778E+1	5.466890E+1
4.256550E+0	-4.117827E+1	7.635000E+1
4.269025E+0	-4.158042E+1	9.859344E+1
4.281500E+0	-4.196402E+1	1.215882E+2
4.293975E+0	-4.232994E+1	1.452763E+2
4.306450E+0	-4.257586E+1	1.695780E+2
4.318925E+0	-4.273226E+1	1.936038E+2
4.331400E+0	-4.279873E+1	2.170565E+2
4.343875E+0	-4.287992E+1	2.400267E+2
4.356350E+0	-4.303411E+1	2.623582E+2
4.368825E+0	-4.326649E+1	-7.547185E+1
4.381300E+0	-4.359951E+1	-5.280132E+1
4.393775E+0	-4.396345E+1	-2.952054E+1
4.406250E+0	-4.430016E+1	-5.491166E+0
4.418725E+0	-4.457765E+1	1.924927E+1
4.431200E+0	-4.466688E+1	4.389736E+1
4.443675E+0	-4.467641E+1	6.825013E+1
4.456150E+0	-4.460352E+1	9.206703E+1
4.468625E+0	-4.454943E+1	1.148281E+2
4.481100E+0	-4.459621E+1	1.369495E+2
4.493575E+0	-4.471452E+1	1.588348E+2
4.506050E+0	-4.493842E+1	1.809895E+2
4.518525E+0	-4.521727E+1	2.036288E+2
4.531000E+0	-4.548744E+1	2.269968E+2
4.543475E+0	-4.571408E+1	2.505319E+2
4.555950E+0	-4.577741E+1	2.741067E+2
4.568425E+0	-4.585250E+1	-6.254773E+1
4.580900E+0	-4.589351E+1	-4.001187E+1
4.593375E+0	-4.600423E+1	-1.825758E+1
4.605850E+0	-4.624369E+1	3.565540E+0
4.618325E+0	-4.657503E+1	2.549008E+1
4.630800E+0	-4.700285E+1	4.789523E+1
4.643275E+0	-4.741162E+1	7.157667E+1
4.655750E+0	-4.778800E+1	9.577379E+1
4.668225E+0	-4.802126E+1	1.204158E+2
4.680700E+0	-4.811076E+1	1.448324E+2
4.693175E+0	-4.815604E+1	1.690534E+2
4.705650E+0	-4.815425E+1	1.921478E+2
4.718125E+0	-4.819629E+1	2.145039E+2
4.730600E+0	-4.833561E+1	2.366027E+2
4.743075E+0	-4.860385E+1	2.586907E+2
4.755550E+0	-4.894740E+1	-7.850399E+1
4.768025E+0	-4.930526E+1	-5.482970E+1
4.780500E+0	-4.960489E+1	-3.067271E+1
4.792975E+0	-4.977966E+1	-6.180552E+0
4.805450E+0	-4.982012E+1	1.795956E+1
4.817925E+0	-4.979605E+1	4.121341E+1
4.830400E+0	-4.976933E+1	6.381096E+1
4.842875E+0	-4.991217E+1	8.553904E+1
4.855350E+0	-5.011585E+1	1.074404E+2
4.867825E+0	-5.043635E+1	1.298353E+2
4.880300E+0	-5.086932E+1	1.525825E+2
4.892775E+0	-5.124535E+1	1.764169E+2
4.905250E+0	-5.155310E+1	2.010048E+2
4.917725E+0	-5.165334E+1	2.258379E+2
4.930200E+0	-5.170168E+1	2.501290E+2
4.942675E+0	-5.177097E+1	2.735427E+2
4.955150E+0	-5.173962E+1	-6.432191E+1
4.967625E+0	-5.180765E+1	-4.188178E+1
4.980100E+0	-5.202824E+1	-2.022770E+1
4.992575E+0	-5.238150E+1	2.139396E+0
5.005050E+0	-5.279310E+1	2.561738E+1
5.017525E+0	-5.311971E+1	4.976405E+1
5.030000E+0	-5.326633E+1	7.416192E+1
5.042475E+0	-5.332318E+1	9.877987E+1
5.054950E+0	-5.337138E+1	1.226462E+2
5.067425E+0	-5.327219E+1	1.453120E+2
5.079900E+0	-5.327355E+1	1.669177E+2
5.092375E+0	-5.350982E+1	1.885895E+2
5.104850E+0	-5.383261E+1	2.101647E+2
5.117325E+0	-5.428274E+1	2.319889E+2
5.129800E+0	-5.477932E+1	2.552884E+2
5.142275E+0	-5.525659E+1	2.797485E+2
5.154750E+0	-5.546757E+1	-5.589364E+1
5.167225E+0	-5.565967E+1	-3.085421E+1
5.179700E+0	-5.574012E+1	-5.968342E+0
5.192175E+0	-5.572424E+1	1.738592E+1
5.204650E+0	-5.575168E+1	4.013173E+1
5.217125E+0	-5.582146E+1	6.222467E+1
5.229600E+0	-5.615078E+1	8.462769E+1
5.242075E+0	-5.650157E+1	1.070988E+2
5.254550E+0	-5.684286E+1	1.313537E+2
5.267025E+0	-5.717260E+1	1.551902E+2
5.279500E+0	-5.735448E+1	1.799123E+2
5.291975E+0	-5.736352E+1	2.044981E+2
5.304450E+0	-5.732642E+1	2.282942E+2
5.316925E+0	-5.728119E+1	2.513450E+2
5.329400E+0	-5.722609E+1	2.727693E+2
5.341875E+0	-5.748720E+1	-6.542856E+1
5.354350E+0	-5.785748E+1	-4.354610E+1
5.366825E+0	-5.809529E+1	-2.115328E+1
5.379300E+0	-5.867418E+1	2.208664E+0
5.391775E+0	-5.902822E+1	2.650655E+1
5.404250E+0	-5.924836E+1	5.196433E+1
5.416725E+0	-5.933400E+1	7.557193E+1
5.429200E+0	-5.932145E+1	9.913589E+1
5.441675E+0	-5.925073E+1	1.213906E+2
5.454150E+0	-5.939733E+1	1.437822E+2
5.466625E+0	-5.965239E+1	1.662409E+2
5.479100E+0	-6.009624E+1	1.883042E+2
5.491575E+0	-6.046024E+1	2.106934E+2
5.504050E+0	-6.080037E+1	2.350422E+2
5.516525E+0	-6.115650E+1	2.603136E+2
5.529000E+0	-6.135937E+1	-7.575745E+1
5.541475E+0	-6.136852E+1	-5.051773E+1
5.553950E+0	-6.134067E+1	-2.698521E+1
5.566425E+0	-6.148951E+1	-4.411621E+0
5.578900E+0	-6.154085E+1	1.747758E+1
5.591375E+0	-6.173251E+1	3.962416E+1
5.603850E+0	-6.207904E+1	6.288167E+1
5.616325E+0	-6.232421E+1	8.658171E+1
5.628800E+0	-6.288954E+1	1.087289E+2
5.641275E+0	-6.315591E+1	1.339859E+2
5.653750E+0	-6.319910E+1	1.588694E+2
5.666225E+0	-6.323352E+1	1.832465E+2
5.678700E+0	-6.322578E+1	2.057066E+2
5.691175E+0	-6.310357E+1	2.283682E+2
5.703650E+0	-6.329074E+1	2.494639E+2
5.716125E+0	-6.349516E+1	2.719297E+2
5.728600E+0	-6.424010E+1	-6.775591E+1
5.741075E+0	-6.470113E+1	-4.317156E+1
5.753550E+0	-6.499001E+1	-1.790537E+1
5.766025E+0	-6.534393E+1	8.158616E+0
5.778500E+0	-6.542715E+1	3.333957E+1
5.790975E+0	-6.554396E+1	5.600612E+1
5.803450E+0	-6.538483E+1	8.042487E+1
5.815925E+0	-6.557670E+1	1.026877E+2
5.828400E+0	-6.555482E+1	1.241073E+2
5.840875E+0	-6.574329E+1	1.481405E+2
5.853350E+0	-6.605144E+1	1.715971E+2
5.865825E+0	-6.646010E+1	1.924692E+2
5.878300E+0	-6.694968E+1	2.177961E+2
5.890775E+0	-6.734894E+1	2.430347E+2
5.903250E+0	-6.707872E+1	2.689858E+2
5.915725E+0	-6.694709E+1	-6.977869E+1
5.928200E+0	-6.696004E+1	-4.769327E+1
5.940675E+0	-6.709595E+1	-2.320661E+1
5.953150E+0	-6.736424E+1	-3.938747E+0
5.965625E+0	-6.754018E+1	1.816705E+1
5.978100E+0	-6.818650E+1	4.106938E+1
5.990575E+0	-6.873736E+1	6.715717E+1
6.003050E+0	-6.906483E+1	9.252853E+1
6.015525E+0	-6.930308E+1	1.151411E+2
6.028000E+0	-6.911450E+1	1.426661E+2
6.040475E+0	-6.896022E+1	1.644180E+2
6.052950E+0	-6.930817E+1	1.871552E+2
6.065425E+0	-6.938754E+1	2.085677E+2
6.077900E+0	-6.934633E+1	2.286019E+2
6.090375E+0	-6.983424E+1	2.544966E+2
6.102850E+0	-7.004271E+1	2.761277E+2
6.115325E+0	-7.123047E+1	-5.961958E+1
6.127800E+0	-7.063660E+1	-3.588487E+1
6.140275E+0	-7.130446E+1	-8.076054E+0
6.152750E+0	-7.149557E+1	1.454060E+1
6.165225E+0	-7.115308E+1	4.110334E+1
6.177700E+0	-7.154697E+1	6.199080E+1
6.190175E+0	-7.136442E+1	8.483997E+1
6.202650E+0	-7.181181E+1	1.059533E+2
6.215125E+0	-7.196472E+1	1.275923E+2
6.227600E+0	-7.212214E+1	1.486862E+2
6.240075E+0	-7.203120E+1	1.762398E+2
6.252550E+0	-7.266987E+1	1.989580E+2
6.265025E+0	-7.327207E+1	2.213077E+2
6.277500E+0	-7.329917E+1	2.456659E+2
6.289975E+0	-7.379049E+1	2.743427E+2
6.302450E+0	-7.430928E+1	-6.836378E+1
6.314925E+0	-7.403199E+1	-4.374395E+1
6.327400E+0	-7.427172E+1	-1.955460E+1
6.339875E+0	-7.454290E+1	2.089799E+0
6.352350E+0	-7.477979E+1	2.505841E+1
6.364825E+0	-7.544187E+1	4.868959E+1
6.377300E+0	-7.558950E+1	7.524802E+1
6.389775E+0	-7.523417E+1	1.020691E+2
6.402250E+0	-7.439349E+1	1.225369E+2
6.414725E+0	-7.516372E+1	1.489837E+2
6.427200E+0	-7.486593E+1	1.740114E+2
6.439675E+0	-7.545802E+1	1.909971E+2
6.452150E+0	-7.659197E+1	2.226273E+2
6.464625E+0	-7.648245E+1	2.342208E+2
6.477100E+0	-7.663139E+1	2.606111E+2
6.489575E+0	-7.751412E+1	-7.601959E+1
6.502050E+0	-7.675173E+1	-4.844009E+1
6.514525E+0	-7.761701E+1	-2.559138E+1
6.527000E+0	-7.766140E+1	-6.106101E-1
6.539475E+0	-7.636243E+1	2.272164E+1
6.551950E+0	-7.725431E+1	4.165376E+1
6.564425E+0	-7.755474E+1	6.931384E+1
6.576900E+0	-7.732973E+1	8.574830E+1
6.589375E+0	-7.915068E+1	1.125034E+2
6.601850E+0	-7.844262E+1	1.360556E+2
6.614325E+0	-7.909069E+1	1.615918E+2
6.626800E+0	-7.929321E+1	1.886264E+2
6.639275E+0	-7.884400E+1	2.080443E+2
6.651750E+0	-7.944090E+1	2.302214E+2
6.664225E+0	-8.051056E+1	2.676127E+2
6.676700E+0	-7.882368E+1	2.799796E+2
6.689175E+0	-7.987704E+1	-6.039947E+1
6.701650E+0	-7.966655E+1	-3.684678E+1
6.714125E+0	-7.857831E+1	-1.165115E+1
6.726600E+0	-8.078518E+1	2.245387E+1
6.739075E+0	-8.064284E+1	4.245240E+1
6.751550E+0	-8.124557E+1	6.936030E+1
6.764025E+0	-8.067582E+1	8.493239E+1
6.776500E+0	-7.901716E+1	1.065643E+2
6.788975E+0	-7.996225E+1	1.339893E+2
6.801450E+0	-7.979657E+1	1.630234E+2
6.813925E+0	-8.210903E+1	1.731454E+2
6.826400E+0	-8.419129E+1	2.024314E+2
6.838875E+0	-8.233398E+1	2.164344E+2
6.851350E+0	-8.169252E+1	2.501742E+2
6.863825E+0	-8.180859E+1	2.646924E+2
6.876300E+0	-8.362704E+1	-6.653503E+1
6.888775E+0	-8.212820E+1	-3.802645E+1
6.901250E+0	-8.302042E+1	-1.927558E+1
6.913725E+0	-8.263905E+1	1.430659E+0
6.926200E+0	-8.548555E+1	4.084857E+1
6.938675E+0	-8.355000E+1	5.409892E+1
6.951150E+0	-8.505808E+1	8.161907E+1
6.963625E+0	-8.438100E+1	9.483993E+1
6.976100E+0	-8.464017E+1	1.222039E+2
6.988575E+0	-8.608705E+1	1.651629E+2
7.001050E+0	-8.357576E+1	1.755694E+2
7.013525E+0	-8.515723E+1	2.027535E+2
7.026000E+0	-8.376498E+1	2.123727E+2
7.038475E+0	-8.566317E+1	2.428807E+2
7.050950E+0	-8.524038E+1	2.724753E+2
7.063425E+0	-8.422438E+1	-6.173777E+1
7.075900E+0	-8.618314E+1	-5.424072E+1
7.088375E+0	-8.451886E+1	-3.310283E+1
7.100850E+0	-8.485248E+1	1.616928E+1
7.113325E+0	-8.928797E+1	1.572380E+0
7.125800E+0	-8.888882E+1	3.061721E+1
7.138275E+0	-8.550742E+1	7.116750E+1
7.150750E+0	-8.751436E+1	1.012370E+2
7.163225E+0	-8.755122E+1	1.336555E+2
7.175700E+0	-8.825037E+1	1.439382E+2
7.188175E+0	-8.867553E+1	1.567250E+2
7.200650E+0	-8.901215E+1	1.918916E+2
7.213125E+0	-9.130832E+1	2.043724E+2
7.225600E+0	-8.967857E+1	2.482138E+2
7.238075E+0	-8.808665E+1	2.719968E+2
7.250550E+0	-9.045476E+1	-6.661553E+1
7.263025E+0	-8.926942E+1	-5.352609E+1
7.275500E+0	-9.296922E+1	-2.066925E+1
7.287975E+0	-8.715209E+1	1.378570E+0
7.300450E+0	-9.442228E+1	1.723089E+1
7.312925E+0	-9.420743E+1	3.660131E+1
7.325400E+0	-9.011206E+1	5.589763E+1
7.337875E+0	-8.904842E+1	8.191864E+1
7.350350E+0	-8.730669E+1	9.641808E+1
7.362825E+0	-8.958929E+1	1.442805E+2
7.375300E+0	-9.283278E+1	2.122758E+2
7.387775E+0	-9.146378E+1	1.841783E+2
7.400250E+0	-9.187534E+1	2.164362E+2
7.412725E+0	-9.365438E+1	2.115520E+2
7.425200E+0	-9.150782E+1	2.362443E+2
7.437675E+0	-9.056315E+1	2.696411E+2
7.450150E+0	-9.041419E+1	-7.598122E+1
7.462625E+0	-9.330815E+1	-3.363885E+1
7.475100E+0	-1.062127E+2	-7.500811E+0
7.487575E+0	-9.029289E+1	-9.133029E+0
7.500050E+0	-9.787788E+1	8.389039E+1
7.512525E+0	-8.890701E+1	7.514336E+1
7.525000E+0	-1.023129E+2	1.398540E+2
7.537475E+0	-9.227833E+1	9.785166E+1
7.549950E+0	-9.466351E+1	1.169770E+2
7.562425E+0	-9.564898E+1	1.495787E+2
7.574900E+0	-9.183688E+1	1.501335E+2
7.587375E+0	-9.975150E+1	1.792267E+2
7.599850E+0	-9.370082E+1	2.223542E+2
7.612325E+0	-9.271225E+1	2.580334E+2
7.624800E+0	-9.219786E+1	2.437886E+2
7.637275E+0	-9.657579E+1	-6.013540E+1
7.649750E+0	-9.256111E+1	-2.182095E+1
7.662225E+0	-9.236761E+1	-5.975202E-1
7.674700E+0	-9.163177E+1	8.934844E+0
7.687175E+0	-9.228757E+1	4.667691E+1
7.699650E+0	-1.004336E+2	7.036702E+1
7.712125E+0	-9.909701E+1	1.028168E+2
7.724600E+0	-9.418551E+1	4.850723E+1
7.737075E+0	-9.204803E+1	1.026363E+2
7.749550E+0	-9.241615E+1	2.130349E+2
7.762025E+0	-1.034291E+2	1.792083E+2
7.774500E+0	-9.760570E+1	1.681952E+2
7.786975E+0	-9.012319E+1	2.196711E+2
7.799450E+0	-9.546566E+1	1.896077E+2
7.811925E+0	-9.385303E+1	2.479522E+2
7.824400E+0	-9.682600E+1	-4.056376E+1
7.836875E+0	-9.362515E+1	-4.133901E+1
7.849350E+0	-9.518723E+1	-7.760287E+0
7.861825E+0	-9.369038E+1	3.017254E+1
7.874300E+0	-1.093851E+2	2.291332E+1
7.886775E+0	-9.289100E+1	9.541772E+1
7.899250E+0	-1.010657E+2	1.076938E+2
7.911725E+0	-9.592703E+1	1.240877E+2
7.924200E+0	-9.317420E+1	1.617682E+2
7.936675E+0	-9.291974E+1	1.598767E+2
7.949150E+0	-9.238616E+1	1.977626E+2
7.961625E+0	-9.668066E+1	2.270281E+2
7.974100E+0	-9.044742E+1	2.474085E+2
7.986575E+0	-1.052663E+2	4.731482E+1
7.999050E+0	-9.118240E+1	-6.888289E+1
8.011525E+0	-1.018562E+2	2.739706E+2
8.024000E+0	-9.759974E+1	-4.528314E+0
8.036475E+0	-1.052137E+2	-1.744266E+1
8.048950E+0	-9.220107E+1	2.972114E+1
8.061425E+0	-1.024685E+2	5.892469E+1
8.073900E+0	-9.812648E+1	9.235079E+1
8.086375E+0	-1.023235E+2	1.547301E+2
8.098850E+0	-9.250780E+1	1.318950E+2
8.111325E+0	-9.527281E+1	1.562503E+2
8.123800E+0	-9.150712E+1	2.199530E+2
8.136275E+0	-1.190747E+2	1.817486E+2
8.148750E+0	-9.301308E+1	2.484142E+2
8.161225E+0	-1.032752E+2	-4.166694E+1
8.173700E+0	-9.858017E+1	6.580569E+1
8.186175E+0	-9.279424E+1	2.559189E+2
8.198650E+0	-1.022265E+2	-6.096771E+1
8.211125E+0	-9.763480E+1	-6.887083E+1
8.223600E+0	-9.705305E+1	-4.628322E+1
8.236075E+0	-9.899366E+1	-3.079235E+1
8.248550E+0	-9.025602E+1	7.057661E+1
8.261025E+0	-1.026147E+2	3.041820E+1
8.273500E+0	-1.029881E+2	1.636249E+2
8.285975E+0	-9.755801E+1	1.027157E+2
8.298450E+0	-9.544868E+1	2.085202E+2
8.310925E+0	-1.003350E+2	2.104798E+2
8.323400E+0	-1.084482E+2	1.059244E+1
8.335875E+0	-1.004662E+2	2.096730E+2
8.348350E+0	-1.015415E+2	1.391222E+2
8.360825E+0	-1.002342E+2	1.232925E+2
8.373300E+0	-1.027696E+2	1.468341E+2
8.385775E+0	-1.127033E+2	3.836801E+1
8.398250E+0	-9.396811E+1	2.150633E+2
8.410725E+0	-1.093971E+2	-3.005467E+1
8.423200E+0	-9.961821E+1	4.992101E+1
8.435675E+0	-9.840456E+1	2.304009E+2
8.448150E+0	-9.895958E+1	6.096851E+1
8.460625E+0	-1.021435E+2	2.073666E+2
8.473100E+0	-1.039749E+2	1.339105E+2
8.485575E+0	-9.960159E+1	-6.970536E+1
8.498050E+0	-1.035682E+2	2.785037E+2
8.510525E+0	-9.805450E+1	-4.039255E+1
8.523000E+0	-9.886497E+1	2.328021E+2
8.535475E+0	-9.735920E+1	2.348565E+2
8.547950E+0	-9.416603E+1	1.626788E+1
8.560425E+0	-1.069154E+2	1.182710E+2
8.572900E+0	-1.041421E+2	2.093029E+2
8.585375E+0	-9.584610E+1	-3.421904E+1
8.597850E+0	-9.505347E+1	-7.950545E+1
8.610325E+0	-1.019663E+2	9.046769E+0
8.622800E+0	-9.342545E+1	8.999594E+1
8.635275E+0	-1.090744E+2	-2.640139E+1
8.647750E+0	-1.018257E+2	1.983131E+2
8.660225E+0	-9.664449E+1	-3.834374E+1
8.672700E+0	-1.038664E+2	2.277940E+1
8.685175E+0	-9.908741E+1	2.580902E+2
8.697650E+0	-9.839880E+1	1.004466E+0
8.710125E+0	-9.738918E+1	2.062979E+2
8.722600E+0	-9.650020E+1	2.232795E+2
8.735075E+0	-9.827306E+1	-6.995390E+1
8.747550E+0	-9.303183E+1	2.134210E+2
8.760025E+0	-1.025157E+2	2.740125E+2
8.772500E+0	-9.640155E+1	-5.261359E+1
8.784975E+0	-1.025167E+2	5.157349E+1
8.797450E+0	-9.792239E+1	7.455287E+1
8.809925E+0	-1.068821E+2	1.274583E+2
8.822400E+0	-9.608584E+1	7.732217E+1
8.834875E+0	-9.972266E+1	6.063931E+1
8.847350E+0	-9.981610E+1	1.044148E+2
8.859825E+0	-9.425864E+1	1.384231E+2
8.872300E+0	-1.009678E+2	1.388754E+2
8.884775E+0	-9.650885E+1	2.352463E+2
8.897250E+0	-9.525834E+1	2.185338E+2
8.909725E+0	-9.578022E+1	2.496379E+2
8.922200E+0	-9.921799E+1	2.634276E+2
8.934675E+0	-9.911432E+1	3.148998E+1
8.947150E+0	-1.006679E+2	2.777360E+2
8.959625E+0	-9.725314E+1	-4.305994E+1
8.972100E+0	-1.141551E+2	9.821806E+1
8.984575E+0	-1.042420E+2	1.343481E+2
8.997050E+0	-1.038970E+2	1.363321E+2
9.009525E+0	-1.008977E+2	1.703112E+2
9.022000E+0	-9.310275E+1	7.595018E+1
9.034475E+0	-9.587595E+1	1.693389E+2
9.046950E+0	-9.850819E+1	1.267452E+2
9.059425E+0	-9.603458E+1	2.039093E+2
9.071900E+0	-9.698050E+1	2.359139E+2
9.084375E+0	-1.108561E+2	2.248409E+2
9.096850E+0	-1.050245E+2	2.519769E+2
9.109325E+0	-9.977366E+1	-1.557250E-1
9.121800E+0	-8.967536E+1	1.971783E+1
9.134275E+0	-9.997264E+1	8.619980E+1
9.146750E+0	-9.406803E+1	1.402690E+1
9.159225E+0	-1.014354E+2	4.167968E+1
9.171700E+0	-9.493889E+1	-5.185105E+1
9.184175E+0	-1.018832E+2	1.038398E+2
9.196650E+0	-9.237673E+1	9.561479E+1
9.209125E+0	-1.012508E+2	1.305714E+2
9.221600E+0	-9.958940E+1	4.742984E+1
9.234075E+0	-1.009027E+2	2.549215E+2
9.246550E+0	-9.742698E+1	2.357378E+2
9.259025E+0	-1.002630E+2	2.141639E+2
9.271500E+0	-9.614914E+1	2.494023E+2
9.283975E+0	-9.779736E+1	-1.131351E+1
9.296450E+0	-1.053021E+2	7.034333E+1
9.308925E+0	-9.886982E+1	2.313855E+2
9.321400E+0	-1.030506E+2	1.129290E+2
9.333875E+0	-9.155040E+1	-1.963384E+1
9.346350E+0	-1.075087E+2	2.138754E+2
9.358825E+0	-9.935970E+1	2.127250E+2
9.371300E+0	-9.087526E+1	6.243664E+1
9.383775E+0	-1.031545E+2	1.311394E+2
9.396250E+0	-1.006500E+2	1.741329E+2
9.408725E+0	-9.735309E+1	6.775949E+1
9.421200E+0	-1.033955E+2	2.431113E+2
9.433675E+0	-9.603296E+1	2.716320E+2
9.446150E+0	-1.007381E+2	1.578408E+2
9.458625E+0	-9.627858E+1	-2.618881E+1
9.471100E+0	-1.031864E+2	2.579576E+2
9.483575E+0	-9.866699E+1	-2.079515E+1
9.496050E+0	-1.048649E+2	8.836514E+0
9.508525E+0	-9.442442E+1	2.502207E+2
9.521000E+0	-9.978309E+1	-3.366852E+1
9.533475E+0	-1.058463E+2	2.310526E+2
9.545950E+0	-9.876297E+1	1.962638E+2
9.558425E+0	-9.875866E+1	1.830566E+2
9.570900E+0	-1.006530E+2	4.438765E+1
9.583375E+0	-9.836443E+1	2.683299E+2
9.595850E+0	-9.526084E+1	-7.527963E+1
9.608325E+0	-9.613749E+1	2.378490E+2
9.620800E+0	-1.018699E+2	1.941681E+2
9.633275E+0	-9.954620E+1	6.171437E+1
9.645750E+0	-1.007211E+2	2.020657E+2
9.658225E+0	-9.108695E+1	1.559314E+2
9.670700E+0	-9.506879E+1	1.668108E+2
9.683175E+0	-9.737367E+1	-2.402766E+1
9.695650E+0	-1.090054E+2	2.745711E+2
9.708125E+0	-1.040160E+2	-3.011163E+1
9.720600E+0	-9.269401E+1	5.544090E+1
9.733075E+0	-9.963590E+1	-1.620497E+1
9.745550E+0	-9.768530E+1	1.949986E+1
9.758025E+0	-9.759518E+1	1.179877E+1
9.770500E+0	-9.652787E+1	-3.156678E+1
9.782975E+0	-1.040509E+2	3.122617E+1
9.795450E+0	-1.065490E+2	1.427337E+2
9.807925E+0	-1.049336E+2	1.789527E+2
9.820400E+0	-1.009203E+2	2.366223E+2
9.832875E+0	-9.681107E+1	-1.159815E+1
9.845350E+0	-9.836639E+1	2.064422E+2
9.857825E+0	-9.365843E+1	2.584230E+2
9.870300E+0	-1.103506E+2	1.615009E+2
9.882775E+0	-1.019553E+2	1.960255E+2
9.895250E+0	-9.918004E+1	-1.574184E+1
9.907725E+0	-9.990324E+1	8.784042E+1
9.920200E+0	-9.707064E+1	3.089872E+0
9.932675E+0	-9.926680E+1	1.550407E+2
9.945150E+0	-1.156216E+2	1.327675E+2
9.957625E+0	-9.738007E+1	1.921793E+2
9.970100E+0	-1.002092E+2	2.292015E+2
9.982575E+0	-1.005486E+2	1.505787E+2
9.995050E+0	-9.154942E+1	2.187273E+2
1.000752E+1	-9.749877E+1	1.734785E+2
1.002000E+1	-9.280757E+1	2.554851E+2
1.003247E+1	-9.336263E+1	2.659510E+2
1.004495E+1	-9.394720E+1	-4.226521E+0
1.005743E+1	-9.803297E+1	4.321816E+1
1.006990E+1	-9.591312E+1	-2.217380E+1
1.008238E+1	-1.052290E+2	2.528279E+2
1.009485E+1	-9.388173E+1	3.446745E+1
1.010732E+1	-1.029192E+2	6.144985E+1
1.011980E+1	-9.389004E+1	9.375797E+0
1.013227E+1	-9.632349E+1	1.973878E+2
1.014475E+1	-9.753983E+1	1.125259E+2
1.015723E+1	-9.485635E+1	1.510491E+2
1.016970E+1	-9.635408E+1	2.655991E+2
1.018218E+1	-9.194650E+1	2.467607E+2
1.019465E+1	-9.446320E+1	2.017441E+2
1.020712E+1	-1.027049E+2	2.406674E+2
1.021960E+1	-9.493340E+1	-2.925315E+1
1.023208E+1	-1.005050E+2	-3.992940E+1
1.024455E+1	-9.130627E+1	-6.980283E-1
1.025703E+1	-9.495442E+1	-1.730296E+1
1.026950E+1	-9.622022E+1	-3.306138E+1
1.028197E+1	-9.393268E+1	4.939701E+1
1.029445E+1	-9.891838E+1	1.171452E+0
1.030692E+1	-9.376918E+1	9.591706E+1
1.031940E+1	-1.017186E+2	1.240452E+2
1.033188E+1	-1.002780E+2	-4.426707E+1
1.034435E+1	-9.289861E+1	2.554883E+2
1.035683E+1	-9.322932E+1	2.457432E+2
1.036930E+1	-9.627323E+1	2.399379E+2
1.038177E+1	-8.834111E+1	-7.933053E+1
1.039425E+1	-9.153924E+1	-3.467086E+0
1.040672E+1	-9.503103E+1	-4.045023E+1
1.041920E+1	-9.424261E+1	2.605247E+1
1.043168E+1	-9.068033E+1	-1.033962E+1
1.044415E+1	-1.001913E+2	9.004926E+1
1.045663E+1	-9.100493E+1	5.857536E+1
1.046910E+1	-9.725031E+1	9.969498E+1
1.048157E+1	-9.320905E+1	7.405278E+1
1.049405E+1	-9.184672E+1	1.549634E+2
1.050652E+1	-9.374266E+1	2.267137E+2
1.051900E+1	-9.260665E+1	2.407289E+2
1.053148E+1	-9.216295E+1	2.377163E+2
1.054395E+1	-8.979915E+1	-4.131046E+1
1.055643E+1	-9.220267E+1	-6.291212E+1
1.056890E+1	-9.770576E+1	3.503014E+0
1.058137E+1	-9.595774E+1	-1.790148E+1
1.059385E+1	-9.011534E+1	6.278464E+1
1.060633E+1	-1.050938E+2	5.429315E+1
1.061880E+1	-9.668756E+1	7.686211E+1
1.063128E+1	-9.811178E+1	1.234109E+2
1.064375E+1	-9.938866E+1	1.348196E+2
1.065622E+1	-9.339710E+1	1.572452E+2
1.066870E+1	-1.004245E+2	-4.798433E+1
1.068117E+1	-9.423330E+1	2.076528E+2
1.069365E+1	-9.561932E+1	1.871971E+2
1.070613E+1	-9.554763E+1	-7.931957E+1
1.071860E+1	-9.124564E+1	2.649286E+2
1.073108E+1	-9.286935E+1	-1.569318E+1
1.074355E+1	-9.754926E+1	-4.461710E+1
1.075602E+1	-9.360513E+1	-8.010024E+0
1.076850E+1	-1.000385E+2	-4.273413E+1
1.078097E+1	-9.953389E+1	2.100450E+1
1.079345E+1	-9.950649E+1	-6.330492E+1
1.080593E+1	-9.784596E+1	9.394621E+1
1.081840E+1	-9.081923E+1	1.208251E+2
1.083088E+1	-8.916549E+1	1.793384E+2
1.084335E+1	-1.072290E+2	3.870649E+1
1.085582E+1	-9.669543E+1	1.750635E+2
1.086830E+1	-8.925043E+1	2.086609E+2
1.088077E+1	-1.083609E+2	-7.401385E+1
1.089325E+1	-9.358039E+1	2.087719E+2
1.090573E+1	-1.134680E+2	1.718847E+2
1.091820E+1	-9.129783E+1	2.289782E+2
1.093068E+1	-9.270425E+1	-2.612675E+1
1.094315E+1	-9.420757E+1	2.030876E+2
1.095562E+1	-1.145832E+2	1.510753E+2
1.096810E+1	-1.011304E+2	1.313450E+2
1.098057E+1	-1.023571E+2	7.687856E+0
1.099305E+1	-9.380553E+1	1.210749E+2
1.100553E+1	-9.922132E+1	1.550137E+2
1.101800E+1	-9.906055E+1	1.864720E+2
1.103047E+1	-1.062167E+2	2.316766E+2
1.104295E+1	-1.025885E+2	9.870354E+1
1.105542E+1	-9.632329E+1	2.579200E+2
1.106790E+1	-1.090870E+2	1.614717E+2
1.108038E+1	-9.366646E+1	2.190141E+2
1.109285E+1	-9.346132E+1	2.425424E+2
1.110533E+1	-9.772955E+1	1.821914E+2
1.111780E+1	-1.006196E+2	2.090241E+2
1.113027E+1	-1.006572E+2	-5.939311E+1
1.114275E+1	-1.037260E+2	-3.871112E-1
1.115522E+1	-1.002256E+2	1.861368E+2
1.116770E+1	-1.000478E+2	3.784097E+1
1.118018E+1	-1.001143E+2	1.011909E+2
1.119265E+1	-9.699585E+1	1.952623E+2
1.120513E+1	-9.067538E+1	1.781795E+2
1.121760E+1	-9.464332E+1	1.577814E+2
1.123007E+1	-9.900909E+1	1.884241E+2
1.124255E+1	-1.060158E+2	1.717173E+1
1.125502E+1	-9.057157E+1	2.433036E+2
1.126750E+1	-9.457757E+1	2.473979E+2
1.127998E+1	-9.587086E+1	2.419447E+2
1.129245E+1	-9.616061E+1	-4.022676E+1
1.130493E+1	-1.005433E+2	6.178598E+1
1.131740E+1	-9.357420E+1	2.118945E+2
1.132987E+1	-1.047804E+2	-3.647138E+0
1.134235E+1	-1.049835E+2	4.751742E+1
1.135482E+1	-9.380939E+1	4.976172E+1
1.136730E+1	-9.841853E+1	4.998515E+1
1.137978E+1	-9.434157E+1	5.518409E+1
1.139225E+1	-9.715488E+1	9.683435E+1
1.140472E+1	-1.096715E+2	7.938335E+1
1.141720E+1	-9.304002E+1	2.159082E+2
1.142967E+1	-9.785677E+1	1.279010E+2
1.144215E+1	-9.532384E+1	1.947717E+2
1.145463E+1	-1.129507E+2	-4.461343E+1
1.146710E+1	-9.577156E+1	2.399547E+2
1.147958E+1	-9.242781E+1	2.439220E+2
1.149205E+1	-9.754399E+1	2.719761E+2
1.150452E+1	-9.253127E+1	3.040958E+1
1.151700E+1	-9.279023E+1	4.251087E+1
1.152947E+1	-9.740725E+1	-4.150931E+0
1.154195E+1	-1.044509E+2	1.797833E+2
1.155443E+1	-9.643106E+1	6.309173E+1
1.156690E+1	-9.520231E+1	9.839331E+1
1.157938E+1	-9.647307E+1	1.047800E+2
1.159185E+1	-9.705333E+1	1.543337E+2
1.160432E+1	-1.031485E+2	-2.963690E+1
1.161680E+1	-9.619124E+1	2.195849E+2
1.162927E+1	-8.760035E+1	2.460773E+2
1.164175E+1	-1.171285E+2	2.082899E+2
1.165423E+1	-9.864672E+1	2.644277E+2
1.166670E+1	-9.559502E+1	-5.499712E+1
1.167918E+1	-1.006819E+2	9.319940E+0
1.169165E+1	-9.777158E+1	-3.974248E+1
1.170412E+1	-9.305070E+1	-2.492066E+0
1.171660E+1	-9.906371E+1	4.336073E+1
1.172907E+1	-9.998241E+1	7.459891E+1
1.174155E+1	-9.142657E+1	4.928409E+1
1.175403E+1	-1.029253E+2	1.057496E+2
1.176650E+1	-9.905838E+1	1.462722E+2
1.177898E+1	-9.755736E+1	2.031001E+2
1.179145E+1	-9.463961E+1	2.304486E+2
1.180392E+1	-9.944373E+1	2.527283E+2
1.181640E+1	-9.406301E+1	2.505681E+2
1.182888E+1	-1.004308E+2	-4.800819E+1
1.184135E+1	-9.627412E+1	2.434882E+2
1.185383E+1	-9.730607E+1	3.693722E+1
1.186630E+1	-9.015078E+1	-6.104781E+1
1.187877E+1	-1.108786E+2	3.182511E+1
1.189125E+1	-9.969978E+1	-7.097628E+1
1.190372E+1	-9.988456E+1	2.563154E+1
1.191620E+1	-9.554569E+1	-7.227676E+0
1.192868E+1	-9.384792E+1	1.301109E+2
1.194115E+1	-9.600798E+1	1.258832E+2
1.195363E+1	-1.030174E+2	1.235352E+2
1.196610E+1	-9.921513E+1	1.587993E+2
1.197857E+1	-9.352959E+1	1.723411E+2
1.199105E+1	-9.584437E+1	7.232458E+1
1.200352E+1	-1.018692E+2	1.899017E+2
1.201600E+1	-9.620649E+1	1.957534E+2
1.202848E+1	-1.020936E+2	7.335591E+0
1.204095E+1	-9.344901E+1	-4.088063E+1
1.205343E+1	-1.029612E+2	1.630252E+2
1.206590E+1	-9.915882E+1	3.829076E+0
1.207837E+1	-9.432520E+1	1.572321E+1
1.209085E+1	-9.867080E+1	1.478657E+2
1.210332E+1	-1.046221E+2	-5.416603E+1
1.211580E+1	-1.033086E+2	1.881613E+2
1.212828E+1	-9.943325E+1	2.154279E+2
1.214075E+1	-9.908517E+1	1.544161E+2
1.215323E+1	-1.017896E+2	2.029040E+2
1.216570E+1	-1.032904E+2	2.017342E+2
1.217817E+1	-9.467101E+1	-3.497771E+1
1.219065E+1	-9.662149E+1	2.257038E+2
1.220313E+1	-9.843363E+1	2.724385E+1
1.221560E+1	-9.298158E+1	-5.807692E+1
1.222808E+1	-9.807844E+1	3.334916E+1
1.224055E+1	-9.924656E+1	2.777206E+1
1.225302E+1	-9.577863E+1	5.168135E+1
1.226550E+1	-9.680520E+1	-4.949964E+1
1.227797E+1	-9.419712E+1	9.845855E+1
1.229045E+1	-9.536240E+1	1.058980E+2
1.230293E+1	-9.871162E+1	1.726152E+2
1.231540E+1	-1.007956E+2	2.344437E+2
1.232788E+1	-9.664336E+1	1.571465E+2
1.234035E+1	-1.001272E+2	1.154772E+2
1.235282E+1	-1.012359E+2	2.688525E+2
1.236530E+1	-9.264487E+1	2.085042E+2
1.237777E+1	-9.500087E+1	1.910234E+2
1.239025E+1	-8.982292E+1	2.577639E+2
1.240273E+1	-9.650923E+1	2.265165E+2
1.241520E+1	-9.681767E+1	-7.519278E+1
1.242768E+1	-9.263413E+1	2.582438E+2
1.244015E+1	-9.205976E+1	9.931961E+0
1.245262E+1	-9.736035E+1	3.359395E+1
1.246510E+1	-9.174941E+1	5.672439E+1
1.247757E+1	-1.070560E+2	-1.739108E+1
1.249005E+1	-9.952293E+1	4.709166E+1
1.250253E+1	-9.406898E+1	1.069918E+2
1.251500E+1	-1.024908E+2	1.836138E+2
1.252748E+1	-9.597282E+1	1.872056E+2
1.253995E+1	-1.024053E+2	1.787755E+2
1.255242E+1	-9.927723E+1	2.698810E+2
1.256490E+1	-9.589783E+1	2.306493E+2
1.257737E+1	-9.238252E+1	2.467406E+2
1.258985E+1	-1.027973E+2	1.167615E+2
1.260233E+1	-9.842736E+1	2.296606E+2
1.261480E+1	-1.027828E+2	1.839221E+2
1.262727E+1	-1.000042E+2	-1.054000E+1
1.263975E+1	-9.433965E+1	6.515539E+1
1.265222E+1	-9.940866E+1	1.102266E+1
1.266470E+1	-9.012143E+1	9.799763E+1
1.267718E+1	-8.726936E+1	9.767760E+1
1.268965E+1	-1.025278E+2	1.297991E+2
1.270213E+1	-9.306326E+1	1.332478E+2
1.271460E+1	-9.726123E+1	1.891720E+2
1.272707E+1	-9.527690E+1	2.100287E+2
1.273955E+1	-9.307350E+1	2.732029E+2
1.275202E+1	-9.521925E+1	1.956476E+2
1.276450E+1	-9.242868E+1	2.712794E+2
1.277698E+1	-1.013010E+2	2.328385E+2
1.278945E+1	-9.724943E+1	-3.102022E+0
1.280193E+1	-9.277433E+1	-6.171029E+0
1.281440E+1	-1.046703E+2	3.419125E+1
1.282687E+1	-9.320226E+1	1.652319E+1
1.283935E+1	-1.021915E+2	3.741875E+1
1.285182E+1	-9.543802E+1	4.796746E+1
1.286430E+1	-1.094467E+2	1.792614E+2
1.287678E+1	-1.122985E+2	1.677188E+2
1.288925E+1	-1.001312E+2	1.732852E+2
1.290173E+1	-1.309043E+2	1.561876E+2
1.291420E+1	-9.405453E+1	-5.580726E+1
1.292667E+1	-9.947672E+1	-7.881589E+1
1.293915E+1	-9.556624E+1	-4.967154E+0
1.295162E+1	-9.103946E+1	-3.073522E+1
1.296410E+1	-9.408319E+1	-4.386979E+1
1.297658E+1	-9.277467E+1	-4.323156E+1
1.298905E+1	-9.115250E+1	3.790588E+1
1.300153E+1	-9.715548E+1	3.764219E+1
1.301400E+1	-9.766548E+1	2.015211E+2
1.302647E+1	-9.081379E+1	2.128895E+2
1.303895E+1	-1.007757E+2	2.682352E+2
1.305143E+1	-9.551409E+1	1.947848E+2
1.306390E+1	-9.975861E+1	1.248874E+2
1.307638E+1	-9.466939E+1	-6.100546E+1
1.308885E+1	-9.826064E+1	2.730285E+2
1.310132E+1	-1.098684E+2	1.639502E+1
1.311380E+1	-1.010735E+2	1.705945E+2
1.312627E+1	-9.674876E+1	6.490353E+1
1.313875E+1	-1.046304E+2	6.824670E+1
1.315123E+1	-1.075948E+2	8.624854E+1
1.316370E+1	-9.658057E+1	7.637504E+1
1.317618E+1	-9.165942E+1	5.221128E+1
1.318865E+1	-9.930283E+1	1.239717E+2
1.320112E+1	-9.904919E+1	1.787095E+2
1.321360E+1	-9.112067E+1	1.834897E+2
1.322607E+1	-9.225636E+1	2.178031E+2
1.323855E+1	-8.801582E+1	2.497259E+2
1.325103E+1	-9.686986E+1	-3.873532E+1
1.326350E+1	-1.072379E+2	2.465156E+2
1.327598E+1	-9.430596E+1	-1.273363E+1
1.328845E+1	-9.791931E+1	2.752336E+1
1.330092E+1	-9.119696E+1	2.456651E+1
1.331340E+1	-9.443039E+1	3.240942E+1
1.332587E+1	-9.850326E+1	6.946030E+1
1.333835E+1	-9.409275E+1	4.297114E+1
1.335083E+1	-9.025628E+1	8.675303E+1
1.336330E+1	-9.196432E+1	7.867930E+1
1.337578E+1	-9.113476E+1	1.665701E+2
1.338825E+1	-9.199985E+1	2.300066E+2
1.340072E+1	-8.992931E+1	1.721684E+2
1.341320E+1	-9.636261E+1	2.364295E+2
1.342568E+1	-9.321078E+1	-5.593346E+1
1.343815E+1	-9.032969E+1	-6.077600E+1
1.345063E+1	-9.912951E+1	2.754662E+2
1.346310E+1	-9.084081E+1	1.746724E+1
1.347557E+1	-9.058128E+1	3.224997E+1
1.348805E+1	-1.119392E+2	-5.944175E+1
1.350052E+1	-9.902454E+1	8.307105E+1
1.351300E+1	-9.185327E+1	7.082200E+1
1.352548E+1	-9.010602E+1	1.559584E+2
1.353795E+1	-9.476877E+1	1.622917E+2
1.355043E+1	-9.104498E+1	1.419985E+2
1.356290E+1	-1.040121E+2	1.877251E+2
1.357537E+1	-9.006100E+1	2.229530E+2
1.358785E+1	-8.822387E+1	-7.930500E+1
1.360032E+1	-9.196318E+1	-3.787148E+1
1.361280E+1	-9.804020E+1	-1.500156E+1
1.362528E+1	-9.875526E+1	-9.989133E+0
1.363775E+1	-9.353123E+1	9.418668E+1
1.365023E+1	-9.594048E+1	7.015983E+1
1.366270E+1	-9.006377E+1	8.320267E+1
1.367517E+1	-1.030879E+2	1.503159E+2
1.368765E+1	-9.307421E+1	1.648978E+2
1.370012E+1	-9.574449E+1	2.295634E+2
1.371260E+1	-9.263738E+1	2.343658E+2
1.372508E+1	-9.751805E+1	2.544218E+2
1.373755E+1	-9.977758E+1	-8.268496E+0
1.375003E+1	-9.261768E+1	-5.728366E+1
1.376250E+1	-9.626505E+1	1.368241E+1
1.377497E+1	-9.474765E+1	3.226110E+1
1.378745E+1	-9.861211E+1	1.002257E+2
1.379992E+1	-9.314766E+1	9.446012E+1
1.381240E+1	-9.387116E+1	7.176137E+1
1.382488E+1	-9.406695E+1	8.186586E+1
1.383735E+1	-1.063788E+2	1.137461E+2
1.384982E+1	-9.596407E+1	1.497341E+2
1.386230E+1	-9.846680E+1	1.213302E+2
1.387477E+1	-9.349218E+1	6.986869E+1
1.388725E+1	-9.508884E+1	6.622250E+1
1.389973E+1	-9.351520E+1	1.350878E+2
1.391220E+1	-1.005972E+2	-7.770930E+1
1.392468E+1	-9.524796E+1	1.738888E+2
1.393715E+1	-9.907313E+1	4.307056E+1
1.394962E+1	-9.580198E+1	1.029509E+1
1.396210E+1	-9.576257E+1	1.106740E+2
1.397457E+1	-1.086375E+2	5.794889E+1
1.398705E+1	-9.679611E+1	6.573566E+1
1.399953E+1	-9.926394E+1	1.834626E+2
1.401200E+1	-9.442441E+1	-5.438948E+1
1.402448E+1	-9.345859E+1	-6.579093E+0
1.403695E+1	-9.006045E+1	1.102937E+2
1.404942E+1	-1.089992E+2	1.917486E+1
1.406190E+1	-9.549863E+1	1.621707E+2
1.407437E+1	-9.442722E+1	1.559900E+2
1.408685E+1	-9.694444E+1	-7.174467E+1
1.409933E+1	-9.168362E+1	2.483202E+2
1.411180E+1	-9.626958E+1	-3.362850E+1
1.412428E+1	-9.439826E+1	3.060612E+0
1.413675E+1	-9.594602E+1	-5.658170E+0
1.414922E+1	-9.499379E+1	6.718652E+1
1.416170E+1	-9.389977E+1	4.263014E+1
1.417417E+1	-9.873272E+1	1.153755E+2
1.418665E+1	-8.917788E+1	1.257833E+2
1.419913E+1	-9.572261E+1	1.076774E+2
1.421160E+1	-9.952690E+1	3.865930E+1
1.422407E+1	-9.342464E+1	1.781990E+2
1.423655E+1	-1.003379E+2	1.714379E+2
1.424902E+1	-9.266861E+1	2.576541E+2
1.426150E+1	-9.814614E+1	1.130581E+1
1.427398E+1	-9.514451E+1	-1.272538E+1
1.428645E+1	-9.295953E+1	-1.240600E+1
1.429893E+1	-1.008225E+2	3.887324E+1
1.431140E+1	-9.536643E+1	-4.338479E+0
1.432387E+1	-1.028026E+2	1.827837E+2
1.433635E+1	-9.584599E+1	1.749003E+2
1.434882E+1	-1.009761E+2	1.906492E+2
1.436130E+1	-9.341260E+1	1.473886E+2
1.437378E+1	-1.024253E+2	1.978473E+2
1.438625E+1	-9.875789E+1	2.058638E+2
1.439873E+1	-9.072559E+1	1.598525E+2
1.441120E+1	-9.224236E+1	1.308051E+2
1.442367E+1	-1.057968E+2	1.534328E+2
1.443615E+1	-9.413660E+1	1.895968E+2
1.444862E+1	-9.202049E+1	2.562140E+2
1.446110E+1	-1.053614E+2	7.186674E+1
1.447358E+1	-9.435912E+1	-7.490108E+1
1.448605E+1	-1.059447E+2	8.392752E-1
1.449853E+1	-9.601113E+1	-5.564997E+1
1.451100E+1	-9.380517E+1	2.573924E+2
1.452347E+1	-8.954138E+1	2.581606E+2
1.453595E+1	-9.110700E+1	-7.335629E+1
1.454842E+1	-9.059302E+1	-4.154625E+1
1.456090E+1	-8.755632E+1	-2.505382E+1
1.457338E+1	-9.416917E+1	4.501235E+0
1.458585E+1	-9.385487E+1	6.235126E+0
1.459833E+1	-9.285533E+1	8.131126E+1
1.461080E+1	-8.571770E+1	1.228685E+2
1.462327E+1	-8.785751E+1	1.481036E+2
1.463575E+1	-8.705479E+1	1.769551E+2
1.464823E+1	-8.992403E+1	2.074951E+2
1.466070E+1	-8.542016E+1	2.466497E+2
1.467318E+1	-9.260995E+1	2.746414E+2
1.468565E+1	-9.256636E+1	-6.403186E+1
1.469812E+1	-9.794891E+1	3.989394E+1
1.471060E+1	-8.971948E+1	2.834352E+1
1.472307E+1	-9.524020E+1	-9.891399E+0
1.473555E+1	-9.813154E+1	-2.127318E+1
1.474803E+1	-1.128729E+2	-2.301541E+0
1.476050E+1	-9.279874E+1	4.564029E+1
1.477298E+1	-9.980072E+1	-2.342491E+1
1.478545E+1	-9.335087E+1	1.300984E+2
1.479792E+1	-9.952065E+1	1.820146E+2
1.481040E+1	-9.061649E+1	1.844120E+2
1.482287E+1	-9.050819E+1	1.733182E+2
1.483535E+1	-8.687061E+1	1.644957E+2
1.484783E+1	-9.359987E+1	1.667744E+2
1.486030E+1	-8.992863E+1	1.628021E+2
1.487278E+1	-9.887334E+1	2.333525E+2
1.488525E+1	-1.012475E+2	-2.151944E+1
1.489772E+1	-9.431022E+1	2.557624E+2
1.491020E+1	-9.816081E+1	7.105370E+0
1.492267E+1	-9.189908E+1	-2.246238E+1
1.493515E+1	-9.409998E+1	3.537077E+1
1.494763E+1	-9.878718E+1	1.678040E+1
1.496010E+1	-8.850981E+1	8.249195E+1
1.497258E+1	-9.129962E+1	6.350284E+1
1.498505E+1	-9.095166E+1	1.195710E+2
1.499752E+1	-9.470036E+1	8.080088E+1
1.501000E+1	-8.756634E+1	7.113348E+1
1.502248E+1	-8.550555E+1	4.798245E+1
1.503495E+1	-8.808310E+1	5.740997E+1
1.504743E+1	-8.938145E+1	9.200905E+1
1.505990E+1	-9.150282E+1	1.326687E+2
1.507237E+1	-9.478069E+1	1.609547E+2
1.508485E+1	-8.702432E+1	1.881451E+2
1.509732E+1	-8.844897E+1	2.456028E+2
1.510980E+1	-8.965500E+1	-6.792904E+1
1.512228E+1	-8.774401E+1	-3.295358E+1
1.513475E+1	-8.806948E+1	-9.263408E+0
1.514723E+1	-8.621662E+1	4.539972E+1
1.515970E+1	-8.646455E+1	2.809919E+1
1.517217E+1	-8.647075E+1	2.967455E+1
1.518465E+1	-9.035211E+1	6.741649E+1
1.519712E+1	-8.891169E+1	3.639220E+1
1.520960E+1	-9.255513E+1	6.645724E+1
1.522208E+1	-9.573732E+1	1.489978E+2
1.523455E+1	-9.509631E+1	5.828242E+1
1.524703E+1	-9.572551E+1	9.160681E+1
1.525950E+1	-1.097989E+2	-4.851445E+1
1.527197E+1	-1.002896E+2	3.120511E+1
1.528445E+1	-9.951671E+1	1.581076E+2
1.529692E+1	-9.672874E+1	2.153373E+2
1.530940E+1	-9.334191E+1	1.911973E+2
1.532188E+1	-9.651866E+1	2.238543E+2
1.533435E+1	-9.437920E+1	2.036013E+2
1.534683E+1	-8.748042E+1	2.533875E+2
1.535930E+1	-8.704001E+1	2.690054E+2
1.537177E+1	-8.668753E+1	-6.765458E+1
1.538425E+1	-8.765041E+1	-3.311053E+1
1.539672E+1	-8.772865E+1	1.305925E+1
1.540920E+1	-9.019527E+1	2.319136E+1
1.542168E+1	-1.058829E+2	8.332231E+1
1.543415E+1	-9.309063E+1	1.868119E+2
1.544662E+1	-8.676429E+1	2.329814E+2
1.545910E+1	-8.504531E+1	2.359583E+2
1.547157E+1	-8.799059E+1	2.449000E+2
1.548405E+1	-9.348209E+1	2.412084E+2
1.549653E+1	-9.170097E+1	2.750431E+2
1.550900E+1	-9.620927E+1	2.788127E+2
1.552148E+1	-9.487984E+1	-4.101040E+1
1.553395E+1	-9.318282E+1	1.754903E+1
1.554642E+1	-9.872066E+1	-3.708322E-1
1.555890E+1	-1.037751E+2	2.713650E+2
1.557137E+1	-9.856419E+1	7.637884E+1
1.558385E+1	-8.715379E+1	1.472121E+2
1.559633E+1	-8.716229E+1	1.861955E+2
1.560880E+1	-9.923710E+1	1.950347E+2
1.562128E+1	-9.253980E+1	2.514710E+2
1.563375E+1	-8.884080E+1	2.610421E+2
1.564622E+1	-8.960190E+1	-6.121182E+1
1.565870E+1	-9.383025E+1	8.676715E+1
1.567117E+1	-9.979408E+1	4.578750E+0
1.568365E+1	-9.452209E+1	1.079716E+2
1.569613E+1	-9.082636E+1	1.084244E+2
1.570860E+1	-9.187572E+1	1.408429E+2
1.572108E+1	-8.889226E+1	1.383826E+2
1.573355E+1	-8.640645E+1	1.294805E+2
1.574602E+1	-8.892266E+1	1.236789E+2
1.575850E+1	-9.031429E+1	1.552107E+2
1.577097E+1	-9.159293E+1	1.667123E+2
1.578345E+1	-9.272475E+1	1.778042E+2
1.579593E+1	-1.014807E+2	2.451516E+2
1.580840E+1	-9.544097E+1	2.198480E+2
1.582087E+1	-9.468615E+1	-5.913297E+1
1.583335E+1	-8.935599E+1	-4.880529E+1
1.584582E+1	-8.746297E+1	-5.689880E+1
1.585830E+1	-8.858010E+1	-5.392133E+1
1.587078E+1	-9.335038E+1	-2.858257E+1
1.588325E+1	-9.261568E+1	-1.552578E+1
1.589573E+1	-9.789152E+1	-2.734576E+1
1.590820E+1	-1.012199E+2	-3.182270E+0
1.592067E+1	-9.320058E+1	1.510645E+2
1.593315E+1	-9.301198E+1	-4.507339E+1
1.594562E+1	-9.782217E+1	-6.500977E+1
1.595810E+1	-9.124992E+1	-5.598059E+1
1.597058E+1	-9.149868E+1	-1.633530E+1
1.598305E+1	-9.842997E+1	6.751498E+1
1.599553E+1	-9.229389E+1	8.380608E+1
1.600800E+1	-8.921068E+1	6.225372E+1
1.602048E+1	-9.577716E+1	8.595333E+1
1.603295E+1	-9.801692E+1	7.193552E+1
1.604543E+1	-9.249312E+1	1.413958E+2
1.605790E+1	-9.541722E+1	7.783996E+1
1.607037E+1	-8.975800E+1	1.230143E+2
1.608285E+1	-9.304582E+1	1.226943E+2
1.609532E+1	-1.173067E+2	1.540355E+2
1.610780E+1	-8.728796E+1	1.675898E+2
1.612027E+1	-8.659577E+1	2.006603E+2
1.613275E+1	-8.993545E+1	2.246584E+2
1.614522E+1	-9.226140E+1	1.982532E+2
1.615770E+1	-9.944060E+1	2.200686E+2
1.617018E+1	-1.032690E+2	1.890973E+2
1.618265E+1	-1.037317E+2	2.404780E+2
1.619513E+1	-9.831538E+1	1.506515E+2
1.620760E+1	-9.509961E+1	2.076618E+2
1.622008E+1	-9.522311E+1	1.460269E+2
1.623255E+1	-8.947576E+1	1.562446E+2
1.624502E+1	-8.790292E+1	1.690691E+2
1.625750E+1	-1.011980E+2	1.060861E+2
1.626997E+1	-9.219567E+1	1.913234E+2
1.628245E+1	-9.494836E+1	1.788710E+2
1.629492E+1	-9.551737E+1	-6.046978E+1
1.630740E+1	-9.080474E+1	2.593941E+2
1.631987E+1	-9.459794E+1	-2.011225E+1
1.633235E+1	-9.363634E+1	3.997658E+1
1.634483E+1	-9.503266E+1	3.771169E+1
1.635730E+1	-9.074829E+1	5.099265E+1
1.636978E+1	-9.254926E+1	5.935149E+1
1.638225E+1	-9.460609E+1	8.063256E+1
1.639473E+1	-9.245984E+1	1.449091E+2
1.640720E+1	-1.045322E+2	2.121087E+2
1.641968E+1	-1.018781E+2	-3.258774E+0
1.643215E+1	-9.353493E+1	1.848564E+2
1.644462E+1	-8.858822E+1	2.634924E+2
1.645710E+1	-8.627653E+1	2.551379E+2
1.646957E+1	-8.682721E+1	2.479302E+2
1.648205E+1	-9.083755E+1	-3.457154E+1
1.649452E+1	-9.781568E+1	9.839170E+0
1.650700E+1	-9.886294E+1	-2.848696E+1
1.651947E+1	-9.741897E+1	3.937325E+1
1.653195E+1	-1.097423E+2	3.363497E+1
1.654443E+1	-1.062120E+2	1.365266E+2
1.655690E+1	-9.885719E+1	3.393036E+1
1.656938E+1	-8.890456E+1	1.655366E+2
1.658185E+1	-9.409094E+1	1.454755E+2
1.659433E+1	-1.026178E+2	-6.993081E+1
1.660680E+1	-1.111556E+2	1.123634E+2
1.661927E+1	-1.054626E+2	4.727144E+1
1.663175E+1	-9.794873E+1	1.961844E+2
1.664422E+1	-1.025662E+2	1.327210E+2
1.665670E+1	-9.389299E+1	6.370741E+1
1.666917E+1	-9.412936E+1	8.257463E+1
1.668165E+1	-9.193042E+1	8.380563E+1
1.669412E+1	-9.231798E+1	6.687254E+1
1.670660E+1	-1.025062E+2	3.909760E+1
1.671908E+1	-1.024812E+2	3.718828E+1
1.673155E+1	-9.397704E+1	-3.951791E+0
1.674403E+1	-9.876700E+1	2.047754E+2
1.675650E+1	-9.241560E+1	1.189417E+2
1.676898E+1	-9.649700E+1	2.710338E+2
1.678145E+1	-1.071577E+2	1.755706E+2
1.679393E+1	-9.514349E+1	-1.442001E+1
1.680640E+1	-9.057029E+1	-3.458843E+1
1.681887E+1	-9.344917E+1	-4.330953E+0
1.683135E+1	-8.846511E+1	3.974822E+1
1.684382E+1	-9.045733E+1	4.081140E+1
1.685630E+1	-9.375312E+1	5.499367E+1
1.686877E+1	-1.111422E+2	1.378139E+2
1.688125E+1	-9.554048E+1	1.299238E+2
1.689372E+1	-9.666682E+1	1.953011E+2
1.690620E+1	-1.038913E+2	2.037371E+2
1.691868E+1	-9.606727E+1	2.637521E+2
1.693115E+1	-9.730655E+1	-6.987376E+1
1.694363E+1	-9.899031E+1	2.648227E+2
1.695610E+1	-9.146781E+1	2.199118E+2
1.696858E+1	-1.059781E+2	-3.133221E+1
1.698105E+1	-9.636560E+1	1.965716E+2
1.699353E+1	-9.302938E+1	7.927459E+1
1.700600E+1	-1.087468E+2	-4.405450E+0
1.701847E+1	-9.667570E+1	2.678161E+2
1.703095E+1	-9.623554E+1	1.338060E+2
1.704342E+1	-9.643449E+1	1.674157E+2
1.705590E+1	-9.414240E+1	2.699506E+2
1.706837E+1	-9.692134E+1	4.592822E+1
1.708085E+1	-9.677901E+1	2.625344E+2
1.709333E+1	-1.009164E+2	-3.408246E+1
1.710580E+1	-9.476139E+1	-4.985575E+1
1.711828E+1	-9.725350E+1	2.264946E+2
1.713075E+1	-1.033024E+2	8.417216E+1
1.714323E+1	-1.039980E+2	1.152900E+2
1.715570E+1	-9.510081E+1	-3.400965E+1
1.716818E+1	-1.160955E+2	1.750078E+2
1.718065E+1	-9.148316E+1	1.171541E+2
1.719312E+1	-9.494366E+1	7.840120E+1
1.720560E+1	-9.576226E+1	1.194582E+2
1.721807E+1	-1.019840E+2	1.869964E+2
1.723055E+1	-1.016460E+2	5.640865E+1
1.724302E+1	-9.937881E+1	4.974049E+1
1.725550E+1	-9.384781E+1	2.625294E+2
1.726797E+1	-9.150017E+1	6.577595E+1
1.728045E+1	-9.970618E+1	1.739767E+2
1.729293E+1	-1.032834E+2	2.784245E+2
1.730540E+1	-9.506219E+1	2.558511E+1
1.731788E+1	-9.865559E+1	-1.599174E+1
1.733035E+1	-8.939264E+1	-6.613877E+0
1.734283E+1	-9.066183E+1	4.881966E+1
1.735530E+1	-1.002566E+2	1.898050E+1
1.736778E+1	-9.688245E+1	9.162493E+1
1.738025E+1	-9.076849E+1	-4.783239E+0
1.739272E+1	-8.716516E+1	1.731905E+2
1.740520E+1	-9.384857E+1	1.913831E+2
1.741767E+1	-9.471894E+1	-4.830525E+1
1.743015E+1	-8.923373E+1	-4.693037E+1
1.744262E+1	-9.694621E+1	9.274105E+0
1.745510E+1	-1.012710E+2	9.097317E+0
1.746758E+1	-9.346274E+1	4.613310E+1
1.748005E+1	-9.576635E+1	-6.919581E+1
1.749253E+1	-9.343781E+1	1.153957E+2
1.750500E+1	-9.594139E+1	1.094429E+2
1.751748E+1	-9.252089E+1	6.659505E+1
1.752995E+1	-9.650599E+1	4.606786E+1
1.754243E+1	-1.009575E+2	1.468410E+2
1.755490E+1	-9.332854E+1	1.018114E+2
1.756737E+1	-1.033344E+2	-5.179586E+1
1.757985E+1	-9.739363E+1	-1.498024E+1
1.759232E+1	-1.011999E+2	2.327044E+2
1.760480E+1	-9.694246E+1	1.023226E+2
1.761727E+1	-9.907339E+1	-5.824869E+0
1.762975E+1	-9.774689E+1	1.441470E+2
1.764222E+1	-9.648598E+1	2.500370E+2
1.765470E+1	-9.408302E+1	2.333755E+2
1.766718E+1	-1.036220E+2	2.179330E+2
1.767965E+1	-9.043161E+1	1.229893E+2
1.769213E+1	-9.391000E+1	-3.549675E+1
1.770460E+1	-1.040347E+2	-1.754865E+1
1.771708E+1	-9.526057E+1	2.462225E+2
1.772955E+1	-1.084358E+2	2.106243E+2
1.774203E+1	-9.318967E+1	2.651053E+2
1.775450E+1	-9.020135E+1	2.693092E+2
1.776697E+1	-1.014649E+2	2.149594E+2
1.777945E+1	-9.870270E+1	-7.742036E+1
1.779192E+1	-1.123671E+2	1.972870E+2
1.780440E+1	-9.090496E+1	1.690828E+2
1.781687E+1	-1.079191E+2	-1.550850E+1
1.782935E+1	-1.162930E+2	2.308425E+2
1.784183E+1	-9.289019E+1	2.090988E+2
1.785430E+1	-9.542251E+1	-1.602361E+1
1.786678E+1	-9.215384E+1	1.224884E+2
1.787925E+1	-9.912132E+1	1.778188E+2
1.789173E+1	-9.253387E+1	-5.820075E+1
1.790420E+1	-9.813464E+1	1.492931E+2
1.791668E+1	-9.678412E+1	3.392287E+1
1.792915E+1	-9.652025E+1	2.378418E+2
1.794162E+1	-1.026192E+2	-5.172208E+1
1.795410E+1	-9.491225E+1	1.347146E+2
1.796657E+1	-9.146502E+1	8.492763E+1
1.797905E+1	-9.647486E+1	6.811565E+1
1.799152E+1	-1.006963E+2	1.862100E+2
1.800400E+1	-9.731905E+1	1.541973E+2
1.801647E+1	-9.588940E+1	2.019654E+2
1.802895E+1	-1.008129E+2	2.563637E+2
1.804143E+1	-9.755274E+1	-2.081940E+1
1.805390E+1	-8.896629E+1	-1.504712E+1
1.806638E+1	-9.633115E+1	2.705435E+2
1.807885E+1	-8.932420E+1	-5.860169E+1
1.809133E+1	-1.072280E+2	2.670646E+1
1.810380E+1	-1.013898E+2	1.122484E+2
1.811628E+1	-9.352001E+1	6.865192E+1
1.812875E+1	-9.892967E+1	7.801849E+1
1.814122E+1	-9.881795E+1	-2.361186E+1
1.815370E+1	-9.549178E+1	1.584435E+2
1.816617E+1	-9.318887E+1	2.132491E+2
1.817865E+1	-9.731676E+1	1.152162E+2
1.819112E+1	-9.547755E+1	2.796302E+2
1.820360E+1	-9.632695E+1	2.226632E+2
1.821608E+1	-1.032683E+2	2.651237E+2
1.822855E+1	-9.451475E+1	2.690855E+1
1.824103E+1	-9.031444E+1	2.604602E+2
1.825350E+1	-1.068749E+2	1.179631E+2
1.826598E+1	-9.457609E+1	-3.616593E+1
1.827845E+1	-9.099776E+1	1.763857E+1
1.829093E+1	-1.040608E+2	2.739078E+2
1.830340E+1	-9.666721E+1	1.187440E+2
1.831587E+1	-9.952940E+1	1.404058E+2
1.832835E+1	-9.270160E+1	1.852467E+2
1.834082E+1	-9.684462E+1	2.123555E+2
1.835330E+1	-9.616180E+1	1.852001E+2
1.836577E+1	-9.297261E+1	-5.011160E+1
1.837825E+1	-9.789972E+1	2.799475E+2
1.839072E+1	-1.006249E+2	-8.335100E+0
1.840320E+1	-1.014873E+2	3.243526E+1
1.841568E+1	-9.221844E+1	-2.725158E+1
1.842815E+1	-8.950784E+1	4.218739E+1
1.844063E+1	-8.926164E+1	8.023747E+1
1.845310E+1	-1.069958E+2	5.997066E+0
1.846558E+1	-1.075143E+2	8.130917E+1
1.847805E+1	-9.017860E+1	1.614398E+2
1.849053E+1	-9.626351E+1	1.796079E+2
1.850300E+1	-1.009583E+2	2.506789E+2
1.851547E+1	-9.482330E+1	1.692029E+2
1.852795E+1	-9.064787E+1	2.152056E+2
1.854042E+1	-9.769276E+1	2.438326E+2
1.855290E+1	-9.615685E+1	2.732785E+2
1.856537E+1	-1.005483E+2	8.168180E+1
1.857785E+1	-1.001287E+2	2.498832E+0
1.859032E+1	-9.921563E+1	8.680992E+1
1.860280E+1	-1.303195E+2	-3.845222E+1
1.861528E+1	-9.356462E+1	3.623458E+1
1.862775E+1	-9.173151E+1	1.220575E+2
1.864023E+1	-8.706403E+1	1.051049E+2
1.865270E+1	-1.014790E+2	2.378681E+2
1.866518E+1	-9.804981E+1	2.039736E+2
1.867765E+1	-1.023304E+2	-7.165161E+1
1.869012E+1	-1.094353E+2	2.728137E+2
1.870260E+1	-9.773600E+1	2.087532E+2
1.871507E+1	-9.553607E+1	2.715354E+2
1.872755E+1	-9.634600E+1	1.145082E+2
1.874002E+1	-1.027734E+2	-3.707385E+1
1.875250E+1	-9.673122E+1	2.609672E+2
1.876497E+1	-9.558400E+1	1.673481E+2
1.877745E+1	-9.350282E+1	6.323130E+1
1.878993E+1	-1.017942E+2	3.038417E+0
1.880240E+1	-9.555346E+1	8.872134E+0
1.881488E+1	-9.965162E+1	9.358543E+1
1.882735E+1	-9.389092E+1	5.446954E+1
1.883983E+1	-9.776163E+1	-4.454170E+1
1.885230E+1	-9.697228E+1	1.673142E+2
1.886478E+1	-1.143538E+2	-7.283324E+1
1.887725E+1	-1.093587E+2	1.315889E+2
1.888972E+1	-9.630746E+1	1.271236E+2
1.890220E+1	-9.135613E+1	-5.836169E+1
1.891467E+1	-9.348051E+1	2.778062E+2
1.892715E+1	-1.039233E+2	2.564044E+2
1.893962E+1	-9.476212E+1	7.663797E+1
1.895210E+1	-1.041987E+2	-2.392271E+1
1.896457E+1	-9.924432E+1	1.645856E+2
1.897705E+1	-9.438103E+1	-7.752296E+1
1.898953E+1	-9.463967E+1	2.512508E+1
1.900200E+1	-1.022302E+2	4.462042E+1
1.901448E+1	-9.429462E+1	9.966740E+1
1.902695E+1	-9.584740E+1	4.303751E+0
1.903943E+1	-9.362782E+1	1.470653E+2
1.905190E+1	-8.867751E+1	1.605329E+2
1.906437E+1	-8.793206E+1	1.490882E+2
1.907685E+1	-9.010951E+1	1.833417E+2
1.908932E+1	-9.344585E+1	2.497267E+2
1.910180E+1	-1.032173E+2	2.532139E+2
1.911427E+1	-9.626801E+1	2.014142E+2
1.912675E+1	-9.362317E+1	2.647377E+2
1.913922E+1	-9.032487E+1	-1.643084E+1
1.915170E+1	-9.860123E+1	-6.544823E+1
1.916418E+1	-9.826060E+1	2.497830E+2
1.917665E+1	-9.806696E+1	-1.007185E+1
1.918913E+1	-9.260211E+1	4.408581E+1
1.920160E+1	-9.724338E+1	1.192842E+2
1.921408E+1	-9.736111E+1	3.601758E+1
1.922655E+1	-1.064464E+2	1.519793E+2
1.923903E+1	-9.426647E+1	9.151121E+1
1.925150E+1	-9.150092E+1	2.062997E+2
1.926397E+1	-9.513094E+1	1.868483E+2
1.927645E+1	-9.246728E+1	2.636416E+2
1.928892E+1	-9.889153E+1	2.236289E+2
1.930140E+1	-9.213864E+1	-2.705306E+1
1.931387E+1	-9.245232E+1	-5.970337E+1
1.932635E+1	-8.918356E+1	-2.127258E+1
1.933882E+1	-8.748199E+1	-2.808320E+1
1.935130E+1	-9.469917E+1	-5.927901E-1
1.936378E+1	-8.779761E+1	2.718790E+1
1.937625E+1	-8.685452E+1	3.795823E+1
1.938873E+1	-8.849258E+1	7.093697E+1
1.940120E+1	-8.938679E+1	1.159340E+2
1.941368E+1	-9.179885E+1	1.329932E+2
1.942615E+1	-8.683476E+1	1.534153E+2
1.943862E+1	-9.135278E+1	1.803439E+2
1.945110E+1	-9.491168E+1	2.514823E+2
1.946357E+1	-9.211029E+1	2.360362E+2
1.947605E+1	-9.542683E+1	-6.340529E+1
1.948852E+1	-9.070567E+1	2.797648E+2
1.950100E+1	-9.177524E+1	-4.721008E+1
1.951347E+1	-9.622132E+1	3.412378E+1
1.952595E+1	-8.756108E+1	4.258297E+1
1.953843E+1	-8.985153E+1	7.169785E+1
1.955090E+1	-8.292994E+1	5.372411E+1
1.956338E+1	-8.784658E+1	7.298412E+1
1.957585E+1	-8.609000E+1	1.033202E+2
1.958833E+1	-9.548172E+1	1.611386E+2
1.960080E+1	-8.554008E+1	1.742804E+2
1.961328E+1	-9.079173E+1	2.027827E+2
1.962575E+1	-9.014114E+1	2.238380E+2
1.963822E+1	-9.881519E+1	1.785512E+2
1.965070E+1	-9.230126E+1	2.558099E+2
1.966317E+1	-9.102977E+1	-4.219930E+1
1.967565E+1	-8.576456E+1	-6.198753E+1
1.968812E+1	-9.173592E+1	1.648248E+1
1.970060E+1	-8.880119E+1	-9.790765E-1
1.971307E+1	-9.402296E+1	-1.472054E+1
1.972555E+1	-8.665339E+1	8.182275E+1
1.973803E+1	-8.683160E+1	7.923024E+1
1.975050E+1	-8.521611E+1	1.197567E+2
1.976298E+1	-1.020855E+2	6.347599E+1
1.977545E+1	-1.020571E+2	1.178805E+2
1.978793E+1	-9.490935E+1	1.469774E+2
1.980040E+1	-9.377802E+1	2.522300E+2
1.981287E+1	-9.440568E+1	1.950502E+2
1.982535E+1	-9.519646E+1	2.415526E+2
1.983782E+1	-8.647878E+1	-4.961068E+1
1.985030E+1	-9.672450E+1	1.381679E+1
1.986277E+1	-8.897913E+1	-3.082908E+1
1.987525E+1	-8.917525E+1	1.131740E+1
1.988772E+1	-8.688912E+1	1.495924E-1
1.990020E+1	-8.875168E+1	2.065032E+1
1.991268E+1	-9.247980E+1	4.860915E+1
1.992515E+1	-8.895197E+1	8.912419E+1
1.993763E+1	-9.385333E+1	2.008447E+2
1.995010E+1	-9.000762E+1	2.062357E+2
1.996258E+1	-8.792004E+1	1.181277E+2
1.997505E+1	-9.337350E+1	2.456120E+2
1.998753E+1	-8.669683E+1	1.784731E+2
2.000000E+1	-9.553658E+1	1.836330E+2
