4.000000E-2	-3.743513E+1	-2.150894E+1
5.247500E-2	-3.600174E+1	6.819690E+0
6.495000E-2	-3.435307E+1	2.988707E+1
7.742500E-2	-3.260350E+1	5.620786E+1
8.990000E-2	-3.186764E+1	8.094315E+1
1.023750E-1	-3.061810E+1	1.059293E+2
1.148500E-1	-2.957215E+1	1.299721E+2
1.273250E-1	-2.874368E+1	1.540317E+2
1.398000E-1	-2.793884E+1	1.782224E+2
1.522750E-1	-2.720149E+1	-1.579602E+2
1.647500E-1	-2.657771E+1	-1.342759E+2
1.772250E-1	-2.602230E+1	-1.106622E+2
1.897000E-1	-2.555443E+1	-8.696772E+1
2.021750E-1	-2.512242E+1	-6.336720E+1
2.146500E-1	-2.474458E+1	-3.993573E+1
2.271250E-1	-2.444979E+1	-1.665365E+1
2.396000E-1	-2.421902E+1	6.671640E+0
2.520750E-1	-2.403786E+1	3.002926E+1
2.645500E-1	-2.391936E+1	5.363511E+1
2.770250E-1	-2.386587E+1	7.749125E+1
2.895000E-1	-2.387228E+1	1.012844E+2
3.019750E-1	-2.393567E+1	1.252742E+2
3.144500E-1	-2.398169E+1	1.491533E+2
3.269250E-1	-2.419509E+1	1.732544E+2
3.394000E-1	-2.444223E+1	-1.623213E+2
3.518750E-1	-2.472954E+1	-1.373791E+2
3.643500E-1	-2.506343E+1	-1.122371E+2
3.768250E-1	-2.547858E+1	-8.673462E+1
3.893000E-1	-2.594959E+1	-6.056605E+1
4.017750E-1	-2.646722E+1	-3.367803E+1
4.142500E-1	-2.693598E+1	-5.537134E+0
4.267250E-1	-2.748820E+1	2.237222E+1
4.392000E-1	-2.797325E+1	5.178124E+1
4.516750E-1	-2.838347E+1	8.200054E+1
4.641500E-1	-2.865750E+1	1.132225E+2
4.766250E-1	-2.875089E+1	1.447301E+2
4.891000E-1	-2.864035E+1	1.766183E+2
5.015750E-1	-2.835207E+1	-1.520175E+2
5.140500E-1	-2.785488E+1	-1.214256E+2
5.265250E-1	-2.730517E+1	-9.195279E+1
5.390000E-1	-2.672388E+1	-6.342915E+1
5.514750E-1	-2.612379E+1	-3.565510E+1
5.639500E-1	-2.553089E+1	-8.674149E+0
5.764250E-1	-2.496844E+1	1.779634E+1
5.889000E-1	-2.445677E+1	4.360812E+1
6.013750E-1	-2.398171E+1	6.907154E+1
6.138500E-1	-2.355448E+1	9.410277E+1
6.263250E-1	-2.320433E+1	1.191244E+2
6.388000E-1	-2.290155E+1	1.438201E+2
6.512750E-1	-2.264506E+1	1.683506E+2
6.637500E-1	-2.245426E+1	-1.671222E+2
6.762250E-1	-2.232059E+1	-1.425797E+2
6.887000E-1	-2.223430E+1	-1.180870E+2
7.011750E-1	-2.220107E+1	-9.343390E+1
7.136500E-1	-2.222218E+1	-6.870748E+1
7.261250E-1	-2.227810E+1	-4.382550E+1
7.386000E-1	-2.237979E+1	-1.864064E+1
7.510750E-1	-2.252267E+1	6.673126E+0
7.635500E-1	-2.271747E+1	3.227190E+1
7.760250E-1	-2.293932E+1	5.820360E+1
7.885000E-1	-2.318954E+1	8.463586E+1
8.009750E-1	-2.343983E+1	1.115375E+2
8.134500E-1	-2.368418E+1	1.387513E+2
8.259250E-1	-2.391166E+1	1.663537E+2
8.384000E-1	-2.412968E+1	-1.657109E+2
8.508750E-1	-2.430903E+1	-1.373946E+2
8.633500E-1	-2.443941E+1	-1.087019E+2
8.758250E-1	-2.450321E+1	-7.976714E+1
8.883000E-1	-2.449898E+1	-5.076298E+1
9.007750E-1	-2.441071E+1	-2.172163E+1
9.132500E-1	-2.424100E+1	7.070127E+0
9.257250E-1	-2.400932E+1	3.568170E+1
9.382000E-1	-2.375057E+1	6.369948E+1
9.506750E-1	-2.346648E+1	9.138779E+1
9.631500E-1	-2.317649E+1	1.187522E+2
9.756250E-1	-2.287608E+1	1.458055E+2
9.881000E-1	-2.257491E+1	1.725519E+2
1.000575E+0	-2.228964E+1	-1.609969E+2
1.013050E+0	-2.200558E+1	-1.347992E+2
1.025525E+0	-2.174866E+1	-1.088439E+2
1.038000E+0	-2.151934E+1	-8.310052E+1
1.050475E+0	-2.131247E+1	-5.748100E+1
1.062950E+0	-2.113152E+1	-3.195203E+1
1.075425E+0	-2.097366E+1	-6.531815E+0
1.087900E+0	-2.084031E+1	1.884014E+1
1.100375E+0	-2.073687E+1	4.422252E+1
1.112850E+0	-2.065203E+1	6.966647E+1
1.125325E+0	-2.058612E+1	9.502409E+1
1.137800E+0	-2.054147E+1	1.205079E+2
1.150275E+0	-2.052644E+1	1.460979E+2
1.162750E+0	-2.051905E+1	1.718529E+2
1.175225E+0	-2.051958E+1	-1.623152E+2
1.187700E+0	-2.053089E+1	-1.363861E+2
1.200175E+0	-2.054661E+1	-1.103151E+2
1.212650E+0	-2.056455E+1	-8.409743E+1
1.225125E+0	-2.058709E+1	-5.774503E+1
1.237600E+0	-2.061214E+1	-3.132788E+1
1.250075E+0	-2.064025E+1	-4.789159E+0
1.262550E+0	-2.066494E+1	2.217695E+1
1.275025E+0	-2.068082E+1	4.898762E+1
1.287500E+0	-2.068160E+1	7.593403E+1
1.299975E+0	-2.066470E+1	1.028565E+2
1.312450E+0	-2.064280E+1	1.297863E+2
1.324925E+0	-2.059882E+1	1.565860E+2
1.337400E+0	-2.054857E+1	-1.764260E+2
1.349875E+0	-2.048571E+1	-1.494674E+2
1.362350E+0	-2.041043E+1	-1.225770E+2
1.374825E+0	-2.033349E+1	-9.571101E+1
1.387300E+0	-2.025020E+1	-6.892064E+1
1.399775E+0	-2.016361E+1	-4.216562E+1
1.412250E+0	-2.007119E+1	-1.551346E+1
1.424725E+0	-1.997528E+1	1.110306E+1
1.437200E+0	-1.986882E+1	3.755478E+1
1.449675E+0	-1.977083E+1	6.390639E+1
1.462150E+0	-1.968065E+1	9.015258E+1
1.474625E+0	-1.959966E+1	1.163814E+2
1.487100E+0	-1.952208E+1	1.425691E+2
1.499575E+0	-1.944868E+1	1.687031E+2
1.512050E+0	-1.937999E+1	-1.651957E+2
1.524525E+0	-1.932404E+1	-1.391387E+2
1.537000E+0	-1.926761E+1	-1.131408E+2
1.549475E+0	-1.922256E+1	-8.708470E+1
1.561950E+0	-1.917006E+1	-6.076367E+1
1.574425E+0	-1.913972E+1	-3.468704E+1
1.586900E+0	-1.910782E+1	-8.618875E+0
1.599375E+0	-1.908643E+1	1.749301E+1
1.611850E+0	-1.906685E+1	4.362546E+1
1.624325E+0	-1.905989E+1	6.981721E+1
1.636800E+0	-1.905240E+1	9.603207E+1
1.649275E+0	-1.905071E+1	1.223179E+2
1.661750E+0	-1.905371E+1	1.486278E+2
1.674225E+0	-1.905948E+1	1.749948E+2
1.686700E+0	-1.906396E+1	-1.585880E+2
1.699175E+0	-1.907031E+1	-1.322910E+2
1.711650E+0	-1.908070E+1	-1.057847E+2
1.724125E+0	-1.909293E+1	-7.925093E+1
1.736600E+0	-1.910444E+1	-5.268321E+1
1.749075E+0	-1.911864E+1	-2.609037E+1
1.761550E+0	-1.913375E+1	5.017234E-1
1.774025E+0	-1.914653E+1	2.712704E+1
1.786500E+0	-1.916006E+1	5.376628E+1
1.798975E+0	-1.916669E+1	8.039973E+1
1.811450E+0	-1.917172E+1	1.070160E+2
1.823925E+0	-1.917091E+1	1.336165E+2
1.836400E+0	-1.916600E+1	1.601740E+2
1.848875E+0	-1.916236E+1	-1.732568E+2
1.861350E+0	-1.913676E+1	-1.465558E+2
1.873825E+0	-1.912873E+1	-1.199944E+2
1.886300E+0	-1.911178E+1	-9.350285E+1
1.898775E+0	-1.909323E+1	-6.701790E+1
1.911250E+0	-1.906926E+1	-4.058371E+1
1.923725E+0	-1.904275E+1	-1.415937E+1
1.936200E+0	-1.901181E+1	1.221077E+1
1.948675E+0	-1.897704E+1	3.861089E+1
1.961150E+0	-1.894023E+1	6.495238E+1
1.973625E+0	-1.889692E+1	9.130539E+1
1.986100E+0	-1.885277E+1	1.176387E+2
1.998575E+0	-1.880677E+1	1.439829E+2
2.011050E+0	-1.875912E+1	1.703302E+2
2.023525E+0	-1.871343E+1	-1.633027E+2
2.036000E+0	-1.866756E+1	-1.369425E+2
2.048475E+0	-1.862057E+1	-1.105799E+2
2.060950E+0	-1.858371E+1	-8.434255E+1
2.073425E+0	-1.854223E+1	-5.792290E+1
2.085900E+0	-1.850785E+1	-3.149060E+1
2.098375E+0	-1.847464E+1	-5.043705E+0
2.110850E+0	-1.844431E+1	2.141424E+1
2.123325E+0	-1.841581E+1	4.788775E+1
2.135800E+0	-1.839652E+1	7.438390E+1
2.148275E+0	-1.837923E+1	1.008954E+2
2.160750E+0	-1.836360E+1	1.273816E+2
2.173225E+0	-1.834451E+1	1.540528E+2
2.185700E+0	-1.833978E+1	-1.794039E+2
2.198175E+0	-1.833614E+1	-1.528818E+2
2.210650E+0	-1.833889E+1	-1.263883E+2
2.223125E+0	-1.834489E+1	-9.990169E+1
2.235600E+0	-1.835023E+1	-7.340614E+1
2.248075E+0	-1.836339E+1	-4.686647E+1
2.260550E+0	-1.837967E+1	-2.038662E+1
2.273025E+0	-1.839144E+1	6.064315E+0
2.285500E+0	-1.840927E+1	3.251262E+1
2.297975E+0	-1.842410E+1	5.897212E+1
2.310450E+0	-1.843394E+1	8.533758E+1
2.322925E+0	-1.844871E+1	1.117295E+2
2.335400E+0	-1.845680E+1	1.381337E+2
2.347875E+0	-1.846701E+1	1.645198E+2
2.360350E+0	-1.847553E+1	-1.691223E+2
2.372825E+0	-1.847855E+1	-1.427813E+2
2.385300E+0	-1.847874E+1	-1.164054E+2
2.397775E+0	-1.847787E+1	-9.004449E+1
2.410250E+0	-1.846884E+1	-6.379190E+1
2.422725E+0	-1.846565E+1	-3.741557E+1
2.435200E+0	-1.845915E+1	-1.102785E+1
2.447675E+0	-1.845427E+1	1.536761E+1
2.460150E+0	-1.844418E+1	4.175477E+1
2.472625E+0	-1.843279E+1	6.815451E+1
2.485100E+0	-1.842428E+1	9.456919E+1
2.497575E+0	-1.841178E+1	1.210063E+2
2.510050E+0	-1.838845E+1	1.476314E+2
2.522525E+0	-1.838186E+1	1.740746E+2
2.535000E+0	-1.837179E+1	-1.594658E+2
2.547475E+0	-1.836549E+1	-1.329550E+2
2.559950E+0	-1.835921E+1	-1.064833E+2
2.572425E+0	-1.835340E+1	-8.000999E+1
2.584900E+0	-1.834984E+1	-5.351070E+1
2.597375E+0	-1.835111E+1	-2.703834E+1
2.609850E+0	-1.835710E+1	-5.150205E-1
2.622325E+0	-1.836056E+1	2.596235E+1
2.634800E+0	-1.836921E+1	5.245991E+1
2.647275E+0	-1.838120E+1	7.893775E+1
2.659750E+0	-1.839366E+1	1.053747E+2
2.672225E+0	-1.840590E+1	1.318071E+2
2.684700E+0	-1.841469E+1	1.582546E+2
2.697175E+0	-1.842522E+1	-1.753125E+2
2.709650E+0	-1.843619E+1	-1.488727E+2
2.722125E+0	-1.845115E+1	-1.224579E+2
2.734600E+0	-1.846182E+1	-9.604573E+1
2.747075E+0	-1.846852E+1	-6.977380E+1
2.759550E+0	-1.848200E+1	-4.335931E+1
2.772025E+0	-1.849625E+1	-1.695438E+1
2.784500E+0	-1.850999E+1	9.449677E+0
2.796975E+0	-1.852320E+1	3.584631E+1
2.809450E+0	-1.853654E+1	6.223536E+1
2.821925E+0	-1.854930E+1	8.861459E+1
2.834400E+0	-1.856128E+1	1.149993E+2
2.846875E+0	-1.856891E+1	1.414023E+2
2.859350E+0	-1.856801E+1	1.679797E+2
2.871825E+0	-1.857723E+1	-1.655845E+2
2.884300E+0	-1.858702E+1	-1.391560E+2
2.896775E+0	-1.859707E+1	-1.127080E+2
2.909250E+0	-1.860818E+1	-8.626096E+1
2.921725E+0	-1.861767E+1	-5.983672E+1
2.934200E+0	-1.862502E+1	-3.338390E+1
2.946675E+0	-1.863774E+1	-6.918343E+0
2.959150E+0	-1.864931E+1	1.957003E+1
2.971625E+0	-1.866226E+1	4.606247E+1
2.984100E+0	-1.867487E+1	7.251797E+1
2.996575E+0	-1.869355E+1	9.903262E+1
3.009050E+0	-1.871142E+1	1.255107E+2
3.021525E+0	-1.872942E+1	1.520078E+2
3.034000E+0	-1.874746E+1	1.784831E+2
3.046475E+0	-1.876680E+1	-1.550158E+2
3.058950E+0	-1.878255E+1	-1.286609E+2
3.071425E+0	-1.880776E+1	-1.021554E+2
3.083900E+0	-1.883684E+1	-7.567033E+1
3.096375E+0	-1.886238E+1	-4.917760E+1
3.108850E+0	-1.889167E+1	-2.270711E+1
3.121325E+0	-1.892380E+1	3.769693E+0
3.133800E+0	-1.895345E+1	3.021109E+1
3.146275E+0	-1.898551E+1	5.667453E+1
3.158750E+0	-1.901880E+1	8.313086E+1
3.171225E+0	-1.905149E+1	1.095504E+2
3.183700E+0	-1.908510E+1	1.359777E+2
3.196175E+0	-1.911357E+1	1.623868E+2
3.208650E+0	-1.913371E+1	-1.709731E+2
3.221125E+0	-1.916432E+1	-1.445534E+2
3.233600E+0	-1.919653E+1	-1.181383E+2
3.246075E+0	-1.922178E+1	-9.180753E+1
3.258550E+0	-1.925060E+1	-6.533956E+1
3.271025E+0	-1.927561E+1	-3.898463E+1
3.283500E+0	-1.930206E+1	-1.257132E+1
3.295975E+0	-1.932215E+1	1.380098E+1
3.308450E+0	-1.933950E+1	4.017409E+1
3.320925E+0	-1.936112E+1	6.660098E+1
3.333400E+0	-1.937700E+1	9.301617E+1
3.345875E+0	-1.939564E+1	1.194498E+2
3.358350E+0	-1.941088E+1	1.458776E+2
3.370825E+0	-1.941047E+1	1.721738E+2
3.383300E+0	-1.942609E+1	-1.613526E+2
3.395775E+0	-1.944237E+1	-1.348520E+2
3.408250E+0	-1.945740E+1	-1.083392E+2
3.420725E+0	-1.947791E+1	-8.179485E+1
3.433200E+0	-1.950201E+1	-5.526005E+1
3.445675E+0	-1.952281E+1	-2.872713E+1
3.458150E+0	-1.954920E+1	-2.185643E+0
3.470625E+0	-1.957456E+1	2.437512E+1
3.483100E+0	-1.960520E+1	5.094535E+1
3.495575E+0	-1.963559E+1	7.752749E+1
3.508050E+0	-1.966869E+1	1.040987E+2
3.520525E+0	-1.970626E+1	1.306204E+2
3.533000E+0	-1.972933E+1	1.574707E+2
3.545475E+0	-1.977479E+1	-1.760100E+2
3.557950E+0	-1.981634E+1	-1.495373E+2
3.570425E+0	-1.986720E+1	-1.229198E+2
3.582900E+0	-1.991233E+1	-9.642002E+1
3.595375E+0	-1.996283E+1	-6.990578E+1
3.607850E+0	-2.001243E+1	-4.341828E+1
3.620325E+0	-2.006247E+1	-1.698195E+1
3.632800E+0	-2.011410E+1	9.477661E+0
3.645275E+0	-2.016579E+1	3.590231E+1
3.657750E+0	-2.020196E+1	6.228817E+1
3.670225E+0	-2.025116E+1	8.868885E+1
3.682700E+0	-2.028472E+1	1.150978E+2
3.695175E+0	-2.031968E+1	1.414969E+2
3.707650E+0	-2.036024E+1	1.678997E+2
3.720125E+0	-2.036867E+1	-1.657719E+2
3.732600E+0	-2.040165E+1	-1.393577E+2
3.745075E+0	-2.043242E+1	-1.129009E+2
3.757550E+0	-2.046351E+1	-8.643892E+1
3.770025E+0	-2.049326E+1	-5.994222E+1
3.782500E+0	-2.052715E+1	-3.345358E+1
3.794975E+0	-2.056209E+1	-6.942874E+0
3.807450E+0	-2.059542E+1	1.957171E+1
3.819925E+0	-2.063159E+1	4.609417E+1
3.832400E+0	-2.066879E+1	7.264920E+1
3.844875E+0	-2.070947E+1	9.919489E+1
3.857350E+0	-2.075094E+1	1.257545E+2
3.869825E+0	-2.079959E+1	1.523209E+2
3.882300E+0	-2.081812E+1	1.791239E+2
3.894775E+0	-2.087498E+1	-1.542807E+2
3.907250E+0	-2.093856E+1	-1.277433E+2
3.919725E+0	-2.100010E+1	-1.011738E+2
3.932200E+0	-2.105859E+1	-7.463803E+1
3.944675E+0	-2.112387E+1	-4.811159E+1
3.957150E+0	-2.119295E+1	-2.163450E+1
3.969625E+0	-2.125882E+1	4.826973E+0
3.982100E+0	-2.132788E+1	3.127089E+1
3.994575E+0	-2.139263E+1	5.767813E+1
4.007050E+0	-2.145710E+1	8.406695E+1
4.019525E+0	-2.151697E+1	1.104121E+2
4.032000E+0	-2.157999E+1	1.367660E+2
4.044475E+0	-2.162094E+1	1.631436E+2
4.056950E+0	-2.167579E+1	-1.704751E+2
4.069425E+0	-2.169068E+1	-1.442102E+2
4.081900E+0	-2.173759E+1	-1.177932E+2
4.094375E+0	-2.178375E+1	-9.137818E+1
4.106850E+0	-2.182922E+1	-6.495914E+1
4.119325E+0	-2.186660E+1	-3.850863E+1
4.131800E+0	-2.190703E+1	-1.203253E+1
4.144275E+0	-2.194899E+1	1.446729E+1
4.156750E+0	-2.199094E+1	4.096819E+1
4.169225E+0	-2.203464E+1	6.744003E+1
4.181700E+0	-2.207561E+1	9.401317E+1
4.194175E+0	-2.211593E+1	1.205551E+2
4.206650E+0	-2.216393E+1	1.470881E+2
4.219125E+0	-2.220937E+1	1.737102E+2
4.231600E+0	-2.225873E+1	-1.597270E+2
4.244075E+0	-2.231858E+1	-1.330754E+2
4.256550E+0	-2.237809E+1	-1.064391E+2
4.269025E+0	-2.244075E+1	-7.983356E+1
4.281500E+0	-2.249401E+1	-5.291542E+1
4.293975E+0	-2.257062E+1	-2.630806E+1
4.306450E+0	-2.264684E+1	2.924225E-1
4.318925E+0	-2.272941E+1	2.692138E+1
4.331400E+0	-2.281593E+1	5.349277E+1
4.343875E+0	-2.289824E+1	8.005921E+1
4.356350E+0	-2.299161E+1	1.065850E+2
4.368825E+0	-2.307784E+1	1.330994E+2
4.381300E+0	-2.313894E+1	1.593915E+2
4.393775E+0	-2.322408E+1	-1.740919E+2
4.406250E+0	-2.330649E+1	-1.475359E+2
4.418725E+0	-2.339475E+1	-1.210297E+2
4.431200E+0	-2.348199E+1	-9.449062E+1
4.443675E+0	-2.357326E+1	-6.797829E+1
4.456150E+0	-2.366105E+1	-4.149315E+1
4.468625E+0	-2.374547E+1	-1.499991E+1
4.481100E+0	-2.383604E+1	1.152285E+1
4.493575E+0	-2.392317E+1	3.801091E+1
4.506050E+0	-2.401146E+1	6.451228E+1
4.518525E+0	-2.409489E+1	9.103843E+1
4.531000E+0	-2.417809E+1	1.175520E+2
4.543475E+0	-2.426582E+1	1.440921E+2
4.555950E+0	-2.435324E+1	1.706266E+2
4.568425E+0	-2.444289E+1	-1.628273E+2
4.580900E+0	-2.453122E+1	-1.362802E+2
4.593375E+0	-2.462058E+1	-1.096775E+2
4.605850E+0	-2.471123E+1	-8.310052E+1
4.618325E+0	-2.480196E+1	-5.652965E+1
4.630800E+0	-2.489304E+1	-2.998038E+1
4.643275E+0	-2.498367E+1	-3.401667E+0
4.655750E+0	-2.508138E+1	2.314523E+1
4.668225E+0	-2.518177E+1	4.977282E+1
4.680700E+0	-2.527465E+1	7.638653E+1
4.693175E+0	-2.537909E+1	1.029918E+2
4.705650E+0	-2.548183E+1	1.296179E+2
4.718125E+0	-2.558717E+1	1.562474E+2
4.730600E+0	-2.569334E+1	-1.771587E+2
4.743075E+0	-2.580451E+1	-1.505227E+2
4.755550E+0	-2.591771E+1	-1.238164E+2
4.768025E+0	-2.603690E+1	-9.714089E+1
4.780500E+0	-2.616034E+1	-7.046310E+1
4.792975E+0	-2.628448E+1	-4.378758E+1
4.805450E+0	-2.641321E+1	-1.711194E+1
4.817925E+0	-2.654321E+1	9.593046E+0
4.830400E+0	-2.668034E+1	3.629216E+1
4.842875E+0	-2.681559E+1	6.297513E+1
4.855350E+0	-2.695897E+1	8.965810E+1
4.867825E+0	-2.710547E+1	1.164006E+2
4.880300E+0	-2.725572E+1	1.430541E+2
4.892775E+0	-2.741219E+1	1.697918E+2
4.905250E+0	-2.757215E+1	-1.634665E+2
4.917725E+0	-2.773073E+1	-1.367765E+2
4.930200E+0	-2.789640E+1	-1.100818E+2
4.942675E+0	-2.806118E+1	-8.336708E+1
4.955150E+0	-2.823287E+1	-5.657013E+1
4.967625E+0	-2.840550E+1	-2.977265E+1
4.980100E+0	-2.857080E+1	-2.981755E+0
4.992575E+0	-2.874911E+1	2.388285E+1
5.005050E+0	-2.892540E+1	5.076767E+1
5.017525E+0	-2.909791E+1	7.775877E+1
5.030000E+0	-2.927979E+1	1.047766E+2
5.042475E+0	-2.945062E+1	1.318613E+2
5.054950E+0	-2.962657E+1	1.590167E+2
5.067425E+0	-2.980295E+1	-1.737713E+2
5.079900E+0	-2.999460E+1	-1.465380E+2
5.092375E+0	-3.018635E+1	-1.192015E+2
5.104850E+0	-3.037369E+1	-9.179533E+1
5.117325E+0	-3.058054E+1	-6.438058E+1
5.129800E+0	-3.080034E+1	-3.685465E+1
5.142275E+0	-3.103189E+1	-9.264107E+0
5.154750E+0	-3.127853E+1	1.834061E+1
5.167225E+0	-3.153502E+1	4.606536E+1
5.179700E+0	-3.181513E+1	7.387167E+1
5.192175E+0	-3.210532E+1	1.017712E+2
5.204650E+0	-3.241716E+1	1.297556E+2
5.217125E+0	-3.275352E+1	1.578355E+2
5.229600E+0	-3.309277E+1	-1.740613E+2
5.242075E+0	-3.345687E+1	-1.458189E+2
5.254550E+0	-3.382265E+1	-1.174299E+2
5.267025E+0	-3.421447E+1	-8.897672E+1
5.279500E+0	-3.460798E+1	-6.040578E+1
5.291975E+0	-3.500304E+1	-3.175250E+1
5.304450E+0	-3.539872E+1	-2.867644E+0
5.316925E+0	-3.578381E+1	2.620811E+1
5.329400E+0	-3.616780E+1	5.549022E+1
5.341875E+0	-3.654101E+1	8.494547E+1
5.354350E+0	-3.689523E+1	1.146600E+2
5.366825E+0	-3.721101E+1	1.446410E+2
5.379300E+0	-3.747793E+1	1.749493E+2
5.391775E+0	-3.767917E+1	-1.544228E+2
5.404250E+0	-3.781419E+1	-1.236246E+2
5.416725E+0	-3.787607E+1	-9.262316E+1
5.429200E+0	-3.784421E+1	-6.137209E+1
5.441675E+0	-3.773333E+1	-2.998665E+1
5.454150E+0	-3.750307E+1	1.111390E+0
5.466625E+0	-3.718490E+1	3.200719E+1
5.479100E+0	-3.679728E+1	6.283823E+1
5.491575E+0	-3.635993E+1	9.336428E+1
5.504050E+0	-3.588343E+1	1.233252E+2
5.516525E+0	-3.539515E+1	1.531779E+2
5.529000E+0	-3.488107E+1	-1.773251E+2
5.541475E+0	-3.438396E+1	-1.481656E+2
5.553950E+0	-3.387431E+1	-1.191695E+2
5.566425E+0	-3.340437E+1	-9.048727E+1
5.578900E+0	-3.290564E+1	-6.182511E+1
5.591375E+0	-3.244211E+1	-3.338682E+1
5.603850E+0	-3.200304E+1	-5.315876E+0
5.616325E+0	-3.159872E+1	2.288656E+1
5.628800E+0	-3.119936E+1	5.089611E+1
5.641275E+0	-3.081128E+1	7.879101E+1
5.653750E+0	-3.045380E+1	1.065955E+2
5.666225E+0	-3.009048E+1	1.343933E+2
5.678700E+0	-2.974687E+1	1.619419E+2
5.691175E+0	-2.942413E+1	-1.705695E+2
5.703650E+0	-2.911081E+1	-1.431336E+2
5.716125E+0	-2.879023E+1	-1.160005E+2
5.728600E+0	-2.849186E+1	-8.893761E+1
5.741075E+0	-2.820856E+1	-6.198637E+1
5.753550E+0	-2.791748E+1	-3.516516E+1
5.766025E+0	-2.764610E+1	-8.422959E+0
5.778500E+0	-2.738105E+1	1.818525E+1
5.790975E+0	-2.710417E+1	4.478065E+1
5.803450E+0	-2.683529E+1	7.131659E+1
5.815925E+0	-2.656809E+1	9.772948E+1
5.828400E+0	-2.627912E+1	1.240345E+2
5.840875E+0	-2.600612E+1	1.503106E+2
5.853350E+0	-2.572535E+1	1.765337E+2
5.865825E+0	-2.544943E+1	-1.573006E+2
5.878300E+0	-2.515887E+1	-1.311918E+2
5.890775E+0	-2.488820E+1	-1.052080E+2
5.903250E+0	-2.461554E+1	-7.922996E+1
5.915725E+0	-2.434126E+1	-5.322388E+1
5.928200E+0	-2.407505E+1	-2.722218E+1
5.940675E+0	-2.380828E+1	-1.307612E+0
5.953150E+0	-2.354712E+1	2.458096E+1
5.965625E+0	-2.329748E+1	5.042765E+1
5.978100E+0	-2.307071E+1	7.630507E+1
5.990575E+0	-2.285109E+1	1.022052E+2
6.003050E+0	-2.263242E+1	1.280867E+2
6.015525E+0	-2.242913E+1	1.540042E+2
6.028000E+0	-2.224215E+1	1.799127E+2
6.040475E+0	-2.206160E+1	-1.541594E+2
6.052950E+0	-2.188820E+1	-1.282184E+2
6.065425E+0	-2.172346E+1	-1.022642E+2
6.077900E+0	-2.156883E+1	-7.635445E+1
6.090375E+0	-2.143473E+1	-5.044261E+1
6.102850E+0	-2.130815E+1	-2.452645E+1
6.115325E+0	-2.118878E+1	1.416631E+0
6.127800E+0	-2.107365E+1	2.732944E+1
6.140275E+0	-2.097536E+1	5.318571E+1
6.152750E+0	-2.088528E+1	7.905296E+1
6.165225E+0	-2.082211E+1	1.050098E+2
6.177700E+0	-2.075207E+1	1.309442E+2
6.190175E+0	-2.068661E+1	1.569161E+2
6.202650E+0	-2.062515E+1	-1.772896E+2
6.215125E+0	-2.058129E+1	-1.513731E+2
6.227600E+0	-2.053112E+1	-1.254740E+2
6.240075E+0	-2.048674E+1	-9.951044E+1
6.252550E+0	-2.044807E+1	-7.357443E+1
6.265025E+0	-2.040560E+1	-4.770797E+1
6.277500E+0	-2.036861E+1	-2.177995E+1
6.289975E+0	-2.032219E+1	4.118217E+0
6.302450E+0	-2.027859E+1	2.997236E+1
6.314925E+0	-2.023790E+1	5.586224E+1
6.327400E+0	-2.018861E+1	8.170846E+1
6.339875E+0	-2.014234E+1	1.078310E+2
6.352350E+0	-2.010774E+1	1.336809E+2
6.364825E+0	-2.006332E+1	1.595631E+2
6.377300E+0	-2.001976E+1	-1.746515E+2
6.389775E+0	-1.997968E+1	-1.487640E+2
6.402250E+0	-1.991824E+1	-1.230773E+2
6.414725E+0	-1.988143E+1	-9.710940E+1
6.427200E+0	-1.984731E+1	-7.112456E+1
6.439675E+0	-1.981189E+1	-4.515867E+1
6.452150E+0	-1.979067E+1	-1.908963E+1
6.464625E+0	-1.976958E+1	6.969288E+0
6.477100E+0	-1.975832E+1	3.309897E+1
6.489575E+0	-1.975102E+1	5.924388E+1
6.502050E+0	-1.974916E+1	8.544150E+1
6.514525E+0	-1.975502E+1	1.116586E+2
6.527000E+0	-1.976867E+1	1.379021E+2
6.539475E+0	-1.978909E+1	1.641973E+2
6.551950E+0	-1.981128E+1	-1.695118E+2
6.564425E+0	-1.984547E+1	-1.432358E+2
6.576900E+0	-1.985105E+1	-1.167589E+2
6.589375E+0	-1.989025E+1	-9.036131E+1
6.601850E+0	-1.993438E+1	-6.397408E+1
6.614325E+0	-1.998736E+1	-3.757087E+1
6.626800E+0	-2.004543E+1	-1.126934E+1
6.639275E+0	-2.010672E+1	1.515566E+1
6.651750E+0	-2.016242E+1	4.142739E+1
6.664225E+0	-2.022228E+1	6.774490E+1
6.676700E+0	-2.027691E+1	9.405208E+1
6.689175E+0	-2.032530E+1	1.203298E+2
6.701650E+0	-2.037021E+1	1.466194E+2
6.714125E+0	-2.040470E+1	1.729376E+2
6.726600E+0	-2.042764E+1	-1.608304E+2
6.739075E+0	-2.044484E+1	-1.345895E+2
6.751550E+0	-2.045785E+1	-1.082823E+2
6.764025E+0	-2.042875E+1	-8.214847E+1
6.776500E+0	-2.043516E+1	-5.580248E+1
6.788975E+0	-2.043467E+1	-2.942381E+1
6.801450E+0	-2.043172E+1	-3.057545E+0
6.813925E+0	-2.043278E+1	2.336394E+1
6.826400E+0	-2.043057E+1	4.981287E+1
6.838875E+0	-2.042621E+1	7.629692E+1
6.851350E+0	-2.041812E+1	1.027943E+2
6.863825E+0	-2.040998E+1	1.293728E+2
6.876300E+0	-2.043669E+1	1.561858E+2
6.888775E+0	-2.044905E+1	-1.772292E+2
6.901250E+0	-2.046620E+1	-1.505885E+2
6.913725E+0	-2.048114E+1	-1.239478E+2
6.926200E+0	-2.046031E+1	-9.714204E+1
6.938675E+0	-2.048613E+1	-7.045569E+1
6.951150E+0	-2.051379E+1	-4.366840E+1
6.963625E+0	-2.051346E+1	-1.684651E+1
6.976100E+0	-2.055758E+1	9.943547E+0
6.988575E+0	-2.060461E+1	3.670539E+1
7.001050E+0	-2.066589E+1	6.346660E+1
7.013525E+0	-2.071917E+1	9.018910E+1
7.026000E+0	-2.077769E+1	1.168248E+2
7.038475E+0	-2.083103E+1	1.434869E+2
7.050950E+0	-2.089343E+1	1.701190E+2
7.063425E+0	-2.094098E+1	-1.632786E+2
7.075900E+0	-2.099198E+1	-1.367366E+2
7.088375E+0	-2.104672E+1	-1.102069E+2
7.100850E+0	-2.107973E+1	-8.388995E+1
7.113325E+0	-2.111543E+1	-5.734219E+1
7.125800E+0	-2.115798E+1	-3.083392E+1
7.138275E+0	-2.119461E+1	-4.303170E+0
7.150750E+0	-2.122155E+1	2.219314E+1
7.163225E+0	-2.124644E+1	4.873638E+1
7.175700E+0	-2.126280E+1	7.523895E+1
7.188175E+0	-2.127469E+1	1.017597E+2
7.200650E+0	-2.128407E+1	1.283020E+2
7.213125E+0	-2.129063E+1	1.548551E+2
7.225600E+0	-2.129106E+1	-1.785735E+2
7.238075E+0	-2.128914E+1	-1.519838E+2
7.250550E+0	-2.128419E+1	-1.253832E+2
7.263025E+0	-2.128256E+1	-9.869685E+1
7.275500E+0	-2.127359E+1	-7.202139E+1
7.287975E+0	-2.127099E+1	-4.533488E+1
7.300450E+0	-2.126554E+1	-1.858313E+1
7.312925E+0	-2.125983E+1	8.137483E+0
7.325400E+0	-2.125831E+1	3.492245E+1
7.337875E+0	-2.125964E+1	6.173341E+1
7.350350E+0	-2.126622E+1	8.853574E+1
7.362825E+0	-2.127830E+1	1.153103E+2
7.375300E+0	-2.129291E+1	1.421709E+2
7.387775E+0	-2.130417E+1	1.690291E+2
7.400250E+0	-2.132103E+1	-1.641378E+2
7.412725E+0	-2.134138E+1	-1.373004E+2
7.425200E+0	-2.136836E+1	-1.104576E+2
7.437675E+0	-2.139850E+1	-8.367662E+1
7.450150E+0	-2.143347E+1	-5.689733E+1
7.462625E+0	-2.146804E+1	-3.012658E+1
7.475100E+0	-2.149388E+1	-3.434466E+0
7.487575E+0	-2.153318E+1	2.328441E+1
7.500050E+0	-2.156680E+1	4.999121E+1
7.512525E+0	-2.160166E+1	7.663289E+1
7.525000E+0	-2.163180E+1	1.032596E+2
7.537475E+0	-2.166638E+1	1.298612E+2
7.549950E+0	-2.168773E+1	1.564258E+2
7.562425E+0	-2.171338E+1	-1.770385E+2
7.574900E+0	-2.172635E+1	-1.505280E+2
7.587375E+0	-2.173342E+1	-1.240182E+2
7.599850E+0	-2.174165E+1	-9.750319E+1
7.612325E+0	-2.173356E+1	-7.099048E+1
7.624800E+0	-2.173147E+1	-4.448317E+1
7.637275E+0	-2.171770E+1	-1.797273E+1
7.649750E+0	-2.169844E+1	8.594352E+0
7.662225E+0	-2.167285E+1	3.518023E+1
7.674700E+0	-2.164544E+1	6.184074E+1
7.687175E+0	-2.161482E+1	8.850795E+1
7.699650E+0	-2.158069E+1	1.152330E+2
7.712125E+0	-2.154457E+1	1.419730E+2
7.724600E+0	-2.150963E+1	1.687921E+2
7.737075E+0	-2.147952E+1	-1.643740E+2
7.749550E+0	-2.145281E+1	-1.375476E+2
7.762025E+0	-2.142662E+1	-1.105698E+2
7.774500E+0	-2.140329E+1	-8.360342E+1
7.786975E+0	-2.139256E+1	-5.661653E+1
7.799450E+0	-2.138127E+1	-2.963525E+1
7.811925E+0	-2.137682E+1	-2.698724E+0
7.824400E+0	-2.138978E+1	2.433883E+1
7.836875E+0	-2.136760E+1	5.160366E+1
7.849350E+0	-2.138524E+1	7.860669E+1
7.861825E+0	-2.140535E+1	1.055953E+2
7.874300E+0	-2.143821E+1	1.325869E+2
7.886775E+0	-2.147198E+1	1.595330E+2
7.899250E+0	-2.152023E+1	-1.735622E+2
7.911725E+0	-2.156766E+1	-1.467439E+2
7.924200E+0	-2.161967E+1	-1.199786E+2
7.936675E+0	-2.166816E+1	-9.331339E+1
7.949150E+0	-2.171218E+1	-6.676824E+1
7.961625E+0	-2.175666E+1	-4.015709E+1
7.974100E+0	-2.178912E+1	-1.361681E+1
7.986575E+0	-2.182357E+1	1.289958E+1
7.999050E+0	-2.184973E+1	3.933507E+1
8.011525E+0	-2.186215E+1	6.572942E+1
8.024000E+0	-2.184223E+1	9.194406E+1
8.036475E+0	-2.183784E+1	1.183885E+2
8.048950E+0	-2.182312E+1	1.448485E+2
8.061425E+0	-2.180423E+1	1.713190E+2
8.073900E+0	-2.177909E+1	-1.621817E+2
8.086375E+0	-2.174983E+1	-1.356662E+2
8.098850E+0	-2.171431E+1	-1.091726E+2
8.111325E+0	-2.167480E+1	-8.252089E+1
8.123800E+0	-2.162834E+1	-5.588184E+1
8.136275E+0	-2.158307E+1	-2.914086E+1
8.148750E+0	-2.153695E+1	-2.391847E+0
8.161225E+0	-2.149304E+1	2.442093E+1
8.173700E+0	-2.140780E+1	5.140107E+1
8.186175E+0	-2.141313E+1	7.835684E+1
8.198650E+0	-2.138233E+1	1.053226E+2
8.211125E+0	-2.135655E+1	1.322768E+2
8.223600E+0	-2.132875E+1	1.591620E+2
8.236075E+0	-2.132189E+1	-1.738012E+2
8.248550E+0	-2.131051E+1	-1.467476E+2
8.261025E+0	-2.131494E+1	-1.197556E+2
8.273500E+0	-2.132715E+1	-9.280685E+1
8.285975E+0	-2.134429E+1	-6.584618E+1
8.298450E+0	-2.135664E+1	-3.891204E+1
8.310925E+0	-2.138167E+1	-1.200909E+1
8.323400E+0	-2.141490E+1	1.489917E+1
8.335875E+0	-2.143815E+1	4.173476E+1
8.348350E+0	-2.148555E+1	6.866564E+1
8.360825E+0	-2.152561E+1	9.546797E+1
8.373300E+0	-2.156952E+1	1.221629E+2
8.385775E+0	-2.160152E+1	1.487659E+2
8.398250E+0	-2.163235E+1	1.753130E+2
8.410725E+0	-2.166129E+1	-1.581693E+2
8.423200E+0	-2.165708E+1	-1.318437E+2
8.435675E+0	-2.167162E+1	-1.053053E+2
8.448150E+0	-2.168271E+1	-7.882891E+1
8.460625E+0	-2.168799E+1	-5.236338E+1
8.473100E+0	-2.168791E+1	-2.594720E+1
8.485575E+0	-2.167924E+1	5.163797E-1
8.498050E+0	-2.166572E+1	2.694884E+1
8.510525E+0	-2.163682E+1	5.339740E+1
8.523000E+0	-2.160684E+1	7.999102E+1
8.535475E+0	-2.157521E+1	1.064658E+2
8.547950E+0	-2.153639E+1	1.330711E+2
8.560425E+0	-2.149318E+1	1.596488E+2
8.572900E+0	-2.140818E+1	-1.734951E+2
8.585375E+0	-2.136510E+1	-1.467706E+2
8.597850E+0	-2.131762E+1	-1.200126E+2
8.610325E+0	-2.128057E+1	-9.313548E+1
8.622800E+0	-2.124569E+1	-6.623598E+1
8.635275E+0	-2.121264E+1	-3.932024E+1
8.647750E+0	-2.118674E+1	-1.251409E+1
8.660225E+0	-2.116754E+1	1.446247E+1
8.672700E+0	-2.114364E+1	4.142931E+1
8.685175E+0	-2.112850E+1	6.837562E+1
8.697650E+0	-2.112486E+1	9.533967E+1
8.710125E+0	-2.112479E+1	1.223273E+2
8.722600E+0	-2.113433E+1	1.492738E+2
8.735075E+0	-2.115139E+1	1.762374E+2
8.747550E+0	-2.117287E+1	-1.568868E+2
8.760025E+0	-2.119258E+1	-1.300557E+2
8.772500E+0	-2.122641E+1	-1.032173E+2
8.784975E+0	-2.125896E+1	-7.640143E+1
8.797450E+0	-2.129055E+1	-4.961467E+1
8.809925E+0	-2.133286E+1	-2.293112E+1
8.822400E+0	-2.135215E+1	3.407279E+0
8.834875E+0	-2.138746E+1	3.003909E+1
8.847350E+0	-2.142582E+1	5.662353E+1
8.859825E+0	-2.145557E+1	8.311987E+1
8.872300E+0	-2.147900E+1	1.095756E+2
8.884775E+0	-2.149690E+1	1.360029E+2
8.897250E+0	-2.151122E+1	1.623488E+2
8.909725E+0	-2.151017E+1	-1.712261E+2
8.922200E+0	-2.150321E+1	-1.448778E+2
8.934675E+0	-2.148409E+1	-1.184964E+2
8.947150E+0	-2.146282E+1	-9.213785E+1
8.959625E+0	-2.142463E+1	-6.576787E+1
8.972100E+0	-2.138626E+1	-3.930697E+1
8.984575E+0	-2.133603E+1	-1.277999E+1
8.997050E+0	-2.128489E+1	1.376781E+1
9.009525E+0	-2.123060E+1	4.034447E+1
9.022000E+0	-2.116848E+1	6.701254E+1
9.034475E+0	-2.110974E+1	9.371725E+1
9.046950E+0	-2.105400E+1	1.204903E+2
9.059425E+0	-2.098175E+1	1.476441E+2
9.071900E+0	-2.093729E+1	1.745291E+2
9.084375E+0	-2.089282E+1	-1.585447E+2
9.096850E+0	-2.085908E+1	-1.315316E+2
9.109325E+0	-2.083284E+1	-1.045565E+2
9.121800E+0	-2.081413E+1	-7.750935E+1
9.134275E+0	-2.079898E+1	-5.045976E+1
9.146750E+0	-2.078766E+1	-2.337813E+1
9.159225E+0	-2.079714E+1	3.700902E+0
9.171700E+0	-2.081351E+1	3.072758E+1
9.184175E+0	-2.083490E+1	5.769173E+1
9.196650E+0	-2.086947E+1	8.462038E+1
9.209125E+0	-2.090762E+1	1.115024E+2
9.221600E+0	-2.094649E+1	1.382962E+2
9.234075E+0	-2.098452E+1	1.650856E+2
9.246550E+0	-2.102943E+1	-1.681724E+2
9.259025E+0	-2.107749E+1	-1.415209E+2
9.271500E+0	-2.111941E+1	-1.149180E+2
9.283975E+0	-2.116411E+1	-8.841373E+1
9.296450E+0	-2.119287E+1	-6.193373E+1
9.308925E+0	-2.121490E+1	-3.553577E+1
9.321400E+0	-2.123096E+1	-9.162859E+0
9.333875E+0	-2.124158E+1	1.719937E+1
9.346350E+0	-2.122144E+1	4.336918E+1
9.358825E+0	-2.121355E+1	6.971329E+1
9.371300E+0	-2.119913E+1	9.607899E+1
9.383775E+0	-2.117295E+1	1.224642E+2
9.396250E+0	-2.113765E+1	1.488360E+2
9.408725E+0	-2.109517E+1	1.752563E+2
9.421200E+0	-2.104556E+1	-1.582383E+2
9.433675E+0	-2.099449E+1	-1.316836E+2
9.446150E+0	-2.094077E+1	-1.050714E+2
9.458625E+0	-2.088821E+1	-7.844942E+1
9.471100E+0	-2.083254E+1	-5.169470E+1
9.483575E+0	-2.075461E+1	-2.465546E+1
9.496050E+0	-2.070471E+1	2.159346E+0
9.508525E+0	-2.065694E+1	2.911813E+1
9.521000E+0	-2.061522E+1	5.608367E+1
9.533475E+0	-2.058670E+1	8.312112E+1
9.545950E+0	-2.056445E+1	1.101210E+2
9.558425E+0	-2.054962E+1	1.370962E+2
9.570900E+0	-2.054182E+1	1.641169E+2
9.583375E+0	-2.053927E+1	-1.691588E+2
9.595850E+0	-2.054332E+1	-1.421583E+2
9.608325E+0	-2.055255E+1	-1.151454E+2
9.620800E+0	-2.056796E+1	-8.813877E+1
9.633275E+0	-2.059794E+1	-6.118465E+1
9.645750E+0	-2.062848E+1	-3.426596E+1
9.658225E+0	-2.066134E+1	-7.388270E+0
9.670700E+0	-2.069828E+1	1.947751E+1
9.683175E+0	-2.074528E+1	4.623666E+1
9.695650E+0	-2.078395E+1	7.295097E+1
9.708125E+0	-2.083193E+1	9.962570E+1
9.720600E+0	-2.087278E+1	1.262470E+2
9.733075E+0	-2.094889E+1	1.527985E+2
9.745550E+0	-2.098332E+1	1.792606E+2
9.758025E+0	-2.098863E+1	-1.544899E+2
9.770500E+0	-2.100982E+1	-1.280804E+2
9.782975E+0	-2.102896E+1	-1.017034E+2
9.795450E+0	-2.103272E+1	-7.534776E+1
9.807925E+0	-2.103554E+1	-4.901524E+1
9.820400E+0	-2.102649E+1	-2.271167E+1
9.832875E+0	-2.100240E+1	3.643643E+0
9.845350E+0	-2.097629E+1	2.996315E+1
9.857825E+0	-2.093955E+1	5.638062E+1
9.870300E+0	-2.089192E+1	8.279864E+1
9.882775E+0	-2.084323E+1	1.093459E+2
9.895250E+0	-2.076549E+1	1.362344E+2
9.907725E+0	-2.071378E+1	1.629073E+2
9.920200E+0	-2.066363E+1	-1.704606E+2
9.932675E+0	-2.061140E+1	-1.436903E+2
9.945150E+0	-2.056331E+1	-1.169413E+2
9.957625E+0	-2.050552E+1	-9.009096E+1
9.970100E+0	-2.046941E+1	-6.344546E+1
9.982575E+0	-2.042897E+1	-3.649702E+1
9.995050E+0	-2.039413E+1	-9.606999E+0
1.000752E+1	-2.037166E+1	1.750047E+1
1.002000E+1	-2.034974E+1	4.450443E+1
1.003247E+1	-2.034057E+1	7.153088E+1
1.004495E+1	-2.033622E+1	9.857887E+1
1.005743E+1	-2.033575E+1	1.256082E+2
1.006990E+1	-2.034892E+1	1.526824E+2
1.008238E+1	-2.037082E+1	1.796877E+2
1.009485E+1	-2.040417E+1	-1.533735E+2
1.010732E+1	-2.044789E+1	-1.264798E+2
1.011980E+1	-2.049167E+1	-9.964622E+1
1.013227E+1	-2.052699E+1	-7.286677E+1
1.014475E+1	-2.058298E+1	-4.609685E+1
1.015723E+1	-2.065972E+1	-1.944222E+1
1.016970E+1	-2.067786E+1	7.114842E+0
1.018218E+1	-2.072536E+1	3.366401E+1
1.019465E+1	-2.076788E+1	6.015612E+1
1.020712E+1	-2.080749E+1	8.662849E+1
1.021960E+1	-2.084011E+1	1.129907E+2
1.023208E+1	-2.085806E+1	1.394008E+2
1.024455E+1	-2.087515E+1	1.656921E+2
1.025703E+1	-2.087269E+1	-1.679196E+2
1.026950E+1	-2.087134E+1	-1.415895E+2
1.028197E+1	-2.085313E+1	-1.153095E+2
1.029445E+1	-2.082886E+1	-8.888439E+1
1.030692E+1	-2.077993E+1	-6.222898E+1
1.031940E+1	-2.074038E+1	-3.575453E+1
1.033188E+1	-2.069806E+1	-9.237647E+0
1.034435E+1	-2.065795E+1	1.731866E+1
1.035683E+1	-2.060885E+1	4.397839E+1
1.036930E+1	-2.057193E+1	7.063856E+1
1.038177E+1	-2.052566E+1	9.707841E+1
1.039425E+1	-2.046507E+1	1.237842E+2
1.040672E+1	-2.041792E+1	1.506328E+2
1.041920E+1	-2.038121E+1	1.775461E+2
1.043168E+1	-2.033592E+1	-1.555513E+2
1.044415E+1	-2.031171E+1	-1.285704E+2
1.045663E+1	-2.028827E+1	-1.016499E+2
1.046910E+1	-2.027903E+1	-7.464574E+1
1.048157E+1	-2.026907E+1	-4.766735E+1
1.049405E+1	-2.025833E+1	-2.071692E+1
1.050652E+1	-2.027386E+1	6.286901E+0
1.051900E+1	-2.028218E+1	3.326577E+1
1.053148E+1	-2.031473E+1	6.018287E+1
1.054395E+1	-2.033112E+1	8.712321E+1
1.055643E+1	-2.036422E+1	1.140052E+2
1.056890E+1	-2.039505E+1	1.408888E+2
1.058137E+1	-2.040887E+1	1.675834E+2
1.059385E+1	-2.047654E+1	-1.657611E+2
1.060633E+1	-2.051482E+1	-1.390476E+2
1.061880E+1	-2.055673E+1	-1.123970E+2
1.063128E+1	-2.059759E+1	-8.581760E+1
1.064375E+1	-2.063684E+1	-5.926092E+1
1.065622E+1	-2.067259E+1	-3.278699E+1
1.066870E+1	-2.069610E+1	-6.313489E+0
1.068117E+1	-2.071504E+1	2.012136E+1
1.069365E+1	-2.072821E+1	4.651212E+1
1.070613E+1	-2.073504E+1	7.292275E+1
1.071860E+1	-2.073438E+1	9.929760E+1
1.073108E+1	-2.071449E+1	1.260107E+2
1.074355E+1	-2.070808E+1	1.524794E+2
1.075602E+1	-2.069123E+1	1.789136E+2
1.076850E+1	-2.066252E+1	-1.546185E+2
1.078097E+1	-2.063770E+1	-1.281247E+2
1.079345E+1	-2.059969E+1	-1.015437E+2
1.080593E+1	-2.056612E+1	-7.493569E+1
1.081840E+1	-2.052958E+1	-4.832645E+1
1.083088E+1	-2.048777E+1	-2.167756E+1
1.084335E+1	-2.044728E+1	5.011977E+0
1.085582E+1	-2.040745E+1	3.173913E+1
1.086830E+1	-2.033842E+1	5.841813E+1
1.088077E+1	-2.030035E+1	8.530067E+1
1.089325E+1	-2.027619E+1	1.121551E+2
1.090573E+1	-2.025696E+1	1.390902E+2
1.091820E+1	-2.023005E+1	1.661049E+2
1.093068E+1	-2.022003E+1	-1.669400E+2
1.094315E+1	-2.022370E+1	-1.399519E+2
1.095562E+1	-2.026533E+1	-1.130160E+2
1.096810E+1	-2.025733E+1	-8.619002E+1
1.098057E+1	-2.027352E+1	-5.924255E+1
1.099305E+1	-2.030043E+1	-3.232338E+1
1.100553E+1	-2.033354E+1	-5.418026E+0
1.101800E+1	-2.037746E+1	2.141901E+1
1.103047E+1	-2.041323E+1	4.824525E+1
1.104295E+1	-2.045913E+1	7.503116E+1
1.105542E+1	-2.050743E+1	1.017259E+2
1.106790E+1	-2.055637E+1	1.283824E+2
1.108038E+1	-2.061016E+1	1.549307E+2
1.109285E+1	-2.065199E+1	-1.785413E+2
1.110533E+1	-2.069571E+1	-1.520468E+2
1.111780E+1	-2.072188E+1	-1.256140E+2
1.113027E+1	-2.075388E+1	-9.922000E+1
1.114275E+1	-2.076786E+1	-7.288769E+1
1.115522E+1	-2.077737E+1	-4.655165E+1
1.116770E+1	-2.078151E+1	-2.015952E+1
1.118018E+1	-2.077711E+1	6.170540E+0
1.119265E+1	-2.076221E+1	3.253550E+1
1.120513E+1	-2.073852E+1	5.890875E+1
1.121760E+1	-2.070310E+1	8.532681E+1
1.123007E+1	-2.066598E+1	1.117780E+2
1.124255E+1	-2.064452E+1	1.385163E+2
1.125502E+1	-2.059281E+1	1.650493E+2
1.126750E+1	-2.054703E+1	-1.683260E+2
1.127998E+1	-2.050418E+1	-1.416757E+2
1.129245E+1	-2.046665E+1	-1.149567E+2
1.130493E+1	-2.042447E+1	-8.823712E+1
1.131740E+1	-2.037316E+1	-6.141351E+1
1.132987E+1	-2.034106E+1	-3.451945E+1
1.134235E+1	-2.031339E+1	-7.626909E+0
1.135482E+1	-2.029761E+1	1.925828E+1
1.136730E+1	-2.028598E+1	4.618059E+1
1.137978E+1	-2.028659E+1	7.308341E+1
1.139225E+1	-2.028971E+1	9.992313E+1
1.140472E+1	-2.029204E+1	1.268701E+2
1.141720E+1	-2.030641E+1	1.537022E+2
1.142967E+1	-2.032143E+1	-1.793649E+2
1.144215E+1	-2.034581E+1	-1.525306E+2
1.145463E+1	-2.033979E+1	-1.258751E+2
1.146710E+1	-2.037876E+1	-9.908283E+1
1.147958E+1	-2.041344E+1	-7.237094E+1
1.149205E+1	-2.044711E+1	-4.565684E+1
1.150452E+1	-2.048144E+1	-1.906774E+1
1.151700E+1	-2.051081E+1	7.532475E+0
1.152947E+1	-2.053959E+1	3.409638E+1
1.154195E+1	-2.056420E+1	6.056203E+1
1.155443E+1	-2.058052E+1	8.710542E+1
1.156690E+1	-2.059848E+1	1.135021E+2
1.157938E+1	-2.060189E+1	1.399732E+2
1.159185E+1	-2.060510E+1	1.663997E+2
1.160432E+1	-2.059813E+1	-1.671615E+2
1.161680E+1	-2.058673E+1	-1.407219E+2
1.162927E+1	-2.057316E+1	-1.143030E+2
1.164175E+1	-2.054417E+1	-8.781285E+1
1.165423E+1	-2.051784E+1	-6.105462E+1
1.166670E+1	-2.048316E+1	-3.453992E+1
1.167918E+1	-2.045761E+1	-7.912678E+0
1.169165E+1	-2.041853E+1	1.872370E+1
1.170412E+1	-2.038034E+1	4.537581E+1
1.171660E+1	-2.035594E+1	7.206900E+1
1.172907E+1	-2.032135E+1	9.877869E+1
1.174155E+1	-2.029119E+1	1.255031E+2
1.175403E+1	-2.025755E+1	1.522760E+2
1.176650E+1	-2.023390E+1	1.790236E+2
1.177898E+1	-2.020146E+1	-1.541656E+2
1.179145E+1	-2.014221E+1	-1.273330E+2
1.180392E+1	-2.012395E+1	-1.004230E+2
1.181640E+1	-2.011392E+1	-7.352690E+1
1.182888E+1	-2.010616E+1	-4.664412E+1
1.184135E+1	-2.010323E+1	-1.976549E+1
1.185383E+1	-2.010363E+1	7.155578E+0
1.186630E+1	-2.008261E+1	3.406038E+1
1.187877E+1	-2.010577E+1	6.094250E+1
1.189125E+1	-2.012793E+1	8.774394E+1
1.190372E+1	-2.017184E+1	1.142937E+2
1.191620E+1	-2.019890E+1	1.411299E+2
1.192868E+1	-2.022614E+1	1.678644E+2
1.194115E+1	-2.025285E+1	-1.654503E+2
1.195363E+1	-2.028014E+1	-1.387885E+2
1.196610E+1	-2.029902E+1	-1.121246E+2
1.197857E+1	-2.032463E+1	-8.557116E+1
1.199105E+1	-2.034728E+1	-5.892004E+1
1.200352E+1	-2.036867E+1	-3.236508E+1
1.201600E+1	-2.038308E+1	-5.825570E+0
1.202848E+1	-2.039956E+1	2.066768E+1
1.204095E+1	-2.040703E+1	4.713637E+1
1.205343E+1	-2.041047E+1	7.360305E+1
1.206590E+1	-2.041088E+1	1.003710E+2
1.207837E+1	-2.041405E+1	1.268209E+2
1.209085E+1	-2.040669E+1	1.532971E+2
1.210332E+1	-2.039023E+1	1.797614E+2
1.211580E+1	-2.037013E+1	-1.537925E+2
1.212828E+1	-2.034035E+1	-1.272452E+2
1.214075E+1	-2.031557E+1	-1.007645E+2
1.215323E+1	-2.027663E+1	-7.421001E+1
1.216570E+1	-2.023850E+1	-4.756090E+1
1.217817E+1	-2.020718E+1	-2.093584E+1
1.219065E+1	-2.012869E+1	5.666012E+0
1.220313E+1	-2.009947E+1	3.241464E+1
1.221560E+1	-2.007430E+1	5.914019E+1
1.222808E+1	-2.004188E+1	8.595234E+1
1.224055E+1	-2.001985E+1	1.127749E+2
1.225302E+1	-1.999985E+1	1.396197E+2
1.226550E+1	-1.998802E+1	1.664805E+2
1.227797E+1	-1.997495E+1	-1.666718E+2
1.229045E+1	-1.996675E+1	-1.398036E+2
1.230293E+1	-1.996531E+1	-1.129257E+2
1.231540E+1	-1.996879E+1	-8.607412E+1
1.232788E+1	-1.997428E+1	-5.926519E+1
1.234035E+1	-1.998912E+1	-3.246069E+1
1.235282E+1	-2.001138E+1	-5.698352E+0
1.236530E+1	-2.003155E+1	2.106127E+1
1.237777E+1	-2.005039E+1	4.778810E+1
1.239025E+1	-2.007472E+1	7.444281E+1
1.240273E+1	-2.009699E+1	1.010651E+2
1.241520E+1	-2.012056E+1	1.276605E+2
1.242768E+1	-2.013728E+1	1.542165E+2
1.244015E+1	-2.014649E+1	-1.792189E+2
1.245262E+1	-2.016061E+1	-1.526764E+2
1.246510E+1	-2.016937E+1	-1.261623E+2
1.247757E+1	-2.017118E+1	-9.969807E+1
1.249005E+1	-2.015879E+1	-7.321629E+1
1.250253E+1	-2.014424E+1	-4.673245E+1
1.251500E+1	-2.012922E+1	-2.025849E+1
1.252748E+1	-2.010250E+1	6.239230E+0
1.253995E+1	-2.008282E+1	3.279816E+1
1.255242E+1	-2.005213E+1	5.934973E+1
1.256490E+1	-2.001858E+1	8.589169E+1
1.257737E+1	-1.999000E+1	1.125058E+2
1.258985E+1	-1.995170E+1	1.391242E+2
1.260233E+1	-1.991778E+1	1.658292E+2
1.261480E+1	-1.987881E+1	-1.674470E+2
1.262727E+1	-1.984596E+1	-1.406887E+2
1.263975E+1	-1.981727E+1	-1.139206E+2
1.265222E+1	-1.978580E+1	-8.715826E+1
1.266470E+1	-1.976793E+1	-6.037379E+1
1.267718E+1	-1.974784E+1	-3.356295E+1
1.268965E+1	-1.972568E+1	-6.717202E+0
1.270213E+1	-1.971784E+1	2.012705E+1
1.271460E+1	-1.971298E+1	4.692778E+1
1.272707E+1	-1.970971E+1	7.375105E+1
1.273955E+1	-1.971043E+1	1.005314E+2
1.275202E+1	-1.971236E+1	1.273291E+2
1.276450E+1	-1.971838E+1	1.541287E+2
1.277698E+1	-1.972595E+1	-1.791120E+2
1.278945E+1	-1.973173E+1	-1.523511E+2
1.280193E+1	-1.974598E+1	-1.256336E+2
1.281440E+1	-1.975788E+1	-9.898133E+1
1.282687E+1	-1.977186E+1	-7.228702E+1
1.283935E+1	-1.977923E+1	-4.558695E+1
1.285182E+1	-1.979134E+1	-1.894652E+1
1.286430E+1	-1.980095E+1	7.650334E+0
1.287678E+1	-1.981030E+1	3.417744E+1
1.288925E+1	-1.981595E+1	6.075545E+1
1.290173E+1	-1.981394E+1	8.729971E+1
1.291420E+1	-1.981243E+1	1.138578E+2
1.292667E+1	-1.980919E+1	1.404348E+2
1.293915E+1	-1.979860E+1	1.669719E+2
1.295162E+1	-1.979094E+1	-1.664640E+2
1.296410E+1	-1.977283E+1	-1.399309E+2
1.297658E+1	-1.975327E+1	-1.133825E+2
1.298905E+1	-1.973864E+1	-8.682603E+1
1.300153E+1	-1.971273E+1	-6.022565E+1
1.301400E+1	-1.968168E+1	-3.362429E+1
1.302647E+1	-1.964641E+1	-7.049122E+0
1.303895E+1	-1.962839E+1	1.953760E+1
1.305143E+1	-1.959493E+1	4.620861E+1
1.306390E+1	-1.956966E+1	7.281596E+1
1.307638E+1	-1.953714E+1	9.954811E+1
1.308885E+1	-1.950387E+1	1.262811E+2
1.310132E+1	-1.947056E+1	1.530179E+2
1.311380E+1	-1.944260E+1	1.797525E+2
1.312627E+1	-1.941317E+1	-1.534754E+2
1.313875E+1	-1.938726E+1	-1.266814E+2
1.315123E+1	-1.936128E+1	-9.984968E+1
1.316370E+1	-1.934316E+1	-7.303842E+1
1.317618E+1	-1.932528E+1	-4.620418E+1
1.318865E+1	-1.931228E+1	-1.935773E+1
1.320112E+1	-1.930081E+1	7.460378E+0
1.321360E+1	-1.929942E+1	3.429370E+1
1.322607E+1	-1.929978E+1	6.108862E+1
1.323855E+1	-1.929767E+1	8.788348E+1
1.325103E+1	-1.929854E+1	1.147303E+2
1.326350E+1	-1.930363E+1	1.415183E+2
1.327598E+1	-1.931488E+1	1.682629E+2
1.328845E+1	-1.931436E+1	-1.647485E+2
1.330092E+1	-1.932649E+1	-1.380332E+2
1.331340E+1	-1.934276E+1	-1.113446E+2
1.332587E+1	-1.935709E+1	-8.469930E+1
1.333835E+1	-1.937216E+1	-5.805764E+1
1.335083E+1	-1.938677E+1	-3.147038E+1
1.336330E+1	-1.939529E+1	-4.894345E+0
1.337578E+1	-1.940893E+1	2.160110E+1
1.338825E+1	-1.936553E+1	4.800089E+1
1.340072E+1	-1.936240E+1	7.458826E+1
1.341320E+1	-1.935298E+1	1.011688E+2
1.342568E+1	-1.933730E+1	1.277445E+2
1.343815E+1	-1.932398E+1	1.542943E+2
1.345063E+1	-1.929594E+1	-1.790649E+2
1.346310E+1	-1.926665E+1	-1.524276E+2
1.347557E+1	-1.924178E+1	-1.257530E+2
1.348805E+1	-1.921309E+1	-9.908663E+1
1.350052E+1	-1.919302E+1	-7.244353E+1
1.351300E+1	-1.916318E+1	-4.568862E+1
1.352548E+1	-1.913457E+1	-1.896984E+1
1.353795E+1	-1.911485E+1	7.733500E+0
1.355043E+1	-1.909527E+1	3.455631E+1
1.356290E+1	-1.907779E+1	6.136180E+1
1.357537E+1	-1.906520E+1	8.817340E+1
1.358785E+1	-1.904987E+1	1.149394E+2
1.360032E+1	-1.903864E+1	1.417695E+2
1.361280E+1	-1.901726E+1	1.687924E+2
1.362528E+1	-1.902197E+1	-1.643793E+2
1.363775E+1	-1.902593E+1	-1.376052E+2
1.365023E+1	-1.903784E+1	-1.108367E+2
1.366270E+1	-1.904636E+1	-8.409948E+1
1.367517E+1	-1.905538E+1	-5.738813E+1
1.368765E+1	-1.906755E+1	-3.076200E+1
1.370012E+1	-1.907544E+1	-4.057575E+0
1.371260E+1	-1.907113E+1	2.236797E+1
1.372508E+1	-1.907474E+1	4.905516E+1
1.373755E+1	-1.907969E+1	7.569220E+1
1.375003E+1	-1.907912E+1	1.023033E+2
1.376250E+1	-1.907792E+1	1.289191E+2
1.377497E+1	-1.907691E+1	1.554818E+2
1.378745E+1	-1.905942E+1	-1.778830E+2
1.379992E+1	-1.905275E+1	-1.512275E+2
1.381240E+1	-1.904501E+1	-1.246525E+2
1.382488E+1	-1.903283E+1	-9.803153E+1
1.383735E+1	-1.902198E+1	-7.146649E+1
1.384982E+1	-1.900296E+1	-4.475766E+1
1.386230E+1	-1.899199E+1	-1.816991E+1
1.387477E+1	-1.896977E+1	8.552731E+0
1.388725E+1	-1.895490E+1	3.521878E+1
1.389973E+1	-1.893676E+1	6.186773E+1
1.391220E+1	-1.892667E+1	8.855293E+1
1.392468E+1	-1.890841E+1	1.152721E+2
1.393715E+1	-1.887366E+1	1.421912E+2
1.394962E+1	-1.886061E+1	1.688980E+2
1.396210E+1	-1.885815E+1	-1.643717E+2
1.397457E+1	-1.885225E+1	-1.377160E+2
1.398705E+1	-1.884963E+1	-1.109623E+2
1.399953E+1	-1.884604E+1	-8.426167E+1
1.401200E+1	-1.883534E+1	-5.761340E+1
1.402448E+1	-1.883374E+1	-3.094636E+1
1.403695E+1	-1.882349E+1	-4.261670E+0
1.404942E+1	-1.881765E+1	2.240030E+1
1.406190E+1	-1.879353E+1	4.888703E+1
1.407437E+1	-1.877572E+1	7.558001E+1
1.408685E+1	-1.876882E+1	1.022327E+2
1.409933E+1	-1.876032E+1	1.288965E+2
1.411180E+1	-1.874330E+1	1.556338E+2
1.412428E+1	-1.873971E+1	-1.777439E+2
1.413675E+1	-1.872745E+1	-1.510630E+2
1.414922E+1	-1.871279E+1	-1.243296E+2
1.416170E+1	-1.870384E+1	-9.769009E+1
1.417417E+1	-1.869168E+1	-7.098747E+1
1.418665E+1	-1.867941E+1	-4.430870E+1
1.419913E+1	-1.866773E+1	-1.760248E+1
1.421160E+1	-1.865737E+1	9.104466E+0
1.422407E+1	-1.865134E+1	3.578695E+1
1.423655E+1	-1.864445E+1	6.246448E+1
1.424902E+1	-1.863113E+1	8.914397E+1
1.426150E+1	-1.859767E+1	1.160306E+2
1.427398E+1	-1.858416E+1	1.427621E+2
1.428645E+1	-1.858695E+1	1.694524E+2
1.429893E+1	-1.858345E+1	-1.638495E+2
1.431140E+1	-1.857755E+1	-1.372051E+2
1.432387E+1	-1.857362E+1	-1.104868E+2
1.433635E+1	-1.856691E+1	-8.382156E+1
1.434882E+1	-1.856417E+1	-5.722175E+1
1.436130E+1	-1.855338E+1	-3.053543E+1
1.437378E+1	-1.854842E+1	-3.939553E+0
1.438625E+1	-1.853593E+1	2.272365E+1
1.439873E+1	-1.851827E+1	4.936385E+1
1.441120E+1	-1.849934E+1	7.576947E+1
1.442367E+1	-1.847610E+1	1.025340E+2
1.443615E+1	-1.845628E+1	1.291884E+2
1.444862E+1	-1.843919E+1	1.558970E+2
1.446110E+1	-1.842350E+1	-1.773839E+2
1.447358E+1	-1.840589E+1	-1.506796E+2
1.448605E+1	-1.838693E+1	-1.239864E+2
1.449853E+1	-1.837580E+1	-9.732079E+1
1.451100E+1	-1.836098E+1	-7.056396E+1
1.452347E+1	-1.834575E+1	-4.381338E+1
1.453595E+1	-1.832949E+1	-1.704107E+1
1.454842E+1	-1.831810E+1	9.707228E+0
1.456090E+1	-1.830572E+1	3.646813E+1
1.457338E+1	-1.829563E+1	6.321267E+1
1.458585E+1	-1.828816E+1	8.989492E+1
1.459833E+1	-1.827765E+1	1.167040E+2
1.461080E+1	-1.827235E+1	1.434437E+2
1.462327E+1	-1.826315E+1	1.701912E+2
1.463575E+1	-1.825588E+1	-1.630820E+2
1.464823E+1	-1.823495E+1	-1.361562E+2
1.466070E+1	-1.823427E+1	-1.094462E+2
1.467318E+1	-1.823354E+1	-8.272028E+1
1.468565E+1	-1.823166E+1	-5.603433E+1
1.469812E+1	-1.823077E+1	-2.930123E+1
1.471060E+1	-1.822551E+1	-2.602697E+0
1.472307E+1	-1.822146E+1	2.407969E+1
1.473555E+1	-1.821495E+1	5.081152E+1
1.474803E+1	-1.820900E+1	7.753907E+1
1.476050E+1	-1.819882E+1	1.042207E+2
1.477298E+1	-1.820167E+1	1.309133E+2
1.478545E+1	-1.820310E+1	1.574130E+2
1.479792E+1	-1.819680E+1	-1.758027E+2
1.481040E+1	-1.819166E+1	-1.490955E+2
1.482287E+1	-1.819386E+1	-1.224306E+2
1.483535E+1	-1.819183E+1	-9.572347E+1
1.484783E+1	-1.818967E+1	-6.903175E+1
1.486030E+1	-1.819636E+1	-4.241622E+1
1.487278E+1	-1.819558E+1	-1.568337E+1
1.488525E+1	-1.818982E+1	1.098797E+1
1.489772E+1	-1.819832E+1	3.766211E+1
1.491020E+1	-1.819874E+1	6.430442E+1
1.492267E+1	-1.819893E+1	9.094602E+1
1.493515E+1	-1.819977E+1	1.175543E+2
1.494763E+1	-1.819468E+1	1.441625E+2
1.496010E+1	-1.819540E+1	1.706930E+2
1.497258E+1	-1.818883E+1	-1.627240E+2
1.498505E+1	-1.817419E+1	-1.360330E+2
1.499752E+1	-1.816708E+1	-1.095150E+2
1.501000E+1	-1.815302E+1	-8.289941E+1
1.502248E+1	-1.812948E+1	-5.629531E+1
1.503495E+1	-1.811311E+1	-2.968242E+1
1.504743E+1	-1.809622E+1	-3.147654E+0
1.505990E+1	-1.806990E+1	2.352353E+1
1.507237E+1	-1.804353E+1	5.019789E+1
1.508485E+1	-1.799219E+1	7.700774E+1
1.509732E+1	-1.796559E+1	1.037095E+2
1.510980E+1	-1.793378E+1	1.304078E+2
1.512228E+1	-1.790852E+1	1.571586E+2
1.513475E+1	-1.788311E+1	-1.761602E+2
1.514723E+1	-1.786699E+1	-1.493085E+2
1.515970E+1	-1.784549E+1	-1.225964E+2
1.517217E+1	-1.782319E+1	-9.578735E+1
1.518465E+1	-1.780923E+1	-6.897710E+1
1.519712E+1	-1.779217E+1	-4.219025E+1
1.520960E+1	-1.778960E+1	-1.541870E+1
1.522208E+1	-1.777796E+1	1.143637E+1
1.523455E+1	-1.776932E+1	3.818988E+1
1.524703E+1	-1.776736E+1	6.499197E+1
1.525950E+1	-1.775978E+1	9.175593E+1
1.527197E+1	-1.775386E+1	1.184734E+2
1.528445E+1	-1.774956E+1	1.452927E+2
1.529692E+1	-1.774371E+1	1.718335E+2
1.530940E+1	-1.773524E+1	-1.613675E+2
1.532188E+1	-1.773225E+1	-1.346379E+2
1.533435E+1	-1.773631E+1	-1.079116E+2
1.534683E+1	-1.773498E+1	-8.122455E+1
1.535930E+1	-1.773391E+1	-5.448550E+1
1.537177E+1	-1.773194E+1	-2.780102E+1
1.538425E+1	-1.772961E+1	-1.133405E+0
1.539672E+1	-1.771951E+1	2.561156E+1
1.540920E+1	-1.771779E+1	5.229255E+1
1.542168E+1	-1.768327E+1	7.907626E+1
1.543415E+1	-1.767310E+1	1.058098E+2
1.544662E+1	-1.769262E+1	1.325478E+2
1.545910E+1	-1.767974E+1	1.592369E+2
1.547157E+1	-1.766504E+1	-1.741083E+2
1.548405E+1	-1.766247E+1	-1.474063E+2
1.549653E+1	-1.764918E+1	-1.206703E+2
1.550900E+1	-1.764234E+1	-9.394984E+1
1.552148E+1	-1.762294E+1	-6.716789E+1
1.553395E+1	-1.761835E+1	-4.049973E+1
1.554642E+1	-1.760584E+1	-1.373570E+1
1.555890E+1	-1.759291E+1	1.301579E+1
1.557137E+1	-1.758222E+1	3.978252E+1
1.558385E+1	-1.757439E+1	6.666039E+1
1.559633E+1	-1.756123E+1	9.338258E+1
1.560880E+1	-1.756582E+1	1.201272E+2
1.562128E+1	-1.755051E+1	1.468793E+2
1.563375E+1	-1.754729E+1	1.736152E+2
1.564622E+1	-1.754270E+1	-1.596991E+2
1.565870E+1	-1.751936E+1	-1.330876E+2
1.567117E+1	-1.752679E+1	-1.063332E+2
1.568365E+1	-1.751644E+1	-7.956580E+1
1.569613E+1	-1.752590E+1	-5.276784E+1
1.570860E+1	-1.752643E+1	-2.598092E+1
1.572108E+1	-1.753475E+1	6.846533E-1
1.573355E+1	-1.753908E+1	2.747220E+1
1.574602E+1	-1.754659E+1	5.421835E+1
1.575850E+1	-1.755380E+1	8.092685E+1
1.577097E+1	-1.756775E+1	1.075820E+2
1.578345E+1	-1.754686E+1	1.344524E+2
1.579593E+1	-1.755577E+1	1.611085E+2
1.580840E+1	-1.759177E+1	-1.721679E+2
1.582087E+1	-1.760130E+1	-1.455466E+2
1.583335E+1	-1.761220E+1	-1.189386E+2
1.584582E+1	-1.761838E+1	-9.244685E+1
1.585830E+1	-1.762479E+1	-6.582770E+1
1.587078E+1	-1.763356E+1	-3.927396E+1
1.588325E+1	-1.763118E+1	-1.278492E+1
1.589573E+1	-1.762655E+1	1.372207E+1
1.590820E+1	-1.761371E+1	4.021872E+1
1.592067E+1	-1.760014E+1	6.687824E+1
1.593315E+1	-1.758690E+1	9.337433E+1
1.594562E+1	-1.755330E+1	1.198746E+2
1.595810E+1	-1.752600E+1	1.463943E+2
1.597058E+1	-1.749711E+1	1.729142E+2
1.598305E+1	-1.745872E+1	-1.605152E+2
1.599553E+1	-1.739889E+1	-1.340868E+2
1.600800E+1	-1.736107E+1	-1.074257E+2
1.602048E+1	-1.731720E+1	-8.070721E+1
1.603295E+1	-1.727271E+1	-5.396759E+1
1.604543E+1	-1.723081E+1	-2.720115E+1
1.605790E+1	-1.718957E+1	-4.120275E-1
1.607037E+1	-1.714770E+1	2.644767E+1
1.608285E+1	-1.711319E+1	5.328242E+1
1.609532E+1	-1.708206E+1	8.018495E+1
1.610780E+1	-1.705579E+1	1.070613E+2
1.612027E+1	-1.700574E+1	1.342124E+2
1.613275E+1	-1.699333E+1	1.611108E+2
1.614522E+1	-1.698052E+1	-1.718877E+2
1.615770E+1	-1.696889E+1	-1.448890E+2
1.617018E+1	-1.697559E+1	-1.179470E+2
1.618265E+1	-1.698369E+1	-9.102744E+1
1.619513E+1	-1.699269E+1	-6.409597E+1
1.620760E+1	-1.701166E+1	-3.720160E+1
1.622008E+1	-1.702747E+1	-1.038569E+1
1.623255E+1	-1.705207E+1	1.640022E+1
1.624502E+1	-1.707882E+1	4.316820E+1
1.625750E+1	-1.709763E+1	6.991995E+1
1.626997E+1	-1.711681E+1	9.661527E+1
1.628245E+1	-1.714432E+1	1.232537E+2
1.629492E+1	-1.715702E+1	1.498467E+2
1.630740E+1	-1.716354E+1	1.764586E+2
1.631987E+1	-1.717787E+1	-1.570359E+2
1.633235E+1	-1.717589E+1	-1.304580E+2
1.634483E+1	-1.716142E+1	-1.040466E+2
1.635730E+1	-1.715703E+1	-7.749501E+1
1.636978E+1	-1.714674E+1	-5.088784E+1
1.638225E+1	-1.713963E+1	-2.437799E+1
1.639473E+1	-1.712354E+1	2.207601E+0
1.640720E+1	-1.709919E+1	2.885444E+1
1.641968E+1	-1.707216E+1	5.547272E+1
1.643215E+1	-1.704945E+1	8.215185E+1
1.644462E+1	-1.701949E+1	1.088649E+2
1.645710E+1	-1.697359E+1	1.357683E+2
1.646957E+1	-1.694522E+1	1.625412E+2
1.648205E+1	-1.692531E+1	-1.707076E+2
1.649452E+1	-1.690274E+1	-1.438882E+2
1.650700E+1	-1.687715E+1	-1.170908E+2
1.651947E+1	-1.686977E+1	-9.025251E+1
1.653195E+1	-1.685651E+1	-6.340305E+1
1.654443E+1	-1.684482E+1	-3.662016E+1
1.655690E+1	-1.684290E+1	-9.768104E+0
1.656938E+1	-1.684086E+1	1.703541E+1
1.658185E+1	-1.683071E+1	4.379833E+1
1.659433E+1	-1.684230E+1	7.061995E+1
1.660680E+1	-1.684506E+1	9.739917E+1
1.661927E+1	-1.685538E+1	1.241056E+2
1.663175E+1	-1.685747E+1	1.508664E+2
1.664422E+1	-1.686611E+1	1.774903E+2
1.665670E+1	-1.686545E+1	-1.557825E+2
1.666917E+1	-1.687712E+1	-1.291274E+2
1.668165E+1	-1.686845E+1	-1.026163E+2
1.669412E+1	-1.687659E+1	-7.603241E+1
1.670660E+1	-1.687790E+1	-4.940142E+1
1.671908E+1	-1.687316E+1	-2.278439E+1
1.673155E+1	-1.686880E+1	3.837348E+0
1.674403E+1	-1.686551E+1	3.044338E+1
1.675650E+1	-1.685680E+1	5.701654E+1
1.676898E+1	-1.684772E+1	8.361913E+1
1.678145E+1	-1.683201E+1	1.101666E+2
1.679393E+1	-1.680057E+1	1.369338E+2
1.680640E+1	-1.677502E+1	1.635734E+2
1.681887E+1	-1.674951E+1	-1.697953E+2
1.683135E+1	-1.672809E+1	-1.431556E+2
1.684382E+1	-1.669572E+1	-1.165291E+2
1.685630E+1	-1.667162E+1	-8.987180E+1
1.686877E+1	-1.663799E+1	-6.318354E+1
1.688125E+1	-1.660677E+1	-3.644201E+1
1.689372E+1	-1.657619E+1	-9.733362E+0
1.690620E+1	-1.654139E+1	1.703090E+1
1.691868E+1	-1.651287E+1	4.379502E+1
1.693115E+1	-1.647810E+1	7.058714E+1
1.694363E+1	-1.644898E+1	9.739222E+1
1.695610E+1	-1.641990E+1	1.242303E+2
1.696858E+1	-1.638928E+1	1.510807E+2
1.698105E+1	-1.637357E+1	1.779032E+2
1.699353E+1	-1.634963E+1	-1.552049E+2
1.700600E+1	-1.633234E+1	-1.283356E+2
1.701847E+1	-1.630935E+1	-1.013886E+2
1.703095E+1	-1.629965E+1	-7.449928E+1
1.704342E+1	-1.628951E+1	-4.777385E+1
1.705590E+1	-1.629797E+1	-2.093542E+1
1.706837E+1	-1.629392E+1	6.007659E+0
1.708085E+1	-1.629726E+1	3.289679E+1
1.709333E+1	-1.631527E+1	5.974331E+1
1.710580E+1	-1.632443E+1	8.662299E+1
1.711828E+1	-1.634167E+1	1.134163E+2
1.713075E+1	-1.636039E+1	1.401902E+2
1.714323E+1	-1.638177E+1	1.669174E+2
1.715570E+1	-1.638713E+1	-1.662153E+2
1.716818E+1	-1.640395E+1	-1.395799E+2
1.718065E+1	-1.642148E+1	-1.129221E+2
1.719312E+1	-1.643793E+1	-8.628502E+1
1.720560E+1	-1.644359E+1	-5.974994E+1
1.721807E+1	-1.646163E+1	-3.324242E+1
1.723055E+1	-1.645507E+1	-6.737416E+0
1.724302E+1	-1.645634E+1	1.984624E+1
1.725550E+1	-1.645046E+1	4.625972E+1
1.726797E+1	-1.643703E+1	7.283409E+1
1.728045E+1	-1.641106E+1	9.934818E+1
1.729293E+1	-1.638868E+1	1.258775E+2
1.730540E+1	-1.636086E+1	1.524391E+2
1.731788E+1	-1.633020E+1	1.789852E+2
1.733035E+1	-1.628778E+1	-1.543496E+2
1.734283E+1	-1.625507E+1	-1.277028E+2
1.735530E+1	-1.621496E+1	-1.010311E+2
1.736778E+1	-1.617090E+1	-7.431010E+1
1.738025E+1	-1.612320E+1	-4.752378E+1
1.739272E+1	-1.608509E+1	-2.073578E+1
1.740520E+1	-1.605182E+1	6.083057E+0
1.741767E+1	-1.601074E+1	3.289377E+1
1.743015E+1	-1.598131E+1	5.976574E+1
1.744262E+1	-1.596059E+1	8.665807E+1
1.745510E+1	-1.594094E+1	1.135280E+2
1.746758E+1	-1.591619E+1	1.404834E+2
1.748005E+1	-1.590354E+1	1.673689E+2
1.749253E+1	-1.589298E+1	-1.657301E+2
1.750500E+1	-1.589847E+1	-1.388787E+2
1.751748E+1	-1.589698E+1	-1.119608E+2
1.752995E+1	-1.589825E+1	-8.509277E+1
1.754243E+1	-1.590319E+1	-5.847517E+1
1.755490E+1	-1.591227E+1	-3.160391E+1
1.756737E+1	-1.592431E+1	-4.812152E+0
1.757985E+1	-1.593391E+1	2.195739E+1
1.759232E+1	-1.594343E+1	4.870792E+1
1.760480E+1	-1.595722E+1	7.540439E+1
1.761727E+1	-1.596439E+1	1.021176E+2
1.762975E+1	-1.596814E+1	1.287414E+2
1.764222E+1	-1.598223E+1	1.553932E+2
1.765470E+1	-1.597323E+1	-1.777952E+2
1.766718E+1	-1.597578E+1	-1.511943E+2
1.767965E+1	-1.596870E+1	-1.245788E+2
1.769213E+1	-1.597312E+1	-9.797140E+1
1.770460E+1	-1.597316E+1	-7.137941E+1
1.771708E+1	-1.596066E+1	-4.476929E+1
1.772955E+1	-1.594185E+1	-1.818027E+1
1.774203E+1	-1.591870E+1	8.392109E+0
1.775450E+1	-1.589671E+1	3.499488E+1
1.776697E+1	-1.587781E+1	6.160279E+1
1.777945E+1	-1.584990E+1	8.828708E+1
1.779192E+1	-1.582152E+1	1.148899E+2
1.780440E+1	-1.579600E+1	1.414854E+2
1.781687E+1	-1.575966E+1	1.682367E+2
1.782935E+1	-1.573380E+1	-1.650903E+2
1.784183E+1	-1.569816E+1	-1.382971E+2
1.785430E+1	-1.567080E+1	-1.115231E+2
1.786678E+1	-1.564744E+1	-8.478936E+1
1.787925E+1	-1.562254E+1	-5.799363E+1
1.789173E+1	-1.557799E+1	-3.134645E+1
1.790420E+1	-1.556228E+1	-4.539926E+0
1.791668E+1	-1.554397E+1	2.230662E+1
1.792915E+1	-1.552546E+1	4.918905E+1
1.794162E+1	-1.550717E+1	7.610307E+1
1.795410E+1	-1.550210E+1	1.029765E+2
1.796657E+1	-1.549547E+1	1.298262E+2
1.797905E+1	-1.549455E+1	1.566829E+2
1.799152E+1	-1.548965E+1	-1.764673E+2
1.800400E+1	-1.547550E+1	-1.495082E+2
1.801647E+1	-1.547604E+1	-1.226353E+2
1.802895E+1	-1.548553E+1	-9.585593E+1
1.804143E+1	-1.549157E+1	-6.903342E+1
1.805390E+1	-1.550380E+1	-4.228456E+1
1.806638E+1	-1.552071E+1	-1.560145E+1
1.807885E+1	-1.553197E+1	1.102448E+1
1.809133E+1	-1.554131E+1	3.769861E+1
1.810380E+1	-1.555354E+1	6.430472E+1
1.811628E+1	-1.555765E+1	9.087540E+1
1.812875E+1	-1.555486E+1	1.174288E+2
1.814122E+1	-1.555554E+1	1.439192E+2
1.815370E+1	-1.554267E+1	1.704613E+2
1.816617E+1	-1.553494E+1	-1.630473E+2
1.817865E+1	-1.550378E+1	-1.364999E+2
1.819112E+1	-1.547874E+1	-1.099264E+2
1.820360E+1	-1.544922E+1	-8.335823E+1
1.821608E+1	-1.542011E+1	-5.680002E+1
1.822855E+1	-1.537232E+1	-3.017705E+1
1.824103E+1	-1.531947E+1	-3.672621E+0
1.825350E+1	-1.527987E+1	2.301288E+1
1.826598E+1	-1.522895E+1	4.974046E+1
1.827845E+1	-1.518665E+1	7.652789E+1
1.829093E+1	-1.513688E+1	1.033968E+2
1.830340E+1	-1.510348E+1	1.302722E+2
1.831587E+1	-1.506271E+1	1.571524E+2
1.832835E+1	-1.503195E+1	-1.759700E+2
1.834082E+1	-1.499626E+1	-1.488858E+2
1.835330E+1	-1.496975E+1	-1.219246E+2
1.836577E+1	-1.494550E+1	-9.488667E+1
1.837825E+1	-1.493029E+1	-6.792780E+1
1.839072E+1	-1.492052E+1	-4.089773E+1
1.840320E+1	-1.492404E+1	-1.391718E+1
1.841568E+1	-1.493373E+1	1.303302E+1
1.842815E+1	-1.494052E+1	3.995072E+1
1.844063E+1	-1.495791E+1	6.680511E+1
1.845310E+1	-1.498210E+1	9.362321E+1
1.846558E+1	-1.499849E+1	1.204534E+2
1.847805E+1	-1.502026E+1	1.472058E+2
1.849053E+1	-1.503555E+1	1.739847E+2
1.850300E+1	-1.505385E+1	-1.593139E+2
1.851547E+1	-1.506796E+1	-1.326419E+2
1.852795E+1	-1.508853E+1	-1.060598E+2
1.854042E+1	-1.509384E+1	-7.939819E+1
1.855290E+1	-1.509784E+1	-5.282269E+1
1.856537E+1	-1.510571E+1	-2.629455E+1
1.857785E+1	-1.509677E+1	3.226024E-1
1.859032E+1	-1.508169E+1	2.673364E+1
1.860280E+1	-1.507430E+1	5.327617E+1
1.861528E+1	-1.505543E+1	7.985919E+1
1.862775E+1	-1.503808E+1	1.064539E+2
1.864023E+1	-1.502043E+1	1.330484E+2
1.865270E+1	-1.499518E+1	1.596773E+2
1.866518E+1	-1.497155E+1	-1.737396E+2
1.867765E+1	-1.492951E+1	-1.468438E+2
1.869012E+1	-1.490435E+1	-1.201729E+2
1.870260E+1	-1.487326E+1	-9.348270E+1
1.871507E+1	-1.484543E+1	-6.670106E+1
1.872755E+1	-1.481800E+1	-3.994012E+1
1.874002E+1	-1.478447E+1	-1.313948E+1
1.875250E+1	-1.477687E+1	1.366930E+1
1.876497E+1	-1.474511E+1	4.052992E+1
1.877745E+1	-1.473314E+1	6.736515E+1
1.878993E+1	-1.472341E+1	9.416759E+1
1.880240E+1	-1.470829E+1	1.209619E+2
1.881488E+1	-1.469998E+1	1.477530E+2
1.882735E+1	-1.469285E+1	1.745655E+2
1.883983E+1	-1.468620E+1	-1.586300E+2
1.885230E+1	-1.468127E+1	-1.318452E+2
1.886478E+1	-1.467839E+1	-1.050850E+2
1.887725E+1	-1.467981E+1	-7.829134E+1
1.888972E+1	-1.467272E+1	-5.169460E+1
1.890220E+1	-1.467489E+1	-2.495314E+1
1.891467E+1	-1.467567E+1	1.831298E+0
1.892715E+1	-1.467543E+1	2.858479E+1
1.893962E+1	-1.468076E+1	5.528268E+1
1.895210E+1	-1.468260E+1	8.195724E+1
1.896457E+1	-1.468718E+1	1.086148E+2
1.897705E+1	-1.469187E+1	1.352381E+2
1.898953E+1	-1.466918E+1	1.620444E+2
1.900200E+1	-1.466866E+1	-1.712923E+2
1.901448E+1	-1.466720E+1	-1.446784E+2
1.902695E+1	-1.465951E+1	-1.180548E+2
1.903943E+1	-1.465364E+1	-9.145848E+1
1.905190E+1	-1.463695E+1	-6.488194E+1
1.906437E+1	-1.463356E+1	-3.825026E+1
1.907685E+1	-1.461682E+1	-1.170300E+1
1.908932E+1	-1.459679E+1	1.488737E+1
1.910180E+1	-1.457736E+1	4.153061E+1
1.911427E+1	-1.455045E+1	6.812509E+1
1.912675E+1	-1.452594E+1	9.476814E+1
1.913922E+1	-1.449277E+1	1.214158E+2
1.915170E+1	-1.446169E+1	1.480898E+2
1.916418E+1	-1.443151E+1	1.747580E+2
1.917665E+1	-1.439250E+1	-1.585223E+2
1.918913E+1	-1.435604E+1	-1.318035E+2
1.920160E+1	-1.432727E+1	-1.050872E+2
1.921408E+1	-1.428753E+1	-7.829402E+1
1.922655E+1	-1.424393E+1	-5.158978E+1
1.923903E+1	-1.420996E+1	-2.475439E+1
1.925150E+1	-1.418715E+1	2.094510E+0
1.926397E+1	-1.416141E+1	2.894404E+1
1.927645E+1	-1.414888E+1	5.579424E+1
1.928892E+1	-1.413376E+1	8.266991E+1
1.930140E+1	-1.412013E+1	1.095912E+2
1.931387E+1	-1.410365E+1	1.364451E+2
1.932635E+1	-1.409327E+1	1.634642E+2
1.933882E+1	-1.408883E+1	-1.696320E+2
1.935130E+1	-1.408947E+1	-1.427545E+2
1.936378E+1	-1.409237E+1	-1.159006E+2
1.937625E+1	-1.409751E+1	-8.910127E+1
1.938873E+1	-1.410979E+1	-6.231805E+1
1.940120E+1	-1.411502E+1	-3.553269E+1
1.941368E+1	-1.412502E+1	-8.761224E+0
1.942615E+1	-1.413789E+1	1.799371E+1
1.943862E+1	-1.414849E+1	4.467339E+1
1.945110E+1	-1.414959E+1	7.133436E+1
1.946357E+1	-1.415469E+1	9.797812E+1
1.947605E+1	-1.415103E+1	1.246124E+2
1.948852E+1	-1.415443E+1	1.512605E+2
1.950100E+1	-1.414425E+1	1.778704E+2
1.951347E+1	-1.413203E+1	-1.555001E+2
1.952595E+1	-1.412390E+1	-1.288756E+2
1.953843E+1	-1.410430E+1	-1.022440E+2
1.955090E+1	-1.408297E+1	-7.564230E+1
1.956338E+1	-1.406920E+1	-4.898225E+1
1.957585E+1	-1.403836E+1	-2.246700E+1
1.958833E+1	-1.401040E+1	4.296117E+0
1.960080E+1	-1.398925E+1	3.099380E+1
1.961328E+1	-1.397092E+1	5.773854E+1
1.962575E+1	-1.395129E+1	8.444409E+1
1.963822E+1	-1.392586E+1	1.112666E+2
1.965070E+1	-1.391576E+1	1.380330E+2
1.966317E+1	-1.389569E+1	1.648510E+2
1.967565E+1	-1.388858E+1	-1.683351E+2
1.968812E+1	-1.387598E+1	-1.415322E+2
1.970060E+1	-1.387275E+1	-1.147543E+2
1.971307E+1	-1.384747E+1	-8.778513E+1
1.972555E+1	-1.384649E+1	-6.096320E+1
1.973803E+1	-1.384454E+1	-3.416609E+1
1.975050E+1	-1.384526E+1	-7.407954E+0
1.976298E+1	-1.384562E+1	1.937433E+1
1.977545E+1	-1.385183E+1	4.612844E+1
1.978793E+1	-1.385525E+1	7.280193E+1
1.980040E+1	-1.385223E+1	9.952908E+1
1.981287E+1	-1.385271E+1	1.262260E+2
1.982535E+1	-1.384786E+1	1.529194E+2
1.983782E+1	-1.384291E+1	1.795844E+2
1.985030E+1	-1.383911E+1	-1.537711E+2
1.986277E+1	-1.383178E+1	-1.271632E+2
1.987525E+1	-1.382385E+1	-1.005077E+2
1.988772E+1	-1.381264E+1	-7.389936E+1
1.990020E+1	-1.380263E+1	-4.733002E+1
1.991268E+1	-1.378263E+1	-2.067408E+1
1.992515E+1	-1.376961E+1	5.968826E+0
1.993763E+1	-1.375039E+1	3.261481E+1
1.995010E+1	-1.372442E+1	5.933351E+1
1.996258E+1	-1.368978E+1	8.601594E+1
1.997505E+1	-1.366711E+1	1.127083E+2
1.998753E+1	-1.364084E+1	1.394590E+2
2.000000E+1	-1.360738E+1	1.661786E+2
