4.000000E-2	-3.141489E-2	-1.255196E+1
5.247500E-2	-3.484864E-2	8.456712E+0
6.495000E-2	-4.684620E-2	2.945429E+1
7.742500E-2	-6.870537E-2	5.042534E+1
8.990000E-2	-6.444184E-2	7.137128E+1
1.023750E-1	-8.360504E-2	9.230628E+1
1.148500E-1	-1.121701E-1	1.132598E+2
1.273250E-1	-1.434188E-1	1.342321E+2
1.398000E-1	-1.734102E-1	1.552142E+2
1.522750E-1	-1.986046E-1	1.762208E+2
1.647500E-1	-2.245712E-1	1.972676E+2
1.772250E-1	-2.477011E-1	2.183247E+2
1.897000E-1	-2.722157E-1	2.393132E+2
2.021750E-1	-3.022624E-1	2.602558E+2
2.146500E-1	-3.379655E-1	-7.879738E+1
2.271250E-1	-3.776570E-1	-5.778128E+1
2.396000E-1	-4.157710E-1	-3.675106E+1
2.520750E-1	-4.571529E-1	-1.570383E+1
2.645500E-1	-4.977135E-1	5.369822E+0
2.770250E-1	-5.397408E-1	2.640092E+1
2.895000E-1	-5.780849E-1	4.738477E+1
3.019750E-1	-6.166654E-1	6.836507E+1
3.144500E-1	-6.650193E-1	8.938194E+1
3.269250E-1	-7.171720E-1	1.104252E+2
3.394000E-1	-7.724584E-1	1.314756E+2
3.518750E-1	-8.220243E-1	1.525202E+2
3.643500E-1	-8.704208E-1	1.735735E+2
3.768250E-1	-9.188328E-1	1.945974E+2
3.893000E-1	-9.738479E-1	2.156317E+2
4.017750E-1	-1.034012E+0	2.366422E+2
4.142500E-1	-1.098034E+0	2.576858E+2
4.267250E-1	-1.164190E+0	2.787430E+2
4.392000E-1	-1.225215E+0	-6.019065E+1
4.516750E-1	-1.286236E+0	-3.913324E+1
4.641500E-1	-1.346682E+0	-1.810589E+1
4.766250E-1	-1.407580E+0	2.904873E+0
4.891000E-1	-1.477576E+0	2.387612E+1
5.015750E-1	-1.554001E+0	4.485108E+1
5.140500E-1	-1.635564E+0	6.590199E+1
5.265250E-1	-1.719097E+0	8.700904E+1
5.390000E-1	-1.801802E+0	1.081350E+2
5.514750E-1	-1.880402E+0	1.292414E+2
5.639500E-1	-1.953444E+0	1.503125E+2
5.764250E-1	-2.025788E+0	1.713354E+2
5.889000E-1	-2.106209E+0	1.923604E+2
6.013750E-1	-2.196448E+0	2.133778E+2
6.138500E-1	-2.298125E+0	2.344219E+2
6.263250E-1	-2.406062E+0	2.555814E+2
6.388000E-1	-2.503704E+0	2.767008E+2
6.512750E-1	-2.596592E+0	-6.216266E+1
6.637500E-1	-2.686514E+0	-4.101084E+1
6.762250E-1	-2.780110E+0	-1.987142E+1
6.887000E-1	-2.880578E+0	1.221671E+0
7.011750E-1	-2.986716E+0	2.230368E+1
7.136500E-1	-3.095461E+0	4.339249E+1
7.261250E-1	-3.204069E+0	6.451076E+1
7.386000E-1	-3.313861E+0	8.568391E+1
7.510750E-1	-3.424458E+0	1.068743E+2
7.635500E-1	-3.538373E+0	1.280409E+2
7.760250E-1	-3.650863E+0	1.491978E+2
7.885000E-1	-3.765927E+0	1.703614E+2
8.009750E-1	-3.881796E+0	1.915353E+2
8.134500E-1	-3.997089E+0	2.127378E+2
8.259250E-1	-4.113035E+0	2.339306E+2
8.384000E-1	-4.232056E+0	2.551142E+2
8.508750E-1	-4.354744E+0	2.762755E+2
8.633500E-1	-4.478827E+0	-6.258257E+1
8.758250E-1	-4.611533E+0	-4.139252E+1
8.883000E-1	-4.749270E+0	-2.018657E+1
9.007750E-1	-4.890775E+0	1.077587E+0
9.132500E-1	-5.024737E+0	2.238005E+1
9.257250E-1	-5.153099E+0	4.369902E+1
9.382000E-1	-5.274442E+0	6.499165E+1
9.506750E-1	-5.396321E+0	8.623979E+1
9.631500E-1	-5.527792E+0	1.074295E+2
9.756250E-1	-5.667264E+0	1.285803E+2
9.881000E-1	-5.823307E+0	1.497107E+2
1.000575E+0	-5.983414E+0	1.709559E+2
1.013050E+0	-6.144666E+0	1.922672E+2
1.025525E+0	-6.303024E+0	2.136619E+2
1.038000E+0	-6.457477E+0	2.350949E+2
1.050475E+0	-6.606035E+0	2.564871E+2
1.062950E+0	-6.747322E+0	2.778399E+2
1.075425E+0	-6.891813E+0	-6.083353E+1
1.087900E+0	-7.040134E+0	-3.950664E+1
1.100375E+0	-7.198254E+0	-1.815001E+1
1.112850E+0	-7.364623E+0	3.232568E+0
1.125325E+0	-7.531570E+0	2.465078E+1
1.137800E+0	-7.694119E+0	4.608204E+1
1.150275E+0	-7.849059E+0	6.752110E+1
1.162750E+0	-7.998567E+0	8.896706E+1
1.175225E+0	-8.151784E+0	1.103754E+2
1.187700E+0	-8.307698E+0	1.317651E+2
1.200175E+0	-8.471681E+0	1.531350E+2
1.212650E+0	-8.643506E+0	1.745094E+2
1.225125E+0	-8.822607E+0	1.959089E+2
1.237600E+0	-9.007536E+0	2.174000E+2
1.250075E+0	-9.189950E+0	2.389566E+2
1.262550E+0	-9.371976E+0	2.605590E+2
1.275025E+0	-9.545552E+0	-7.781316E+1
1.287500E+0	-9.707719E+0	-5.618697E+1
1.299975E+0	-9.861515E+0	-3.461683E+1
1.312450E+0	-1.001514E+1	-1.312184E+1
1.324925E+0	-1.017879E+1	8.296359E+0
1.337400E+0	-1.035614E+1	2.968586E+1
1.349875E+0	-1.054691E+1	5.110184E+1
1.362350E+0	-1.074579E+1	7.258546E+1
1.374825E+0	-1.095635E+1	9.420872E+1
1.387300E+0	-1.116526E+1	1.159404E+2
1.399775E+0	-1.136322E+1	1.377563E+2
1.412250E+0	-1.154352E+1	1.595948E+2
1.424725E+0	-1.170795E+1	1.814007E+2
1.437200E+0	-1.186336E+1	2.031147E+2
1.449675E+0	-1.202390E+1	2.247695E+2
1.462150E+0	-1.219379E+1	2.463616E+2
1.474625E+0	-1.238018E+1	2.679510E+2
1.487100E+0	-1.257250E+1	-7.043625E+1
1.499575E+0	-1.276428E+1	-4.875324E+1
1.512050E+0	-1.295169E+1	-2.700111E+1
1.524525E+0	-1.313429E+1	-5.242855E+0
1.537000E+0	-1.330963E+1	1.655810E+1
1.549475E+0	-1.348479E+1	3.826915E+1
1.561950E+0	-1.366639E+1	5.990030E+1
1.574425E+0	-1.385417E+1	8.150490E+1
1.586900E+0	-1.405734E+1	1.031146E+2
1.599375E+0	-1.426743E+1	1.248467E+2
1.611850E+0	-1.448929E+1	1.467128E+2
1.624325E+0	-1.470232E+1	1.686586E+2
1.636800E+0	-1.490076E+1	1.906766E+2
1.649275E+0	-1.507961E+1	2.126636E+2
1.661750E+0	-1.524436E+1	2.346098E+2
1.674225E+0	-1.540433E+1	2.564720E+2
1.686700E+0	-1.557199E+1	2.782432E+2
1.699175E+0	-1.575601E+1	-6.004724E+1
1.711650E+0	-1.595556E+1	-3.834093E+1
1.724125E+0	-1.617247E+1	-1.656743E+1
1.736600E+0	-1.639312E+1	5.322964E+0
1.749075E+0	-1.660747E+1	2.734078E+1
1.761550E+0	-1.681090E+1	4.946150E+1
1.774025E+0	-1.699407E+1	7.158976E+1
1.786500E+0	-1.716340E+1	9.369091E+1
1.798975E+0	-1.731742E+1	1.156872E+2
1.811450E+0	-1.747556E+1	1.375685E+2
1.823925E+0	-1.764453E+1	1.593782E+2
1.836400E+0	-1.783087E+1	1.811388E+2
1.848875E+0	-1.803418E+1	2.029416E+2
1.861350E+0	-1.824627E+1	2.248400E+2
1.873825E+0	-1.845869E+1	2.468562E+2
1.886300E+0	-1.866034E+1	2.689499E+2
1.898775E+0	-1.884786E+1	-6.892627E+1
1.911250E+0	-1.902531E+1	-4.684412E+1
1.923725E+0	-1.919580E+1	-2.485639E+1
1.936200E+0	-1.936769E+1	-2.977571E+0
1.948675E+0	-1.955161E+1	1.890762E+1
1.961150E+0	-1.975620E+1	4.080538E+1
1.973625E+0	-1.997321E+1	6.282975E+1
1.986100E+0	-2.019619E+1	8.493152E+1
1.998575E+0	-2.041010E+1	1.071377E+2
2.011050E+0	-2.060551E+1	1.294258E+2
2.023525E+0	-2.077448E+1	1.514894E+2
2.036000E+0	-2.092770E+1	1.736686E+2
2.048475E+0	-2.108042E+1	1.957180E+2
2.060950E+0	-2.125241E+1	2.175931E+2
2.073425E+0	-2.143977E+1	2.394375E+2
2.085900E+0	-2.164350E+1	2.613018E+2
2.098375E+0	-2.186430E+1	-7.669793E+1
2.110850E+0	-2.208547E+1	-5.454007E+1
2.123325E+0	-2.229595E+1	-3.223420E+1
2.135800E+0	-2.248708E+1	-9.855377E+0
2.148275E+0	-2.266044E+1	1.247063E+1
2.160750E+0	-2.281251E+1	3.471390E+1
2.173225E+0	-2.296404E+1	5.675983E+1
2.185700E+0	-2.312265E+1	7.872284E+1
2.198175E+0	-2.330248E+1	1.006238E+2
2.210650E+0	-2.350224E+1	1.225380E+2
2.223125E+0	-2.371900E+1	1.445582E+2
2.235600E+0	-2.394276E+1	1.667647E+2
2.248075E+0	-2.415349E+1	1.890904E+2
2.260550E+0	-2.433986E+1	2.114849E+2
2.273025E+0	-2.450713E+1	2.338409E+2
2.285500E+0	-2.465748E+1	2.560567E+2
2.297975E+0	-2.481215E+1	2.781345E+2
2.310450E+0	-2.498129E+1	-5.992245E+1
2.322925E+0	-2.517986E+1	-3.800245E+1
2.335400E+0	-2.539966E+1	-1.601699E+1
2.347875E+0	-2.563265E+1	6.135004E+0
2.360350E+0	-2.586446E+1	2.847832E+1
2.372825E+0	-2.606991E+1	5.099550E+1
2.385300E+0	-2.625222E+1	7.356631E+1
2.397775E+0	-2.640119E+1	9.608627E+1
2.410250E+0	-2.652936E+1	1.184541E+2
2.422725E+0	-2.666379E+1	1.405935E+2
2.435200E+0	-2.681140E+1	1.625284E+2
2.447675E+0	-2.698353E+1	1.844039E+2
2.460150E+0	-2.719149E+1	2.063473E+2
2.472625E+0	-2.740596E+1	2.284325E+2
2.485100E+0	-2.762816E+1	2.507121E+2
2.497575E+0	-2.783972E+1	2.731111E+2
2.510050E+0	-2.802418E+1	-6.447166E+1
2.522525E+0	-2.818731E+1	-4.211613E+1
2.535000E+0	-2.833875E+1	-1.988456E+1
2.547475E+0	-2.849347E+1	2.185436E+0
2.559950E+0	-2.867897E+1	2.421610E+1
2.572425E+0	-2.888483E+1	4.627433E+1
2.584900E+0	-2.911924E+1	6.843046E+1
2.597375E+0	-2.935701E+1	9.079743E+1
2.609850E+0	-2.956627E+1	1.133526E+2
2.622325E+0	-2.974069E+1	1.360485E+2
2.634800E+0	-2.988572E+1	1.586621E+2
2.647275E+0	-3.000667E+1	1.810723E+2
2.659750E+0	-3.011700E+1	2.031948E+2
2.672225E+0	-3.025410E+1	2.250482E+2
2.684700E+0	-3.042155E+1	2.468909E+2
2.697175E+0	-3.063497E+1	2.687035E+2
2.709650E+0	-3.088019E+1	-6.926326E+1
2.722125E+0	-3.113420E+1	-4.694651E+1
2.734600E+0	-3.136626E+1	-2.435414E+1
2.747075E+0	-3.156600E+1	-1.655578E+0
2.759550E+0	-3.172713E+1	2.102798E+1
2.772025E+0	-3.185574E+1	4.353111E+1
2.784500E+0	-3.196647E+1	6.578520E+1
2.796975E+0	-3.209908E+1	8.775243E+1
2.809450E+0	-3.226468E+1	1.095096E+2
2.821925E+0	-3.247500E+1	1.313637E+2
2.834400E+0	-3.272915E+1	1.533944E+2
2.846875E+0	-3.298211E+1	1.756742E+2
2.859350E+0	-3.322395E+1	1.981845E+2
2.871825E+0	-3.344295E+1	2.209118E+2
2.884300E+0	-3.362364E+1	2.435985E+2
2.896775E+0	-3.377028E+1	2.662003E+2
2.909250E+0	-3.391953E+1	-7.140666E+1
2.921725E+0	-3.408273E+1	-4.916652E+1
2.934200E+0	-3.425831E+1	-2.701544E+1
2.946675E+0	-3.445556E+1	-4.752493E+0
2.959150E+0	-3.465012E+1	1.765980E+1
2.971625E+0	-3.484320E+1	4.023634E+1
2.984100E+0	-3.499740E+1	6.286992E+1
2.996575E+0	-3.512382E+1	8.542116E+1
3.009050E+0	-3.522983E+1	1.077282E+2
3.021525E+0	-3.534319E+1	1.296753E+2
3.034000E+0	-3.547438E+1	1.514076E+2
3.046475E+0	-3.566552E+1	1.730783E+2
3.058950E+0	-3.591349E+1	1.947764E+2
3.071425E+0	-3.620097E+1	2.167774E+2
3.083900E+0	-3.649073E+1	2.391566E+2
3.096375E+0	-3.676753E+1	2.618603E+2
3.108850E+0	-3.698792E+1	-7.527278E+1
3.121325E+0	-3.715529E+1	-5.228257E+1
3.133800E+0	-3.727656E+1	-2.961924E+1
3.146275E+0	-3.737885E+1	-7.271415E+0
3.158750E+0	-3.749955E+1	1.480269E+1
3.171225E+0	-3.768278E+1	3.654107E+1
3.183700E+0	-3.790756E+1	5.842633E+1
3.196175E+0	-3.817113E+1	8.043089E+1
3.208650E+0	-3.845667E+1	1.027688E+2
3.221125E+0	-3.871755E+1	1.254951E+2
3.233600E+0	-3.895289E+1	1.484512E+2
3.246075E+0	-3.911954E+1	1.712966E+2
3.258550E+0	-3.927562E+1	1.941612E+2
3.271025E+0	-3.939031E+1	2.168063E+2
3.283500E+0	-3.951265E+1	2.390676E+2
3.295975E+0	-3.965714E+1	2.613021E+2
3.308450E+0	-3.984994E+1	-7.649295E+1
3.320925E+0	-4.004247E+1	-5.417815E+1
3.333400E+0	-4.023332E+1	-3.184194E+1
3.345875E+0	-4.040609E+1	-9.412344E+0
3.358350E+0	-4.054943E+1	1.302777E+1
3.370825E+0	-4.068028E+1	3.536723E+1
3.383300E+0	-4.082529E+1	5.726948E+1
3.395775E+0	-4.098354E+1	7.908386E+1
3.408250E+0	-4.119571E+1	1.009100E+2
3.420725E+0	-4.145149E+1	1.227141E+2
3.433200E+0	-4.176533E+1	1.448536E+2
3.445675E+0	-4.208356E+1	1.673532E+2
3.458150E+0	-4.236451E+1	1.903021E+2
3.470625E+0	-4.257751E+1	2.134003E+2
3.483100E+0	-4.274513E+1	2.364846E+2
3.495575E+0	-4.284671E+1	2.593699E+2
3.508050E+0	-4.295540E+1	-7.830027E+1
3.520525E+0	-4.309847E+1	-5.622345E+1
3.533000E+0	-4.329335E+1	-3.451243E+1
3.545475E+0	-4.350971E+1	-1.244065E+1
3.557950E+0	-4.378505E+1	9.791946E+0
3.570425E+0	-4.408394E+1	3.234893E+1
3.582900E+0	-4.430380E+1	5.537103E+1
3.595375E+0	-4.449328E+1	7.854085E+1
3.607850E+0	-4.464120E+1	1.012499E+2
3.620325E+0	-4.472958E+1	1.239923E+2
3.632800E+0	-4.483115E+1	1.460709E+2
3.645275E+0	-4.497267E+1	1.678889E+2
3.657750E+0	-4.515883E+1	1.896091E+2
3.670225E+0	-4.541215E+1	2.115987E+2
3.682700E+0	-4.567365E+1	2.337875E+2
3.695175E+0	-4.595887E+1	2.563756E+2
3.707650E+0	-4.620491E+1	2.792090E+2
3.720125E+0	-4.641558E+1	-5.814265E+1
3.732600E+0	-4.657963E+1	-3.539507E+1
3.745075E+0	-4.674532E+1	-1.303015E+1
3.757550E+0	-4.689097E+1	9.175236E+0
3.770025E+0	-4.713332E+1	3.114436E+1
3.782500E+0	-4.738701E+1	5.318824E+1
3.794975E+0	-4.771870E+1	7.589712E+1
3.807450E+0	-4.801670E+1	9.891618E+1
3.819925E+0	-4.824575E+1	1.223049E+2
3.832400E+0	-4.845038E+1	1.455462E+2
3.844875E+0	-4.848009E+1	1.692156E+2
3.857350E+0	-4.853721E+1	1.916358E+2
3.869825E+0	-4.858160E+1	2.136210E+2
3.882300E+0	-4.867742E+1	2.351717E+2
3.894775E+0	-4.887172E+1	2.568000E+2
3.907250E+0	-4.912444E+1	2.783840E+2
3.919725E+0	-4.943203E+1	-5.969608E+1
3.932200E+0	-4.975880E+1	-3.729126E+1
3.944675E+0	-5.002875E+1	-1.416078E+1
3.957150E+0	-5.023675E+1	8.519982E+0
3.969625E+0	-5.039720E+1	3.151923E+1
3.982100E+0	-5.050423E+1	5.430495E+1
3.994575E+0	-5.067743E+1	7.583572E+1
4.007050E+0	-5.082685E+1	9.785638E+1
4.019525E+0	-5.111129E+1	1.194305E+2
4.032000E+0	-5.146395E+1	1.413242E+2
4.044475E+0	-5.184132E+1	1.637577E+2
4.056950E+0	-5.213978E+1	1.869164E+2
4.069425E+0	-5.250652E+1	2.107708E+2
4.081900E+0	-5.273423E+1	2.339788E+2
4.094375E+0	-5.282701E+1	2.577665E+2
4.106850E+0	-5.291697E+1	-7.940977E+1
4.119325E+0	-5.302111E+1	-5.719837E+1
4.131800E+0	-5.319035E+1	-3.485875E+1
4.144275E+0	-5.336936E+1	-1.319280E+1
4.156750E+0	-5.364875E+1	9.227147E+0
4.169225E+0	-5.396451E+1	3.156321E+1
4.181700E+0	-5.420213E+1	5.497083E+1
4.194175E+0	-5.432325E+1	7.903609E+1
4.206650E+0	-5.440189E+1	1.019400E+2
4.219125E+0	-5.444955E+1	1.249488E+2
4.231600E+0	-5.440441E+1	1.469598E+2
4.244075E+0	-5.454895E+1	1.680352E+2
4.256550E+0	-5.471178E+1	1.897184E+2
4.269025E+0	-5.498284E+1	2.110298E+2
4.281500E+0	-5.531822E+1	2.321444E+2
4.293975E+0	-5.565575E+1	2.550230E+2
4.306450E+0	-5.603318E+1	2.781554E+2
4.318925E+0	-5.637535E+1	-5.932563E+1
4.331400E+0	-5.646661E+1	-3.569029E+1
4.343875E+0	-5.664074E+1	-1.231789E+1
4.356350E+0	-5.684419E+1	9.621065E+0
4.368825E+0	-5.703783E+1	3.035404E+1
4.381300E+0	-5.721103E+1	5.235556E+1
4.393775E+0	-5.768373E+1	7.470288E+1
4.406250E+0	-5.806683E+1	9.768670E+1
4.418725E+0	-5.841319E+1	1.210062E+2
4.431200E+0	-5.878645E+1	1.450126E+2
4.443675E+0	-5.902266E+1	1.690878E+2
4.456150E+0	-5.911721E+1	1.920832E+2
4.468625E+0	-5.895852E+1	2.150602E+2
4.481100E+0	-5.909572E+1	2.391814E+2
4.493575E+0	-5.914866E+1	2.610047E+2
4.506050E+0	-5.929739E+1	-7.758859E+1
4.518525E+0	-5.966513E+1	-5.592077E+1
4.531000E+0	-5.996566E+1	-3.263992E+1
4.543475E+0	-6.012104E+1	-1.039954E+1
4.555950E+0	-6.041287E+1	1.241523E+1
4.568425E+0	-6.052208E+1	3.614329E+1
4.580900E+0	-6.052930E+1	5.811216E+1
4.593375E+0	-6.079864E+1	7.972515E+1
4.605850E+0	-6.079062E+1	1.020577E+2
4.618325E+0	-6.096419E+1	1.240905E+2
4.630800E+0	-6.136174E+1	1.451385E+2
4.643275E+0	-6.187320E+1	1.675915E+2
4.655750E+0	-6.212603E+1	1.896143E+2
4.668225E+0	-6.246666E+1	2.137211E+2
4.680700E+0	-6.286937E+1	2.373647E+2
4.693175E+0	-6.315873E+1	2.621898E+2
4.705650E+0	-6.315647E+1	-7.594468E+1
4.718125E+0	-6.307111E+1	-5.365432E+1
4.730600E+0	-6.335870E+1	-3.120550E+1
4.743075E+0	-6.338111E+1	-9.097690E+0
4.755550E+0	-6.390703E+1	1.399429E+1
4.768025E+0	-6.424087E+1	3.445824E+1
4.780500E+0	-6.450927E+1	5.794140E+1
4.792975E+0	-6.477647E+1	8.256221E+1
4.805450E+0	-6.493045E+1	1.060337E+2
4.817925E+0	-6.530215E+1	1.281724E+2
4.830400E+0	-6.508598E+1	1.516716E+2
4.842875E+0	-6.542776E+1	1.753464E+2
4.855350E+0	-6.549143E+1	1.957688E+2
4.867825E+0	-6.560008E+1	2.174036E+2
4.880300E+0	-6.612321E+1	2.399950E+2
4.892775E+0	-6.680194E+1	2.598305E+2
4.905250E+0	-6.683269E+1	-7.469527E+1
4.917725E+0	-6.749265E+1	-4.978902E+1
4.930200E+0	-6.749912E+1	-2.668361E+1
4.942675E+0	-6.749122E+1	-5.319143E-1
4.955150E+0	-6.730814E+1	2.163049E+1
4.967625E+0	-6.767671E+1	4.405595E+1
4.980100E+0	-6.768538E+1	6.573304E+1
4.992575E+0	-6.791584E+1	8.782014E+1
5.005050E+0	-6.844380E+1	1.089269E+2
5.017525E+0	-6.900419E+1	1.329058E+2
5.030000E+0	-6.881957E+1	1.542892E+2
5.042475E+0	-6.895948E+1	1.795663E+2
5.054950E+0	-6.912171E+1	2.038090E+2
5.067425E+0	-6.920795E+1	2.284420E+2
5.079900E+0	-6.946683E+1	2.500380E+2
5.092375E+0	-6.916135E+1	2.715497E+2
5.104850E+0	-6.940495E+1	-6.567346E+1
5.117325E+0	-6.967193E+1	-4.646317E+1
5.129800E+0	-7.014041E+1	-2.337292E+1
5.142275E+0	-7.074201E+1	-6.493806E-1
5.154750E+0	-7.112326E+1	2.520668E+1
5.167225E+0	-7.155667E+1	4.756564E+1
5.179700E+0	-7.135018E+1	7.082668E+1
5.192175E+0	-7.200255E+1	9.246233E+1
5.204650E+0	-7.147035E+1	1.136608E+2
5.217125E+0	-7.186744E+1	1.399513E+2
5.229600E+0	-7.191824E+1	1.656252E+2
5.242075E+0	-7.195738E+1	1.862567E+2
5.254550E+0	-7.311356E+1	2.083111E+2
5.267025E+0	-7.321378E+1	2.302242E+2
5.279500E+0	-7.394065E+1	2.569602E+2
5.291975E+0	-7.390503E+1	2.780417E+2
5.304450E+0	-7.373827E+1	-5.885732E+1
5.316925E+0	-7.419205E+1	-3.301008E+1
5.329400E+0	-7.432100E+1	-1.373192E+1
5.341875E+0	-7.437431E+1	6.336675E+0
5.354350E+0	-7.426949E+1	3.068226E+1
5.366825E+0	-7.501289E+1	5.014846E+1
5.379300E+0	-7.559289E+1	7.454297E+1
5.391775E+0	-7.614864E+1	1.029562E+2
5.404250E+0	-7.539139E+1	1.216283E+2
5.416725E+0	-7.675261E+1	1.475702E+2
5.429200E+0	-7.734585E+1	1.641392E+2
5.441675E+0	-7.691348E+1	1.917200E+2
5.454150E+0	-7.752385E+1	2.121139E+2
5.466625E+0	-7.724904E+1	2.330334E+2
5.479100E+0	-7.750539E+1	2.590471E+2
5.491575E+0	-7.803072E+1	-7.647028E+1
5.504050E+0	-8.090488E+1	-5.891642E+1
5.516525E+0	-8.042491E+1	-2.850289E+1
5.529000E+0	-8.114686E+1	-5.801327E-2
5.541475E+0	-8.134410E+1	2.569424E+1
5.553950E+0	-8.140956E+1	6.317229E+1
5.566425E+0	-8.082546E+1	9.009939E+1
5.578900E+0	-7.943433E+1	1.082875E+2
5.591375E+0	-8.011443E+1	1.235890E+2
5.603850E+0	-7.982237E+1	1.473408E+2
5.616325E+0	-8.022951E+1	1.666623E+2
5.628800E+0	-8.156135E+1	1.834872E+2
5.641275E+0	-8.256463E+1	2.124791E+2
5.653750E+0	-8.737435E+1	2.406566E+2
5.666225E+0	-8.344399E+1	2.552144E+2
5.678700E+0	-8.378397E+1	-7.994321E+1
5.691175E+0	-8.516479E+1	-3.905985E+1
5.703650E+0	-8.872514E+1	-3.023178E+0
5.716125E+0	-8.475105E+1	2.411286E+0
5.728600E+0	-8.823981E+1	4.127622E+1
5.741075E+0	-8.749497E+1	4.028202E+1
5.753550E+0	-8.935813E+1	6.209080E+1
5.766025E+0	-8.667172E+1	1.217385E+2
5.778500E+0	-8.603300E+1	1.542144E+2
5.790975E+0	-8.460889E+1	1.565623E+2
5.803450E+0	-8.546812E+1	1.612580E+2
5.815925E+0	-8.593367E+1	1.940623E+2
5.828400E+0	-8.598643E+1	2.208861E+2
5.840875E+0	-8.510583E+1	2.297005E+2
5.853350E+0	-8.443089E+1	2.536027E+2
5.865825E+0	-8.954002E+1	2.711076E+2
5.878300E+0	-8.618422E+1	-5.413398E+1
5.890775E+0	-8.512100E+1	-3.174086E+1
5.903250E+0	-8.599694E+1	-1.866082E+1
5.915725E+0	-8.657694E+1	-1.620700E+0
5.928200E+0	-8.804058E+1	2.275328E+1
5.940675E+0	-8.627338E+1	3.628783E+1
5.953150E+0	-8.707102E+1	5.533522E+1
5.965625E+0	-8.801300E+1	6.994634E+1
5.978100E+0	-8.553434E+1	9.018400E+1
5.990575E+0	-8.989518E+1	9.415593E+1
6.003050E+0	-8.761615E+1	1.258366E+2
6.015525E+0	-8.699949E+1	1.390659E+2
6.028000E+0	-8.866607E+1	1.315106E+2
6.040475E+0	-8.802319E+1	1.286835E+2
6.052950E+0	-8.570458E+1	1.396691E+2
6.065425E+0	-8.317422E+1	1.455603E+2
6.077900E+0	-8.227271E+1	1.511824E+2
6.090375E+0	-8.265233E+1	1.533080E+2
6.102850E+0	-8.197488E+1	1.744326E+2
6.115325E+0	-7.946971E+1	1.724763E+2
6.127800E+0	-8.291194E+1	1.888508E+2
6.140275E+0	-8.087875E+1	2.036959E+2
6.152750E+0	-8.244067E+1	2.272165E+2
6.165225E+0	-8.219087E+1	2.559995E+2
6.177700E+0	-8.221759E+1	2.579804E+2
6.190175E+0	-8.128503E+1	-7.282953E+1
6.202650E+0	-8.134186E+1	-6.506313E+1
6.215125E+0	-8.116231E+1	-5.179180E+1
6.227600E+0	-8.495302E+1	-3.984493E+1
6.240075E+0	-8.564200E+1	-8.604200E+0
6.252550E+0	-8.440826E+1	1.299178E+1
6.265025E+0	-8.466055E+1	3.137906E+1
6.277500E+0	-8.290692E+1	5.261027E+1
6.289975E+0	-8.526398E+1	5.390820E+1
6.302450E+0	-8.671712E+1	7.027913E+1
6.314925E+0	-8.549824E+1	8.846040E+1
6.327400E+0	-8.626727E+1	9.141274E+1
6.339875E+0	-8.543483E+1	9.878079E+1
6.352350E+0	-8.839451E+1	1.055887E+2
6.364825E+0	-9.363274E+1	1.019642E+2
6.377300E+0	-9.121266E+1	1.680924E+2
6.389775E+0	-9.723220E+1	1.813826E+2
6.402250E+0	-9.075358E+1	1.202064E+2
6.414725E+0	-1.109747E+2	1.330280E+2
6.427200E+0	-1.019378E+2	9.994266E-1
6.439675E+0	-8.998952E+1	2.565857E+1
6.452150E+0	-8.630903E+1	9.105877E+0
6.464625E+0	-9.050251E+1	2.600774E+0
6.477100E+0	-9.107108E+1	2.702884E+1
6.489575E+0	-9.295403E+1	7.179639E+1
6.502050E+0	-9.723769E+1	2.058022E+2
6.514525E+0	-9.495360E+1	1.916058E+2
6.527000E+0	-1.032518E+2	2.100598E+2
6.539475E+0	-9.673264E+1	2.554476E+2
6.551950E+0	-9.006921E+1	-5.781507E+1
6.564425E+0	-9.377563E+1	-8.683114E+0
6.576900E+0	-9.592020E+1	-2.877904E+1
6.589375E+0	-9.071262E+1	5.472953E+1
6.601850E+0	-9.005070E+1	4.061596E+1
6.614325E+0	-9.188642E+1	4.080116E+1
6.626800E+0	-9.317212E+1	6.228816E+1
6.639275E+0	-9.192155E+1	9.772993E+1
6.651750E+0	-9.929999E+1	1.971195E+2
6.664225E+0	-9.226920E+1	2.031656E+2
6.676700E+0	-9.055280E+1	2.255128E+2
6.689175E+0	-9.959251E+1	2.471823E+2
6.701650E+0	-8.949500E+1	2.486223E+2
6.714125E+0	-8.922966E+1	-7.906640E+1
6.726600E+0	-9.162379E+1	-2.192089E+1
6.739075E+0	-9.080053E+1	-3.827090E+1
6.751550E+0	-9.055499E+1	-8.573857E+0
6.764025E+0	-9.133525E+1	3.889582E+1
6.776500E+0	-8.530634E+1	1.339444E+0
6.788975E+0	-8.723736E+1	5.936754E+0
6.801450E+0	-9.179700E+1	-3.554636E+0
6.813925E+0	-9.105414E+1	2.327575E+1
6.826400E+0	-9.144399E+1	7.586275E+1
6.838875E+0	-8.709222E+1	1.087683E+2
6.851350E+0	-9.146181E+1	1.047889E+2
6.863825E+0	-8.900608E+1	1.326763E+2
6.876300E+0	-9.021668E+1	1.614156E+2
6.888775E+0	-8.974638E+1	1.938136E+2
6.901250E+0	-9.095481E+1	2.202473E+2
6.913725E+0	-8.727357E+1	2.408941E+2
6.926200E+0	-8.751688E+1	2.506274E+2
6.938675E+0	-9.503997E+1	-7.278846E+1
6.951150E+0	-9.086685E+1	-3.955313E+1
6.963625E+0	-8.864150E+1	-3.245332E+1
6.976100E+0	-9.514738E+1	4.423703E+1
6.988575E+0	-9.328876E+1	1.504194E+1
7.001050E+0	-8.738168E+1	7.081409E+1
7.013525E+0	-8.584808E+1	1.003529E+2
7.026000E+0	-8.562559E+1	1.210263E+2
7.038475E+0	-8.978521E+1	1.233823E+2
7.050950E+0	-8.766241E+1	1.814289E+2
7.063425E+0	-8.912981E+1	2.125531E+2
7.075900E+0	-8.937455E+1	1.935333E+2
7.088375E+0	-8.994511E+1	2.289633E+2
7.100850E+0	-9.739928E+1	2.557609E+2
7.113325E+0	-9.433061E+1	2.229215E+2
7.125800E+0	-9.619148E+1	-4.120237E+1
7.138275E+0	-9.665713E+1	1.721531E+1
7.150750E+0	-8.939059E+1	1.003130E+2
7.163225E+0	-9.183200E+1	7.304581E+1
7.175700E+0	-9.447894E+1	7.166528E+1
7.188175E+0	-9.825260E+1	7.123773E+1
7.200650E+0	-9.447273E+1	8.494444E+1
7.213125E+0	-9.881102E+1	1.266137E+2
7.225600E+0	-9.911659E+1	1.500923E+2
7.238075E+0	-9.291624E+1	1.801894E+2
7.250550E+0	-1.032660E+2	2.401227E+2
7.263025E+0	-9.300266E+1	2.043203E+2
7.275500E+0	-9.773943E+1	1.731133E+2
7.287975E+0	-1.008999E+2	2.260883E+2
7.300450E+0	-9.115820E+1	2.026967E+2
7.312925E+0	-8.944177E+1	2.086897E+2
7.325400E+0	-9.612552E+1	2.457601E+2
7.337875E+0	-9.388444E+1	2.414586E+2
7.350350E+0	-9.556826E+1	1.720975E+2
7.362825E+0	-1.002387E+2	8.067023E+1
7.375300E+0	-1.017863E+2	3.425545E+1
7.387775E+0	-1.034663E+2	-2.970210E+1
7.400250E+0	-9.186882E+1	7.443546E+1
7.412725E+0	-9.480202E+1	1.973286E+2
7.425200E+0	-9.686151E+1	1.914876E+2
7.437675E+0	-9.778133E+1	2.672454E+2
7.450150E+0	-9.920190E+1	2.508621E+2
7.462625E+0	-8.864809E+1	-5.877662E+1
7.475100E+0	-9.186317E+1	-3.783510E+1
7.487575E+0	-9.333959E+1	-1.889256E+1
7.500050E+0	-8.980331E+1	1.011675E+1
7.512525E+0	-9.496947E+1	1.520363E+1
7.525000E+0	-9.416676E+1	2.949361E+1
7.537475E+0	-9.241193E+1	7.011384E+1
7.549950E+0	-9.409071E+1	1.345354E+2
7.562425E+0	-9.693070E+1	1.637863E+2
7.574900E+0	-9.598302E+1	1.729137E+2
7.587375E+0	-9.189942E+1	1.911828E+2
7.599850E+0	-8.889472E+1	2.261539E+2
7.612325E+0	-1.062671E+2	2.393645E+2
7.624800E+0	-9.246832E+1	-6.544217E+1
7.637275E+0	-9.818165E+1	1.951131E+2
7.649750E+0	-1.058441E+2	3.840281E+1
7.662225E+0	-9.742236E+1	1.881489E+1
7.674700E+0	-9.981945E+1	3.903255E+0
7.687175E+0	-9.753687E+1	9.412637E+1
7.699650E+0	-1.069736E+2	1.865824E+2
7.712125E+0	-1.059745E+2	-6.475833E+0
7.724600E+0	-1.082940E+2	-6.993678E+1
7.737075E+0	-1.096765E+2	5.952792E+1
7.749550E+0	-1.044296E+2	2.589598E+2
7.762025E+0	-9.395963E+1	1.095228E+2
7.774500E+0	-1.025872E+2	9.416925E+1
7.786975E+0	-9.738251E+1	1.924084E+2
7.799450E+0	-9.812681E+1	-6.355927E+1
7.811925E+0	-9.267849E+1	1.902297E+2
7.824400E+0	-9.639413E+1	-3.461906E+1
7.836875E+0	-9.673907E+1	2.210254E+2
7.849350E+0	-9.447361E+1	2.721172E+2
7.861825E+0	-9.394928E+1	-4.619788E+1
7.874300E+0	-9.764616E+1	4.366542E+1
7.886775E+0	-9.263495E+1	4.117004E+1
7.899250E+0	-9.589514E+1	2.896345E+1
7.911725E+0	-9.217065E+1	8.895885E+1
7.924200E+0	-9.174217E+1	1.340963E+2
7.936675E+0	-9.078811E+1	9.956097E+1
7.949150E+0	-9.459109E+1	1.183871E+2
7.961625E+0	-9.241130E+1	1.776637E+2
7.974100E+0	-9.034714E+1	2.178017E+2
7.986575E+0	-9.862843E+1	-7.724721E+1
7.999050E+0	-9.650350E+1	-7.097456E+1
8.011525E+0	-9.386828E+1	1.776903E+1
8.024000E+0	-9.840468E+1	2.721169E+2
8.036475E+0	-9.653130E+1	-6.842907E+1
8.048950E+0	-1.040292E+2	-1.595038E+0
8.061425E+0	-1.011424E+2	4.312776E+1
8.073900E+0	-9.259412E+1	5.501766E+1
8.086375E+0	-9.279824E+1	9.428825E+1
8.098850E+0	-8.999099E+1	1.555335E+2
8.111325E+0	-9.812833E+1	1.239591E+2
8.123800E+0	-9.658879E+1	-6.161004E+1
8.136275E+0	-9.723695E+1	-7.163632E+1
8.148750E+0	-9.857856E+1	-6.960857E+1
8.161225E+0	-1.141090E+2	3.430801E+1
8.173700E+0	-1.024419E+2	1.977174E+2
8.186175E+0	-9.788708E+1	2.732485E+1
8.198650E+0	-9.756487E+1	6.680310E+1
8.211125E+0	-9.608032E+1	1.848776E+2
8.223600E+0	-9.780085E+1	-5.972914E-1
8.236075E+0	-9.601501E+1	9.412400E+1
8.248550E+0	-9.691698E+1	2.746076E+1
8.261025E+0	-9.774079E+1	-6.981758E+1
8.273500E+0	-1.011905E+2	1.786178E+2
8.285975E+0	-9.219056E+1	2.521338E+2
8.298450E+0	-9.409222E+1	1.686673E+2
8.310925E+0	-1.056179E+2	9.964952E+1
8.323400E+0	-9.943326E+1	1.454454E+2
8.335875E+0	-1.013783E+2	2.717959E+2
8.348350E+0	-9.617489E+1	-6.555927E+1
8.360825E+0	-9.726700E+1	-6.298602E+1
8.373300E+0	-1.064531E+2	9.088924E+1
8.385775E+0	-1.083352E+2	-4.507817E+1
8.398250E+0	-9.643126E+1	-4.785680E+1
8.410725E+0	-9.634411E+1	2.714857E+2
8.423200E+0	-9.236033E+1	7.656250E+1
8.435675E+0	-1.074844E+2	8.867074E+0
8.448150E+0	-9.481534E+1	1.338344E+2
8.460625E+0	-1.031431E+2	2.076665E+2
8.473100E+0	-1.035326E+2	2.683081E+2
8.485575E+0	-9.922198E+1	1.705881E+2
8.498050E+0	-9.222062E+1	1.592485E+2
8.510525E+0	-9.641319E+1	2.533130E+2
8.523000E+0	-9.482006E+1	2.590862E+2
8.535475E+0	-9.712379E+1	-2.461349E+1
8.547950E+0	-1.062635E+2	1.061034E+2
8.560425E+0	-9.199544E+1	-5.255699E+1
8.572900E+0	-1.012375E+2	7.401548E+1
8.585375E+0	-9.669349E+1	3.761048E+1
8.597850E+0	-1.032819E+2	1.624746E+2
8.610325E+0	-1.040318E+2	-5.468627E+1
8.622800E+0	-9.813798E+1	-2.426984E+1
8.635275E+0	-9.493931E+1	2.482574E+2
8.647750E+0	-9.746825E+1	-1.152626E+1
8.660225E+0	-9.777334E+1	-6.847799E+1
8.672700E+0	-1.015254E+2	-7.869873E+1
8.685175E+0	-9.276723E+1	5.773110E+1
8.697650E+0	-9.563203E+1	3.017283E+1
8.710125E+0	-9.928286E+1	1.442632E+2
8.722600E+0	-9.896333E+1	1.816855E+2
8.735075E+0	-1.019206E+2	-3.427352E+1
8.747550E+0	-9.465952E+1	-2.921052E+1
8.760025E+0	-1.027423E+2	7.776530E+1
8.772500E+0	-1.070838E+2	1.777146E+2
8.784975E+0	-1.023102E+2	-2.813396E+0
8.797450E+0	-9.669675E+1	1.304934E+2
8.809925E+0	-9.834609E+1	1.943687E+2
8.822400E+0	-8.932925E+1	1.314798E+2
8.834875E+0	-1.010510E+2	-5.054200E+1
8.847350E+0	-8.987690E+1	1.990910E+2
8.859825E+0	-9.809198E+1	1.948055E+2
8.872300E+0	-9.576170E+1	1.387087E+2
8.884775E+0	-9.149448E+1	2.615570E+2
8.897250E+0	-1.045558E+2	2.534205E+2
8.909725E+0	-9.829627E+1	4.131181E+1
8.922200E+0	-9.319309E+1	-3.045170E+1
8.934675E+0	-9.052165E+1	3.244536E+0
8.947150E+0	-9.479478E+1	1.093242E-1
8.959625E+0	-9.268802E+1	6.214639E+0
8.972100E+0	-9.461192E+1	9.517901E+1
8.984575E+0	-9.724306E+1	2.020665E+2
8.997050E+0	-9.946440E+1	9.709103E+1
9.009525E+0	-9.575647E+1	4.799376E+1
9.022000E+0	-9.744613E+1	2.499916E+2
9.034475E+0	-1.036051E+2	-3.867572E+1
9.046950E+0	-9.892403E+1	-6.677832E+1
9.059425E+0	-9.613547E+1	1.667273E+2
9.071900E+0	-9.171872E+1	8.628258E+1
9.084375E+0	-9.891113E+1	2.124098E+2
9.096850E+0	-9.162682E+1	2.312327E+2
9.109325E+0	-9.868810E+1	1.741773E+2
9.121800E+0	-1.031489E+2	6.156620E+1
9.134275E+0	-9.233749E+1	3.003087E+1
9.146750E+0	-1.000180E+2	1.748914E+2
9.159225E+0	-9.548495E+1	6.307513E+1
9.171700E+0	-9.454608E+1	8.742403E+1
9.184175E+0	-9.700826E+1	1.066976E+1
9.196650E+0	-1.001775E+2	1.004108E+2
9.209125E+0	-1.009985E+2	1.344580E+2
9.221600E+0	-1.002493E+2	2.444875E+2
9.234075E+0	-1.130365E+2	8.390456E+1
9.246550E+0	-9.476231E+1	-5.285248E+1
9.259025E+0	-1.034261E+2	2.743468E+2
9.271500E+0	-9.143843E+1	-5.868674E+1
9.283975E+0	-9.342580E+1	-7.222871E+0
9.296450E+0	-9.142753E+1	-4.884051E+0
9.308925E+0	-9.681032E+1	4.695403E+1
9.321400E+0	-1.016486E+2	1.768012E+1
9.333875E+0	-8.783787E+1	1.184483E+2
9.346350E+0	-9.129352E+1	1.406497E+2
9.358825E+0	-8.960128E+1	1.475549E+2
9.371300E+0	-9.545687E+1	1.593260E+2
9.383775E+0	-9.397189E+1	1.666028E+2
9.396250E+0	-8.873547E+1	2.136861E+2
9.408725E+0	-9.337987E+1	2.560415E+2
9.421200E+0	-9.114381E+1	-7.008105E+1
9.433675E+0	-9.397360E+1	2.792515E+2
9.446150E+0	-9.304700E+1	-2.614020E+0
9.458625E+0	-9.267432E+1	1.791106E+1
9.471100E+0	-9.837159E+1	3.322528E+1
9.483575E+0	-1.024000E+2	-7.980210E+1
9.496050E+0	-1.006011E+2	-4.720386E+1
9.508525E+0	-1.211083E+2	1.364377E+2
9.521000E+0	-1.009287E+2	6.740064E+1
9.533475E+0	-9.657529E+1	6.882567E+1
9.545950E+0	-1.075082E+2	1.280293E+2
9.558425E+0	-9.490116E+1	1.029732E+2
9.570900E+0	-9.337957E+1	9.194479E+1
9.583375E+0	-9.246796E+1	1.725144E+2
9.595850E+0	-9.331053E+1	1.441130E+2
9.608325E+0	-9.377478E+1	9.292149E+1
9.620800E+0	-9.628999E+1	1.902253E+2
9.633275E+0	-9.607738E+1	2.308260E+2
9.645750E+0	-9.334719E+1	-7.497255E+1
9.658225E+0	-9.142863E+1	2.735161E+2
9.670700E+0	-8.939881E+1	-1.838027E+1
9.683175E+0	-9.264960E+1	1.361348E+1
9.695650E+0	-9.130350E+1	3.914255E+1
9.708125E+0	-9.406685E+1	6.392981E+1
9.720600E+0	-9.270199E+1	9.909628E+1
9.733075E+0	-9.488618E+1	1.280135E+2
9.745550E+0	-1.009649E+2	9.487086E+1
9.758025E+0	-9.397681E+1	2.556133E+2
9.770500E+0	-9.458217E+1	2.268009E+2
9.782975E+0	-9.931651E+1	2.559181E+2
9.795450E+0	-9.687896E+1	-6.282164E+1
9.807925E+0	-8.970485E+1	-3.414412E+1
9.820400E+0	-9.240742E+1	-2.373416E+0
9.832875E+0	-8.952411E+1	3.685297E+0
9.845350E+0	-9.437146E+1	-1.138447E+1
9.857825E+0	-1.041509E+2	-9.960359E+0
9.870300E+0	-9.254053E+1	1.107218E+2
9.882775E+0	-1.027970E+2	5.249733E+1
9.895250E+0	-9.759332E+1	1.948562E+2
9.907725E+0	-9.515651E+1	1.459065E+2
9.920200E+0	-9.834480E+1	2.070522E+2
9.932675E+0	-9.794899E+1	1.234978E+2
9.945150E+0	-1.025006E+2	2.583845E+2
9.957625E+0	-9.689558E+1	6.178605E+1
9.970100E+0	-9.916388E+1	7.546873E+1
9.982575E+0	-9.340341E+1	1.294039E+2
9.995050E+0	-1.010422E+2	2.090179E+2
1.000752E+1	-9.549557E+1	1.602454E+2
1.002000E+1	-9.425895E+1	2.445980E+2
1.003247E+1	-1.128857E+2	2.362526E+2
1.004495E+1	-1.074490E+2	2.138177E+2
1.005743E+1	-1.014522E+2	-1.462597E+1
1.006990E+1	-9.168932E+1	5.739062E+1
1.008238E+1	-9.286614E+1	2.894865E+1
1.009485E+1	-9.057961E+1	8.256302E+1
1.010732E+1	-9.278785E+1	1.009317E+2
1.011980E+1	-9.005009E+1	1.004100E+2
1.013227E+1	-9.295900E+1	1.500502E+2
1.014475E+1	-9.901817E+1	1.580297E+2
1.015723E+1	-9.418136E+1	2.247680E+2
1.016970E+1	-8.964059E+1	2.414627E+2
1.018218E+1	-9.101771E+1	2.416817E+2
1.019465E+1	-9.271133E+1	2.713832E+2
1.020712E+1	-9.877271E+1	5.987713E+1
1.021960E+1	-9.458305E+1	3.809481E+1
1.023208E+1	-9.266120E+1	2.377202E+1
1.024455E+1	-9.024537E+1	6.420328E+1
1.025703E+1	-9.643921E+1	6.573444E+1
1.026950E+1	-9.713326E+1	9.036341E+1
1.028197E+1	-9.245322E+1	1.379197E+2
1.029445E+1	-9.601153E+1	2.517133E+2
1.030692E+1	-1.050456E+2	2.010545E+2
1.031940E+1	-9.637047E+1	2.367346E+2
1.033188E+1	-9.180404E+1	2.408340E+2
1.034435E+1	-9.356380E+1	-7.839579E+1
1.035683E+1	-9.691582E+1	-2.454665E+1
1.036930E+1	-9.900349E+1	-2.679965E+1
1.038177E+1	-9.129826E+1	2.587859E+2
1.039425E+1	-9.076133E+1	-3.487764E+1
1.040672E+1	-9.049032E+1	-4.126422E+1
1.041920E+1	-9.673746E+1	-3.130850E+1
1.043168E+1	-9.313216E+1	3.131936E+1
1.044415E+1	-9.002156E+1	-2.178700E+1
1.045663E+1	-9.081572E+1	1.935062E+1
1.046910E+1	-8.661463E+1	5.753833E+1
1.048157E+1	-1.067500E+2	2.592573E+1
1.049405E+1	-8.897704E+1	1.246314E+2
1.050652E+1	-9.180733E+1	1.880038E+2
1.051900E+1	-9.876859E+1	1.487577E+2
1.053148E+1	-9.455779E+1	1.859441E+2
1.054395E+1	-9.022191E+1	2.333526E+2
1.055643E+1	-9.012991E+1	2.235082E+2
1.056890E+1	-8.783070E+1	2.714209E+2
1.058137E+1	-9.746919E+1	2.797091E+2
1.059385E+1	-9.218837E+1	-1.283799E+1
1.060633E+1	-1.026170E+2	-5.584391E+1
1.061880E+1	-1.031932E+2	-6.318706E+1
1.063128E+1	-9.256943E+1	8.433309E+1
1.064375E+1	-9.939554E+1	1.719518E+2
1.065622E+1	-9.607648E+1	1.874913E+2
1.066870E+1	-8.997520E+1	1.744231E+2
1.068117E+1	-9.723263E+1	2.143941E+2
1.069365E+1	-9.670656E+1	2.168102E+2
1.070613E+1	-9.062340E+1	2.473334E+2
1.071860E+1	-1.005610E+2	2.557148E+2
1.073108E+1	-1.094214E+2	2.446904E+2
1.074355E+1	-9.554887E+1	-6.691315E+1
1.075602E+1	-1.068254E+2	6.259233E+1
1.076850E+1	-9.757162E+1	2.346473E+2
1.078097E+1	-1.117663E+2	6.699716E+0
1.079345E+1	-9.562556E+1	7.133774E+1
1.080593E+1	-9.778022E+1	-4.654967E+1
1.081840E+1	-9.982150E+1	6.469915E+1
1.083088E+1	-9.566891E+1	3.427723E+1
1.084335E+1	-1.019397E+2	1.068354E+1
1.085582E+1	-1.034360E+2	-9.955135E+0
1.086830E+1	-1.103831E+2	2.473033E+2
1.088077E+1	-9.625774E+1	9.996825E+1
1.089325E+1	-9.154690E+1	1.402339E+2
1.090573E+1	-9.168460E+1	2.436649E+2
1.091820E+1	-9.746983E+1	-6.645997E+1
1.093068E+1	-1.085974E+2	-5.234962E+1
1.094315E+1	-8.944638E+1	-5.258141E+1
1.095562E+1	-8.989360E+1	-6.697152E+1
1.096810E+1	-9.470345E+1	3.522878E+1
1.098057E+1	-9.473091E+1	5.130523E+1
1.099305E+1	-9.075846E+1	7.037818E+1
1.100553E+1	-8.750124E+1	9.358318E+1
1.101800E+1	-8.890224E+1	1.151707E+2
1.103047E+1	-8.878260E+1	1.331976E+2
1.104295E+1	-9.264512E+1	1.355786E+2
1.105542E+1	-9.391441E+1	1.327597E+2
1.106790E+1	-9.042329E+1	1.912502E+2
1.108038E+1	-8.929932E+1	2.372017E+2
1.109285E+1	-9.508817E+1	2.333522E+2
1.110533E+1	-8.956776E+1	-5.229639E+1
1.111780E+1	-9.431271E+1	-5.255880E+1
1.113027E+1	-9.548568E+1	-1.671628E+1
1.114275E+1	-9.286086E+1	3.172543E+1
1.115522E+1	-9.459082E+1	-1.377432E+1
1.116770E+1	-1.073213E+2	-5.497734E+0
1.118018E+1	-9.864481E+1	4.287353E+1
1.119265E+1	-9.544975E+1	-1.291460E+1
1.120513E+1	-1.008392E+2	2.417376E+2
1.121760E+1	-9.907710E+1	2.773580E+2
1.123007E+1	-9.673515E+1	1.013425E+2
1.124255E+1	-9.848617E+1	1.555411E+2
1.125502E+1	-9.214566E+1	1.487694E+2
1.126750E+1	-9.383223E+1	1.646091E+2
1.127998E+1	-9.225061E+1	7.672934E+1
1.129245E+1	-1.060014E+2	2.632769E+2
1.130493E+1	-1.088027E+2	-7.200063E+1
1.131740E+1	-9.364933E+1	2.624007E+2
1.132987E+1	-9.125203E+1	-4.035086E+1
1.134235E+1	-1.038550E+2	9.357648E+1
1.135482E+1	-9.201849E+1	3.716511E+0
1.136730E+1	-8.886109E+1	4.014533E+1
1.137978E+1	-9.017804E+1	3.863031E+1
1.139225E+1	-8.889471E+1	1.000744E+2
1.140472E+1	-8.966109E+1	1.075229E+2
1.141720E+1	-8.962004E+1	1.238822E+2
1.142967E+1	-9.054245E+1	1.669641E+2
1.144215E+1	-8.962494E+1	1.812308E+2
1.145463E+1	-9.179466E+1	2.038318E+2
1.146710E+1	-9.081346E+1	2.542723E+2
1.147958E+1	-8.732982E+1	2.763257E+2
1.149205E+1	-8.689998E+1	-4.088234E+1
1.150452E+1	-8.945959E+1	-7.815735E+1
1.151700E+1	-8.868452E+1	4.460326E+0
1.152947E+1	-9.367088E+1	3.391021E+1
1.154195E+1	-9.997745E+1	-2.243410E+1
1.155443E+1	-9.170702E+1	7.813155E+1
1.156690E+1	-9.180320E+1	1.268020E+2
1.157938E+1	-9.135174E+1	1.244622E+2
1.159185E+1	-9.209743E+1	1.032069E+2
1.160432E+1	-9.272791E+1	1.365388E+2
1.161680E+1	-9.227675E+1	1.940683E+2
1.162927E+1	-9.393884E+1	2.046552E+2
1.164175E+1	-9.232782E+1	2.181550E+2
1.165423E+1	-9.273444E+1	2.614303E+2
1.166670E+1	-8.904959E+1	2.219096E+2
1.167918E+1	-9.474567E+1	-7.425565E+1
1.169165E+1	-9.647994E+1	-4.410438E+1
1.170412E+1	-8.930110E+1	-1.692340E+1
1.171660E+1	-9.045126E+1	-3.610505E+1
1.172907E+1	-9.561636E+1	2.159613E+1
1.174155E+1	-9.049535E+1	4.591169E+1
1.175403E+1	-9.692548E+1	5.208917E+1
1.176650E+1	-9.338416E+1	1.062159E+2
1.177898E+1	-1.110438E+2	1.332281E+2
1.179145E+1	-9.750446E+1	2.106674E+2
1.180392E+1	-9.269199E+1	1.617681E+2
1.181640E+1	-9.194599E+1	1.986523E+2
1.182888E+1	-8.815436E+1	2.275326E+2
1.184135E+1	-9.300378E+1	2.321015E+2
1.185383E+1	-8.940430E+1	-7.679877E+1
1.186630E+1	-8.848418E+1	-7.082095E+1
1.187877E+1	-8.970340E+1	-6.612064E+1
1.189125E+1	-8.672850E+1	-2.927482E+1
1.190372E+1	-8.922998E+1	-2.875470E+1
1.191620E+1	-8.737782E+1	2.603445E+1
1.192868E+1	-8.789111E+1	5.760806E+1
1.194115E+1	-8.530105E+1	6.756608E+1
1.195363E+1	-8.650758E+1	1.001418E+2
1.196610E+1	-8.988163E+1	1.358804E+2
1.197857E+1	-8.803417E+1	1.630640E+2
1.199105E+1	-8.614777E+1	1.707212E+2
1.200352E+1	-9.071975E+1	1.851938E+2
1.201600E+1	-8.761023E+1	2.042980E+2
1.202848E+1	-9.140834E+1	2.543533E+2
1.204095E+1	-8.627743E+1	2.676377E+2
1.205343E+1	-9.340468E+1	2.571156E+2
1.206590E+1	-9.196793E+1	-5.775793E+1
1.207837E+1	-8.884703E+1	-7.883080E+0
1.209085E+1	-9.409174E+1	2.487017E+1
1.210332E+1	-8.759383E+1	2.307219E+1
1.211580E+1	-9.145761E+1	5.702883E+1
1.212828E+1	-9.133823E+1	1.037402E+2
1.214075E+1	-8.836185E+1	8.591834E+1
1.215323E+1	-9.750342E+1	1.167064E+2
1.216570E+1	-9.136725E+1	1.278293E+2
1.217817E+1	-9.053643E+1	1.819651E+2
1.219065E+1	-9.072129E+1	1.782659E+2
1.220313E+1	-9.171575E+1	2.221776E+2
1.221560E+1	-8.606710E+1	2.532857E+2
1.222808E+1	-8.580322E+1	2.388235E+2
1.224055E+1	-9.343672E+1	2.752081E+2
1.225302E+1	-8.847932E+1	-2.640527E+1
1.226550E+1	-9.028059E+1	-2.577841E+1
1.227797E+1	-9.277576E+1	-9.665961E+0
1.229045E+1	-9.054739E+1	9.109982E+0
1.230293E+1	-9.115069E+1	4.491759E+1
1.231540E+1	-8.716663E+1	5.401065E+1
1.232788E+1	-8.523985E+1	9.816205E+1
1.234035E+1	-8.714925E+1	1.012168E+2
1.235282E+1	-8.763379E+1	1.235019E+2
1.236530E+1	-8.428786E+1	1.253745E+2
1.237777E+1	-8.547259E+1	1.499060E+2
1.239025E+1	-1.000372E+2	2.254533E+2
1.240273E+1	-8.625951E+1	2.019644E+2
1.241520E+1	-9.039030E+1	2.324030E+2
1.242768E+1	-8.777642E+1	2.442066E+2
1.244015E+1	-9.050019E+1	2.752534E+2
1.245262E+1	-8.747736E+1	-7.754160E+1
1.246510E+1	-9.238867E+1	-1.321086E+1
1.247757E+1	-9.263949E+1	-2.264492E+1
1.249005E+1	-8.655629E+1	1.733559E+1
1.250253E+1	-8.604847E+1	5.664819E+1
1.251500E+1	-8.712053E+1	1.083519E+2
1.252748E+1	-8.386169E+1	1.126554E+2
1.253995E+1	-8.769902E+1	1.409905E+2
1.255242E+1	-8.347751E+1	1.811217E+2
1.256490E+1	-8.390314E+1	2.003748E+2
1.257737E+1	-8.229954E+1	2.332443E+2
1.258985E+1	-8.613422E+1	2.590114E+2
1.260233E+1	-8.437252E+1	2.610839E+2
1.261480E+1	-8.586108E+1	-6.331919E+1
1.262727E+1	-8.371772E+1	-3.430904E+1
1.263975E+1	-8.593800E+1	1.394854E-1
1.265222E+1	-9.056974E+1	3.876348E+1
1.266470E+1	-8.595807E+1	4.344130E+1
1.267718E+1	-8.748847E+1	8.516763E+1
1.268965E+1	-8.451876E+1	1.107198E+2
1.270213E+1	-8.933169E+1	1.513947E+2
1.271460E+1	-8.761695E+1	1.687722E+2
1.272707E+1	-8.987098E+1	1.945355E+2
1.273955E+1	-8.872739E+1	1.953373E+2
1.275202E+1	-8.761203E+1	2.500097E+2
1.276450E+1	-9.029790E+1	2.682304E+2
1.277698E+1	-9.412730E+1	-5.675189E+0
1.278945E+1	-9.379861E+1	2.710075E+2
1.280193E+1	-9.876909E+1	7.895336E+1
1.281440E+1	-1.049268E+2	-6.047575E+1
1.282687E+1	-1.017188E+2	1.975160E+2
1.283935E+1	-9.823923E+1	-2.790344E+1
1.285182E+1	-9.919981E+1	4.810104E+0
1.286430E+1	-1.016627E+2	2.400411E+2
1.287678E+1	-9.679585E+1	1.789990E+1
1.288925E+1	-9.084497E+1	1.887743E+1
1.290173E+1	-8.751690E+1	3.501726E+1
1.291420E+1	-8.965041E+1	5.984498E+1
1.292667E+1	-9.217422E+1	7.617911E+1
1.293915E+1	-8.625089E+1	1.080890E+2
1.295162E+1	-8.660004E+1	1.309398E+2
1.296410E+1	-9.386343E+1	1.330497E+2
1.297658E+1	-9.306874E+1	1.874684E+2
1.298905E+1	-8.769019E+1	2.290391E+2
1.300153E+1	-8.723424E+1	2.543976E+2
1.301400E+1	-9.083234E+1	2.741671E+2
1.302647E+1	-8.690918E+1	-5.332134E+1
1.303895E+1	-8.632207E+1	-1.660700E+1
1.305143E+1	-8.833669E+1	3.081345E+1
1.306390E+1	-8.594265E+1	4.177260E+1
1.307638E+1	-8.660846E+1	8.251624E+1
1.308885E+1	-8.808157E+1	1.264952E+2
1.310132E+1	-8.207040E+1	1.265970E+2
1.311380E+1	-8.362151E+1	1.665268E+2
1.312627E+1	-8.418823E+1	2.027812E+2
1.313875E+1	-8.632590E+1	2.035098E+2
1.315123E+1	-8.367911E+1	2.419322E+2
1.316370E+1	-8.260827E+1	2.642191E+2
1.317618E+1	-8.287787E+1	-3.816926E+1
1.318865E+1	-8.367230E+1	-2.258752E+1
1.320112E+1	-8.280798E+1	-1.192399E+1
1.321360E+1	-8.627679E+1	3.128144E+1
1.322607E+1	-8.587961E+1	4.005256E+1
1.323855E+1	-8.584676E+1	6.016137E+1
1.325103E+1	-8.759297E+1	1.075890E+2
1.326350E+1	-9.006840E+1	1.405560E+2
1.327598E+1	-8.642896E+1	1.733084E+2
1.328845E+1	-8.805872E+1	1.861543E+2
1.330092E+1	-8.650043E+1	2.472190E+2
1.331340E+1	-8.732209E+1	2.473842E+2
1.332587E+1	-8.804683E+1	2.722585E+2
1.333835E+1	-8.797097E+1	-4.124194E+1
1.335083E+1	-8.560610E+1	-3.497393E+1
1.336330E+1	-8.931336E+1	-1.122450E-1
1.337578E+1	-9.109357E+1	4.673839E+0
1.338825E+1	-8.839016E+1	9.617223E+1
1.340072E+1	-9.179736E+1	8.764056E+1
1.341320E+1	-9.473291E+1	7.191985E+1
1.342568E+1	-8.922342E+1	1.360296E+2
1.343815E+1	-9.265422E+1	1.474168E+2
1.345063E+1	-9.069357E+1	1.700887E+2
1.346310E+1	-9.383155E+1	2.569729E+2
1.347557E+1	-8.881226E+1	2.588285E+2
1.348805E+1	-8.658551E+1	-6.968569E+1
1.350052E+1	-8.855926E+1	-4.804036E+1
1.351300E+1	-9.179414E+1	-3.929404E+1
1.352548E+1	-8.661922E+1	-1.755014E+1
1.353795E+1	-8.848821E+1	2.054828E+1
1.355043E+1	-9.136207E+1	5.468015E+1
1.356290E+1	-9.707206E+1	1.082190E+2
1.357537E+1	-9.058695E+1	1.482094E+2
1.358785E+1	-9.471996E+1	1.001625E+2
1.360032E+1	-9.702280E+1	1.757070E+2
1.361280E+1	-9.598683E+1	2.059474E+2
1.362528E+1	-9.611987E+1	2.088229E+2
1.363775E+1	-9.489730E+1	3.993396E+1
1.365023E+1	-1.071758E+2	1.043698E+2
1.366270E+1	-9.321802E+1	9.763407E+1
1.367517E+1	-1.059072E+2	1.096838E+2
1.368765E+1	-9.086567E+1	1.758609E+2
1.370012E+1	-9.595647E+1	2.404501E+2
1.371260E+1	-9.388175E+1	1.988842E+2
1.372508E+1	-9.321867E+1	2.236861E+2
1.373755E+1	-9.191245E+1	2.273176E+2
1.375003E+1	-9.606183E+1	-7.692442E+1
1.376250E+1	-9.063708E+1	-5.168551E+1
1.377497E+1	-9.147658E+1	-8.121367E+0
1.378745E+1	-8.939139E+1	3.997065E+1
1.379992E+1	-9.070687E+1	7.396445E+1
1.381240E+1	-9.346115E+1	1.036641E+2
1.382488E+1	-8.896362E+1	9.782607E+1
1.383735E+1	-9.592558E+1	1.388611E+2
1.384982E+1	-9.303689E+1	1.462355E+2
1.386230E+1	-8.970229E+1	1.615725E+2
1.387477E+1	-9.515292E+1	2.647392E+2
1.388725E+1	-9.583915E+1	2.273763E+2
1.389973E+1	-9.200136E+1	-3.267932E+1
1.391220E+1	-8.909657E+1	-8.194660E-2
1.392468E+1	-9.965984E+1	2.430468E+1
1.393715E+1	-9.426214E+1	4.018116E+1
1.394962E+1	-9.021411E+1	7.791306E+1
1.396210E+1	-8.666131E+1	9.033983E+1
1.397457E+1	-9.056861E+1	1.309205E+2
1.398705E+1	-8.855048E+1	1.549747E+2
1.399953E+1	-9.102054E+1	1.567770E+2
1.401200E+1	-9.012794E+1	2.105964E+2
1.402448E+1	-8.736221E+1	2.358166E+2
1.403695E+1	-9.035155E+1	2.453237E+2
1.404942E+1	-9.200522E+1	2.556840E+2
1.406190E+1	-9.386037E+1	-4.200311E+0
1.407437E+1	-8.760989E+1	3.613627E+0
1.408685E+1	-9.085285E+1	1.335008E+1
1.409933E+1	-8.940898E+1	5.080299E+1
1.411180E+1	-9.014849E+1	3.288573E+1
1.412428E+1	-9.113709E+1	6.471766E+1
1.413675E+1	-9.060939E+1	9.120908E+1
1.414922E+1	-9.235727E+1	9.516436E+1
1.416170E+1	-9.318835E+1	8.849191E+1
1.417417E+1	-8.829156E+1	8.215855E+1
1.418665E+1	-8.547572E+1	9.708192E+1
1.419913E+1	-8.906263E+1	1.281546E+2
1.421160E+1	-8.915634E+1	1.529232E+2
1.422407E+1	-8.531882E+1	1.825777E+2
1.423655E+1	-8.549072E+1	2.151797E+2
1.424902E+1	-8.380774E+1	2.310912E+2
1.426150E+1	-8.621404E+1	2.692689E+2
1.427398E+1	-8.316611E+1	-5.951685E+1
1.428645E+1	-8.105730E+1	-4.218237E+1
1.429893E+1	-8.062122E+1	-2.528934E+1
1.431140E+1	-8.413912E+1	-9.441332E+0
1.432387E+1	-8.284853E+1	3.081439E+1
1.433635E+1	-8.326054E+1	4.857029E+1
1.434882E+1	-8.600735E+1	7.554069E+1
1.436130E+1	-8.280838E+1	1.192985E+2
1.437378E+1	-8.428821E+1	1.488013E+2
1.438625E+1	-8.120322E+1	1.789274E+2
1.439873E+1	-8.266930E+1	1.852577E+2
1.441120E+1	-8.296387E+1	2.407224E+2
1.442367E+1	-8.180041E+1	2.704163E+2
1.443615E+1	-8.082726E+1	-5.249464E+1
1.444862E+1	-8.141807E+1	-1.361550E+1
1.446110E+1	-8.262811E+1	2.960892E+1
1.447358E+1	-8.364530E+1	5.328288E+1
1.448605E+1	-8.224500E+1	7.938698E+1
1.449853E+1	-8.166518E+1	1.159567E+2
1.451100E+1	-8.109342E+1	1.476797E+2
1.452347E+1	-8.051746E+1	1.774140E+2
1.453595E+1	-8.197141E+1	1.835077E+2
1.454842E+1	-8.109994E+1	2.337944E+2
1.456090E+1	-8.155092E+1	2.630478E+2
1.457338E+1	-7.936877E+1	-7.767715E+1
1.458585E+1	-8.018822E+1	-5.052484E+1
1.459833E+1	-8.160084E+1	-2.053408E+1
1.461080E+1	-8.244941E+1	1.565910E+1
1.462327E+1	-8.529247E+1	5.828070E+1
1.463575E+1	-8.553672E+1	8.914957E+1
1.464823E+1	-8.701041E+1	1.583537E+2
1.466070E+1	-8.316006E+1	1.744522E+2
1.467318E+1	-8.168610E+1	2.059880E+2
1.468565E+1	-8.354686E+1	2.453208E+2
1.469812E+1	-8.251086E+1	2.593869E+2
1.471060E+1	-8.197430E+1	-5.482285E+1
1.472307E+1	-8.592212E+1	-2.351308E+1
1.473555E+1	-8.723928E+1	1.234741E+1
1.474803E+1	-8.700574E+1	4.933261E+1
1.476050E+1	-8.643769E+1	6.745968E+1
1.477298E+1	-8.562735E+1	1.255565E+2
1.478545E+1	-8.715668E+1	1.339827E+2
1.479792E+1	-8.420934E+1	1.628666E+2
1.481040E+1	-8.421616E+1	2.011222E+2
1.482287E+1	-8.528642E+1	2.328649E+2
1.483535E+1	-8.202354E+1	2.668175E+2
1.484783E+1	-8.043285E+1	-5.761285E+1
1.486030E+1	-7.776763E+1	-3.428136E+1
1.487278E+1	-7.832999E+1	-6.779381E+0
1.488525E+1	-7.673103E+1	2.517478E+1
1.489772E+1	-7.839869E+1	4.899499E+1
1.491020E+1	-7.781277E+1	8.429700E+1
1.492267E+1	-7.801721E+1	1.116205E+2
1.493515E+1	-7.819415E+1	1.346944E+2
1.494763E+1	-7.995093E+1	1.724842E+2
1.496010E+1	-8.163747E+1	1.873845E+2
1.497258E+1	-8.214210E+1	2.165450E+2
1.498505E+1	-8.544127E+1	2.588453E+2
1.499752E+1	-8.634753E+1	2.763125E+2
1.501000E+1	-8.783165E+1	-7.835729E+0
1.502248E+1	-8.300008E+1	-3.334385E+0
1.503495E+1	-8.192623E+1	1.775340E+1
1.504743E+1	-8.297590E+1	3.896865E+1
1.505990E+1	-8.577728E+1	6.294712E+1
1.507237E+1	-8.772215E+1	1.138664E+2
1.508485E+1	-8.604948E+1	1.217980E+2
1.509732E+1	-8.540267E+1	1.523915E+2
1.510980E+1	-8.939629E+1	2.122719E+2
1.512228E+1	-9.053598E+1	2.359076E+2
1.513475E+1	-9.112058E+1	-6.019199E+1
1.514723E+1	-9.335705E+1	-2.525215E+1
1.515970E+1	-9.384064E+1	1.814541E+1
1.517217E+1	-8.802874E+1	-4.129960E+0
1.518465E+1	-9.018311E+1	9.879704E+1
1.519712E+1	-9.167633E+1	1.248160E+2
1.520960E+1	-8.726670E+1	1.300481E+2
1.522208E+1	-8.867700E+1	1.338055E+2
1.523455E+1	-9.218371E+1	1.546307E+2
1.524703E+1	-8.745198E+1	2.121484E+2
1.525950E+1	-9.424151E+1	1.536218E+2
1.527197E+1	-9.673002E+1	6.790028E+1
1.528445E+1	-9.529692E+1	1.254166E+2
1.529692E+1	-9.494015E+1	1.091650E+2
1.530940E+1	-9.121111E+1	1.828075E+2
1.532188E+1	-9.168678E+1	2.060115E+2
1.533435E+1	-9.080052E+1	2.499929E+2
1.534683E+1	-8.616460E+1	2.560537E+2
1.535930E+1	-8.458994E+1	2.618206E+2
1.537177E+1	-8.425919E+1	-6.482381E+1
1.538425E+1	-8.521705E+1	-2.754626E+1
1.539672E+1	-8.726171E+1	2.161606E-1
1.540920E+1	-8.589270E+1	3.758526E+1
1.542168E+1	-8.433363E+1	6.295617E+1
1.543415E+1	-8.601309E+1	5.469668E+1
1.544662E+1	-8.616664E+1	1.254176E+2
1.545910E+1	-8.471033E+1	1.621478E+2
1.547157E+1	-8.444317E+1	1.797663E+2
1.548405E+1	-8.721143E+1	2.299234E+2
1.549653E+1	-8.884563E+1	2.481864E+2
1.550900E+1	-8.395559E+1	2.691386E+2
1.552148E+1	-8.581987E+1	-7.773646E+1
1.553395E+1	-8.307152E+1	-2.600896E+1
1.554642E+1	-8.430615E+1	-3.982272E+0
1.555890E+1	-8.402834E+1	2.193675E+1
1.557137E+1	-8.366563E+1	4.763908E+1
1.558385E+1	-8.672269E+1	1.174645E+2
1.559633E+1	-8.417913E+1	1.110130E+2
1.560880E+1	-8.557858E+1	1.431304E+2
1.562128E+1	-8.708642E+1	1.700079E+2
1.563375E+1	-8.600060E+1	1.954370E+2
1.564622E+1	-8.700751E+1	2.336942E+2
1.565870E+1	-8.846445E+1	2.410090E+2
1.567117E+1	-9.395755E+1	-5.773584E+1
1.568365E+1	-9.139684E+1	2.599655E+2
1.569613E+1	-9.931681E+1	2.637780E+2
1.570860E+1	-9.086942E+1	2.815264E+1
1.572108E+1	-8.875080E+1	6.823243E+1
1.573355E+1	-8.909880E+1	8.831671E+1
1.574602E+1	-8.970040E+1	1.057677E+2
1.575850E+1	-8.798653E+1	1.137350E+2
1.577097E+1	-8.721307E+1	1.255220E+2
1.578345E+1	-8.531614E+1	1.611985E+2
1.579593E+1	-8.811273E+1	1.657050E+2
1.580840E+1	-8.927658E+1	1.562054E+2
1.582087E+1	-9.214293E+1	2.389209E+2
1.583335E+1	-9.789425E+1	2.359702E+2
1.584582E+1	-8.948172E+1	-7.683451E+1
1.585830E+1	-8.826093E+1	2.711027E+2
1.587078E+1	-8.989037E+1	-3.628968E+1
1.588325E+1	-9.640936E+1	-5.102116E+1
1.589573E+1	-9.529957E+1	4.426893E+1
1.590820E+1	-9.963377E+1	4.217868E+1
1.592067E+1	-9.856999E+1	5.602206E+1
1.593315E+1	-9.043112E+1	8.407516E+1
1.594562E+1	-9.415230E+1	6.403773E+1
1.595810E+1	-9.332551E+1	1.761337E+2
1.597058E+1	-9.079564E+1	1.513547E+2
1.598305E+1	-9.412723E+1	1.338577E+2
1.599553E+1	-9.871210E+1	1.010066E+2
1.600800E+1	-9.389432E+1	1.931259E+2
1.602048E+1	-9.323032E+1	1.868664E+2
1.603295E+1	-9.824544E+1	-1.482610E+1
1.604543E+1	-9.111272E+1	5.263292E-1
1.605790E+1	-8.926176E+1	-1.540943E-3
1.607037E+1	-9.002877E+1	4.270223E+1
1.608285E+1	-1.122527E+2	2.986161E+1
1.609532E+1	-9.224904E+1	8.827843E+1
1.610780E+1	-9.288452E+1	1.115392E+2
1.612027E+1	-8.971433E+1	1.164133E+2
1.613275E+1	-9.046160E+1	1.634991E+2
1.614522E+1	-9.271581E+1	2.140646E+2
1.615770E+1	-9.707365E+1	1.607738E+2
1.617018E+1	-9.271941E+1	1.785020E+2
1.618265E+1	-9.993501E+1	2.054499E+2
1.619513E+1	-9.472935E+1	-7.514178E+1
1.620760E+1	-9.753784E+1	2.209720E+2
1.622008E+1	-1.003733E+2	1.429073E+2
1.623255E+1	-9.316215E+1	2.633911E+2
1.624502E+1	-9.288567E+1	1.151184E+2
1.625750E+1	-9.213760E+1	1.878797E+2
1.626997E+1	-9.447725E+1	2.345271E+2
1.628245E+1	-1.055015E+2	1.626781E+2
1.629492E+1	-1.084854E+2	1.661015E+2
1.630740E+1	-9.671652E+1	-3.618236E+1
1.631987E+1	-1.118479E+2	1.734283E+2
1.633235E+1	-9.087732E+1	3.936492E+1
1.634483E+1	-9.078993E+1	9.398387E+1
1.635730E+1	-9.180374E+1	1.326628E+2
1.636978E+1	-9.368754E+1	1.184752E+2
1.638225E+1	-9.321765E+1	2.793515E+2
1.639473E+1	-9.794055E+1	2.194380E+2
1.640720E+1	-9.224641E+1	2.392139E+2
1.641968E+1	-9.570078E+1	2.346569E+2
1.643215E+1	-8.866887E+1	-3.624509E+1
1.644462E+1	-9.353100E+1	2.739305E+2
1.645710E+1	-9.366831E+1	-4.330265E+1
1.646957E+1	-9.599764E+1	1.912352E+1
1.648205E+1	-9.554510E+1	-7.352463E+0
1.649452E+1	-9.015720E+1	9.430885E+1
1.650700E+1	-9.161890E+1	7.714043E+1
1.651947E+1	-9.269985E+1	1.172424E+2
1.653195E+1	-9.223299E+1	1.674050E+2
1.654443E+1	-9.003482E+1	2.404561E+2
1.655690E+1	-9.738808E+1	2.149634E+2
1.656938E+1	-9.107076E+1	2.307017E+2
1.658185E+1	-9.192916E+1	-5.736178E+1
1.659433E+1	-8.987112E+1	-4.813176E+1
1.660680E+1	-9.227893E+1	-3.459117E+1
1.661927E+1	-9.677062E+1	-3.366453E+1
1.663175E+1	-8.757334E+1	4.759449E+0
1.664422E+1	-9.439542E+1	1.470243E+1
1.665670E+1	-9.001865E+1	2.661419E+1
1.666917E+1	-8.945428E+1	6.167456E+1
1.668165E+1	-8.623215E+1	9.459595E+1
1.669412E+1	-8.685357E+1	1.264768E+2
1.670660E+1	-9.547678E+1	1.589474E+2
1.671908E+1	-9.049858E+1	1.659156E+2
1.673155E+1	-1.079794E+2	1.577514E+2
1.674403E+1	-9.407359E+1	2.417878E+2
1.675650E+1	-9.775692E+1	-4.587555E+1
1.676898E+1	-9.208134E+1	2.461368E+2
1.678145E+1	-9.678626E+1	-5.822004E+1
1.679393E+1	-8.984022E+1	-6.937619E-1
1.680640E+1	-9.234570E+1	-5.952700E-2
1.681887E+1	-8.965051E+1	-5.145226E+0
1.683135E+1	-9.642450E+1	7.391726E+1
1.684382E+1	-9.173814E+1	5.978826E+1
1.685630E+1	-9.821273E+1	1.204332E+2
1.686877E+1	-1.033309E+2	1.228321E+2
1.688125E+1	-8.963824E+1	1.261096E+2
1.689372E+1	-9.153402E+1	1.425719E+2
1.690620E+1	-9.090337E+1	1.827829E+2
1.691868E+1	-9.177645E+1	1.678822E+2
1.693115E+1	-1.019118E+2	2.475845E+2
1.694363E+1	-9.613908E+1	2.059857E+2
1.695610E+1	-8.661237E+1	-2.660051E+1
1.696858E+1	-1.013669E+2	2.767390E+2
1.698105E+1	-9.731349E+1	-1.700930E+1
1.699353E+1	-8.767705E+1	2.418406E+1
1.700600E+1	-9.007114E+1	5.597663E+1
1.701847E+1	-8.897063E+1	8.691195E+1
1.703095E+1	-8.878725E+1	1.079521E+2
1.704342E+1	-8.879825E+1	1.502770E+2
1.705590E+1	-9.496719E+1	1.673823E+2
1.706837E+1	-9.431607E+1	1.241380E+2
1.708085E+1	-8.870859E+1	1.823993E+2
1.709333E+1	-9.516655E+1	2.241529E+2
1.710580E+1	-9.167844E+1	2.589418E+2
1.711828E+1	-9.409202E+1	2.300548E+2
1.713075E+1	-9.407993E+1	2.739155E+0
1.714323E+1	-9.193365E+1	-6.151738E+1
1.715570E+1	-9.021886E+1	-2.677563E+1
1.716818E+1	-8.972457E+1	7.352359E+0
1.718065E+1	-9.002341E+1	4.038781E+1
1.719312E+1	-9.206828E+1	8.586490E+1
1.720560E+1	-8.823122E+1	1.050186E+2
1.721807E+1	-8.973359E+1	1.182310E+2
1.723055E+1	-9.669623E+1	1.426457E+2
1.724302E+1	-8.999711E+1	1.524719E+2
1.725550E+1	-9.769436E+1	7.756337E+1
1.726797E+1	-9.309581E+1	2.174351E+2
1.728045E+1	-9.056021E+1	2.432771E+2
1.729293E+1	-9.159583E+1	2.674868E+2
1.730540E+1	-9.298691E+1	2.783939E+2
1.731788E+1	-8.886756E+1	-5.237897E+1
1.733035E+1	-9.102911E+1	-2.740872E+1
1.734283E+1	-8.627960E+1	3.584011E+1
1.735530E+1	-8.835636E+1	6.496136E+1
1.736778E+1	-8.951727E+1	4.145094E+1
1.738025E+1	-8.846191E+1	8.268469E+1
1.739272E+1	-8.451021E+1	8.335917E+1
1.740520E+1	-8.835818E+1	1.460792E+2
1.741767E+1	-9.319640E+1	1.415160E+2
1.743015E+1	-9.361161E+1	1.998531E+2
1.744262E+1	-9.449149E+1	2.164734E+2
1.745510E+1	-9.498694E+1	2.549242E+2
1.746758E+1	-9.089408E+1	2.104628E+2
1.748005E+1	-8.861166E+1	2.393148E+2
1.749253E+1	-9.045731E+1	2.663815E+2
1.750500E+1	-9.328822E+1	-1.261263E+1
1.751748E+1	-1.074079E+2	5.831466E+1
1.752995E+1	-9.103880E+1	-2.372139E+1
1.754243E+1	-9.788528E+1	3.539799E+1
1.755490E+1	-9.047466E+1	7.395619E+1
1.756737E+1	-9.636796E+1	4.087189E+1
1.757985E+1	-9.603175E+1	3.340075E+1
1.759232E+1	-1.030998E+2	1.779826E+2
1.760480E+1	-9.530887E+1	7.541879E+1
1.761727E+1	-9.959869E+1	1.634989E+2
1.762975E+1	-9.480138E+1	1.746901E+2
1.764222E+1	-8.946181E+1	-6.958233E+1
1.765470E+1	-9.065521E+1	2.495874E+2
1.766718E+1	-8.991370E+1	2.300002E+2
1.767965E+1	-1.027843E+2	2.311610E+2
1.769213E+1	-1.148604E+2	2.497242E+2
1.770460E+1	-9.077885E+1	2.777143E+2
1.771708E+1	-9.420448E+1	-4.003289E+1
1.772955E+1	-1.023372E+2	2.524728E+2
1.774203E+1	-9.253008E+1	8.297433E+1
1.775450E+1	-1.003603E+2	1.937370E+2
1.776697E+1	-9.388564E+1	9.230159E+0
1.777945E+1	-9.425408E+1	1.572098E+2
1.779192E+1	-9.685365E+1	1.168991E+2
1.780440E+1	-1.042292E+2	2.076646E+2
1.781687E+1	-9.540012E+1	2.279338E+2
1.782935E+1	-8.681740E+1	2.143227E+2
1.784183E+1	-9.342195E+1	-5.547275E+1
1.785430E+1	-9.247750E+1	2.571121E+2
1.786678E+1	-1.043084E+2	2.174616E+2
1.787925E+1	-9.539581E+1	-7.965158E+0
1.789173E+1	-9.664462E+1	-7.747383E+0
1.790420E+1	-9.081441E+1	1.594784E+1
1.791668E+1	-8.732728E+1	4.564015E+1
1.792915E+1	-9.337098E+1	7.072444E+1
1.794162E+1	-8.736226E+1	1.161848E+2
1.795410E+1	-8.661749E+1	1.134545E+2
1.796657E+1	-9.381932E+1	1.789052E+2
1.797905E+1	-9.011890E+1	1.642604E+2
1.799152E+1	-8.915176E+1	1.945312E+2
1.800400E+1	-9.144977E+1	1.990555E+2
1.801647E+1	-9.352290E+1	2.538486E+2
1.802895E+1	-8.714965E+1	-3.508422E+1
1.804143E+1	-8.930841E+1	-7.926748E+1
1.805390E+1	-8.714385E+1	-4.344938E+1
1.806638E+1	-8.849111E+1	1.080128E+1
1.807885E+1	-9.418874E+1	-4.066467E+0
1.809133E+1	-8.888042E+1	6.651369E+1
1.810380E+1	-9.436856E+1	3.619661E+1
1.811628E+1	-8.901852E+1	6.029220E+1
1.812875E+1	-9.226987E+1	1.190865E+2
1.814122E+1	-9.380058E+1	1.438148E+2
1.815370E+1	-9.517714E+1	1.422703E+2
1.816617E+1	-9.278162E+1	2.090250E+2
1.817865E+1	-9.478730E+1	2.069449E+2
1.819112E+1	-1.005671E+2	2.571520E+2
1.820360E+1	-9.324481E+1	2.251227E+2
1.821608E+1	-9.174264E+1	-4.826700E+1
1.822855E+1	-9.099064E+1	-7.766933E+1
1.824103E+1	-8.449205E+1	-5.069299E+1
1.825350E+1	-9.153770E+1	-3.493387E+1
1.826598E+1	-9.576670E+1	-2.519316E+1
1.827845E+1	-8.738597E+1	7.194922E+1
1.829093E+1	-9.110799E+1	6.349371E+1
1.830340E+1	-9.005306E+1	1.036745E+2
1.831587E+1	-9.091361E+1	1.258411E+2
1.832835E+1	-9.156226E+1	1.509877E+2
1.834082E+1	-9.015874E+1	1.702351E+2
1.835330E+1	-8.927561E+1	2.057432E+2
1.836577E+1	-8.850576E+1	2.669485E+2
1.837825E+1	-9.510278E+1	2.603544E+2
1.839072E+1	-9.118900E+1	2.451714E+2
1.840320E+1	-8.884784E+1	2.738227E+2
1.841568E+1	-8.958016E+1	-2.276615E+1
1.842815E+1	-8.880126E+1	5.638421E+1
1.844063E+1	-9.209743E+1	6.143637E+1
1.845310E+1	-8.844382E+1	2.836557E+1
1.846558E+1	-8.981803E+1	9.546719E+1
1.847805E+1	-8.776673E+1	1.122243E+2
1.849053E+1	-9.231342E+1	1.420218E+2
1.850300E+1	-8.943470E+1	2.386113E+2
1.851547E+1	-9.249849E+1	2.668156E+2
1.852795E+1	-9.741670E+1	2.058745E+2
1.854042E+1	-9.584529E+1	1.983502E+2
1.855290E+1	-1.018191E+2	2.334102E+2
1.856537E+1	-9.101933E+1	-6.274406E+1
1.857785E+1	-9.747057E+1	-6.408353E+1
1.859032E+1	-8.682825E+1	-7.030052E+1
1.860280E+1	-1.017300E+2	-4.775670E+1
1.861528E+1	-9.170495E+1	5.474292E+1
1.862775E+1	-9.784201E+1	-5.436016E+0
1.864023E+1	-9.269895E+1	6.021165E+1
1.865270E+1	-9.839957E+1	1.537621E+2
1.866518E+1	-9.429984E+1	1.291422E+2
1.867765E+1	-1.002793E+2	2.743232E+1
1.869012E+1	-9.407262E+1	8.786806E+1
1.870260E+1	-9.515842E+1	1.736470E+2
1.871507E+1	-9.588824E+1	2.000309E+2
1.872755E+1	-9.037130E+1	2.120689E+2
1.874002E+1	-9.163616E+1	2.595861E+2
1.875250E+1	-1.129686E+2	3.169923E+1
1.876497E+1	-9.289950E+1	-3.980448E+1
1.877745E+1	-9.648176E+1	1.450683E+1
1.878993E+1	-9.654197E+1	-5.890283E+1
1.880240E+1	-9.677417E+1	2.774840E+2
1.881488E+1	-9.437617E+1	2.515330E+1
1.882735E+1	-9.571910E+1	-3.716973E+1
1.883983E+1	-9.427551E+1	5.730373E+1
1.885230E+1	-9.390401E+1	1.700588E+2
1.886478E+1	-9.523672E+1	1.188913E+2
1.887725E+1	-9.895774E+1	1.225092E+2
1.888972E+1	-9.982914E+1	2.041837E+2
1.890220E+1	-9.514359E+1	1.721553E+2
1.891467E+1	-9.316251E+1	2.467036E+2
1.892715E+1	-8.915398E+1	-7.876875E+1
1.893962E+1	-8.807035E+1	-6.695085E+1
1.895210E+1	-1.001638E+2	-2.281198E+1
1.896457E+1	-8.942000E+1	-3.129073E+1
1.897705E+1	-1.088252E+2	1.219776E+2
1.898953E+1	-9.866283E+1	-1.988051E+1
1.900200E+1	-9.466045E+1	6.767667E+1
1.901448E+1	-9.470335E+1	1.104775E+2
1.902695E+1	-8.681512E+1	7.919540E+1
1.903943E+1	-8.794707E+1	1.286236E+2
1.905190E+1	-8.863711E+1	1.487524E+2
1.906437E+1	-8.980508E+1	1.317335E+2
1.907685E+1	-8.688644E+1	1.918222E+2
1.908932E+1	-9.127322E+1	2.036464E+2
1.910180E+1	-9.460483E+1	1.691316E+2
1.911427E+1	-8.741150E+1	2.640071E+2
1.912675E+1	-8.961613E+1	2.724169E+2
1.913922E+1	-9.155444E+1	-7.835022E+1
1.915170E+1	-1.000461E+2	1.930630E+1
1.916418E+1	-8.873289E+1	-1.571946E+1
1.917665E+1	-9.488533E+1	3.727798E+1
1.918913E+1	-9.049854E+1	4.499931E+1
1.920160E+1	-9.300965E+1	5.714716E+1
1.921408E+1	-8.836389E+1	8.676402E+1
1.922655E+1	-9.244592E+1	1.411831E+2
1.923903E+1	-9.558801E+1	1.459030E+2
1.925150E+1	-9.533093E+1	1.666479E+2
1.926397E+1	-8.638502E+1	1.826276E+2
1.927645E+1	-9.240311E+1	2.198655E+2
1.928892E+1	-8.863470E+1	-5.649607E+1
1.930140E+1	-9.270178E+1	-3.387728E+1
1.931387E+1	-8.545525E+1	-3.149991E+1
1.932635E+1	-9.254498E+1	-5.062378E+1
1.933882E+1	-9.537104E+1	-7.698920E+1
1.935130E+1	-9.587099E+1	2.828144E+1
1.936378E+1	-8.872245E+1	4.584868E-1
1.937625E+1	-8.477967E+1	8.521144E+1
1.938873E+1	-8.639783E+1	7.808019E+1
1.940120E+1	-9.292158E+1	1.012946E+2
1.941368E+1	-9.998915E+1	1.089376E+2
1.942615E+1	-9.025819E+1	1.506668E+2
1.943862E+1	-9.077396E+1	1.551196E+2
1.945110E+1	-9.022517E+1	1.522243E+2
1.946357E+1	-9.492467E+1	2.395317E+2
1.947605E+1	-8.720759E+1	-6.613864E+1
1.948852E+1	-8.726125E+1	-7.586035E+1
1.950100E+1	-9.210578E+1	-2.954792E+1
1.951347E+1	-9.520747E+1	-7.981254E+1
1.952595E+1	-9.281348E+1	2.326895E+1
1.953843E+1	-8.648756E+1	1.391979E+1
1.955090E+1	-9.018822E+1	7.556754E+1
1.956338E+1	-8.808220E+1	8.528361E+1
1.957585E+1	-8.718635E+1	1.104360E+2
1.958833E+1	-1.020340E+2	1.144777E+2
1.960080E+1	-9.205124E+1	1.744609E+2
1.961328E+1	-9.096449E+1	1.764559E+2
1.962575E+1	-8.914026E+1	1.900611E+2
1.963822E+1	-9.146084E+1	1.694406E+2
1.965070E+1	-9.942908E+1	2.391467E+2
1.966317E+1	-9.119218E+1	2.737126E+2
1.967565E+1	-9.436276E+1	-4.062619E+1
1.968812E+1	-9.636955E+1	2.744597E+2
1.970060E+1	-9.460210E+1	1.062981E+1
1.971307E+1	-9.340643E+1	2.709300E+1
1.972555E+1	-8.569673E+1	2.095111E+1
1.973803E+1	-9.215316E+1	1.113557E+2
1.975050E+1	-9.050751E+1	1.071155E+2
1.976298E+1	-9.222185E+1	1.190086E+2
1.977545E+1	-8.810780E+1	1.887490E+2
1.978793E+1	-8.975202E+1	1.861929E+2
1.980040E+1	-9.466048E+1	1.723034E+2
1.981287E+1	-9.322183E+1	2.510524E+2
1.982535E+1	-9.115065E+1	2.651844E+2
1.983782E+1	-9.407107E+1	2.610367E+2
1.985030E+1	-9.183041E+1	2.678383E+2
1.986277E+1	-8.744291E+1	-7.986463E+1
1.987525E+1	-8.802341E+1	-4.144143E+1
1.988772E+1	-9.166994E+1	-8.114434E+0
1.990020E+1	-8.846242E+1	6.533798E+1
1.991268E+1	-9.159113E+1	3.224881E+1
1.992515E+1	-9.233337E+1	3.935382E+1
1.993763E+1	-9.595755E+1	7.344434E+1
1.995010E+1	-9.170793E+1	9.349872E+1
1.996258E+1	-9.212569E+1	1.727091E+2
1.997505E+1	-9.811888E+1	1.669785E+2
1.998753E+1	-9.208890E+1	1.725200E+2
2.000000E+1	-9.140556E+1	1.980997E+2
