4.000000E-2	-2.831870E-2	-1.316574E+1
5.247500E-2	-3.319404E-2	7.646717E+0
6.495000E-2	-4.524276E-2	2.845426E+1
7.742500E-2	-6.764589E-2	4.922604E+1
8.990000E-2	-6.571629E-2	6.998148E+1
1.023750E-1	-9.013752E-2	9.073315E+1
1.148500E-1	-1.218188E-1	1.115028E+2
1.273250E-1	-1.540553E-1	1.323004E+2
1.398000E-1	-1.860365E-1	1.530966E+2
1.522750E-1	-2.117281E-1	1.739012E+2
1.647500E-1	-2.387972E-1	1.947627E+2
1.772250E-1	-2.663429E-1	2.155987E+2
1.897000E-1	-3.000197E-1	2.363760E+2
2.021750E-1	-3.400831E-1	2.571453E+2
2.146500E-1	-3.839552E-1	2.779427E+2
2.271250E-1	-4.282278E-1	-6.120655E+1
2.396000E-1	-4.677283E-1	-4.029947E+1
2.520750E-1	-5.059254E-1	-1.943168E+1
2.645500E-1	-5.473782E-1	1.407419E+0
2.770250E-1	-5.981080E-1	2.221875E+1
2.895000E-1	-6.493468E-1	4.298650E+1
3.019750E-1	-7.065979E-1	6.381432E+1
3.144500E-1	-7.685576E-1	8.471945E+1
3.269250E-1	-8.282936E-1	1.056760E+2
3.394000E-1	-8.830435E-1	1.266416E+2
3.518750E-1	-9.269304E-1	1.475769E+2
3.643500E-1	-9.676331E-1	1.684507E+2
3.768250E-1	-1.015883E+0	1.892621E+2
3.893000E-1	-1.075374E+0	2.100686E+2
4.017750E-1	-1.150107E+0	2.309037E+2
4.142500E-1	-1.228206E+0	2.517966E+2
4.267250E-1	-1.301753E+0	2.727595E+2
4.392000E-1	-1.364279E+0	-6.624760E+1
4.516750E-1	-1.418261E+0	-4.529936E+1
4.641500E-1	-1.470085E+0	-2.441828E+1
4.766250E-1	-1.524072E+0	-3.621163E+0
4.891000E-1	-1.594014E+0	1.712008E+1
5.015750E-1	-1.674924E+0	3.788920E+1
5.140500E-1	-1.765601E+0	5.876205E+1
5.265250E-1	-1.858268E+0	7.971575E+1
5.390000E-1	-1.946087E+0	1.007077E+2
5.514750E-1	-2.025002E+0	1.216710E+2
5.639500E-1	-2.096039E+0	1.425830E+2
5.764250E-1	-2.167171E+0	1.634273E+2
5.889000E-1	-2.247129E+0	1.842560E+2
6.013750E-1	-2.340366E+0	2.050784E+2
6.138500E-1	-2.445773E+0	2.259342E+2
6.263250E-1	-2.558103E+0	2.469058E+2
6.388000E-1	-2.662597E+0	2.678244E+2
6.512750E-1	-2.761001E+0	-7.122943E+1
6.637500E-1	-2.860048E+0	-5.025247E+1
6.762250E-1	-2.963691E+0	-2.929738E+1
6.887000E-1	-3.072516E+0	-8.366411E+0
7.011750E-1	-3.185668E+0	1.255672E+1
7.136500E-1	-3.297443E+0	3.348198E+1
7.261250E-1	-3.408817E+0	5.443736E+1
7.386000E-1	-3.524612E+0	7.540863E+1
7.510750E-1	-3.645735E+0	9.638026E+1
7.635500E-1	-3.772391E+0	1.173588E+2
7.760250E-1	-3.899497E+0	1.383572E+2
7.885000E-1	-4.030868E+0	1.594066E+2
8.009750E-1	-4.155264E+0	1.805009E+2
8.134500E-1	-4.274519E+0	2.016033E+2
8.259250E-1	-4.387566E+0	2.226707E+2
8.384000E-1	-4.502264E+0	2.436737E+2
8.508750E-1	-4.622282E+0	2.646118E+2
8.633500E-1	-4.753300E+0	-7.447536E+1
8.758250E-1	-4.903027E+0	-5.351704E+1
8.883000E-1	-5.061768E+0	-3.248890E+1
9.007750E-1	-5.222480E+0	-1.135613E+1
9.132500E-1	-5.371362E+0	9.854695E+0
9.257250E-1	-5.506604E+0	3.110862E+1
9.382000E-1	-5.628099E+0	5.232872E+1
9.506750E-1	-5.747432E+0	7.345151E+1
9.631500E-1	-5.875248E+0	9.446822E+1
9.756250E-1	-6.016346E+0	1.154000E+2
9.881000E-1	-6.178136E+0	1.363068E+2
1.000575E+0	-6.348672E+0	1.573422E+2
1.013050E+0	-6.524419E+0	1.784849E+2
1.025525E+0	-6.700893E+0	1.997302E+2
1.038000E+0	-6.870920E+0	2.210244E+2
1.050475E+0	-7.031417E+0	2.423164E+2
1.062950E+0	-7.179692E+0	2.635626E+2
1.075425E+0	-7.326084E+0	-7.523900E+1
1.087900E+0	-7.477942E+0	-5.404166E+1
1.100375E+0	-7.642032E+0	-3.284739E+1
1.112850E+0	-7.818667E+0	-1.165049E+1
1.125325E+0	-7.998591E+0	9.597755E+0
1.137800E+0	-8.174412E+0	3.089316E+1
1.150275E+0	-8.341927E+0	5.224751E+1
1.162750E+0	-8.499337E+0	7.363182E+1
1.175225E+0	-8.654490E+0	9.496147E+1
1.187700E+0	-8.802811E+0	1.162228E+2
1.200175E+0	-8.959888E+0	1.374169E+2
1.212650E+0	-9.128528E+0	1.585478E+2
1.225125E+0	-9.317009E+0	1.796958E+2
1.237600E+0	-9.520761E+0	2.009306E+2
1.250075E+0	-9.732652E+0	2.222842E+2
1.262550E+0	-9.943757E+0	2.437804E+2
1.275025E+0	-1.013945E+1	2.653702E+2
1.287500E+0	-1.031008E+1	-7.300294E+1
1.299975E+0	-1.045963E+1	-5.143894E+1
1.312450E+0	-1.060208E+1	-3.003698E+1
1.324925E+0	-1.075314E+1	-8.816695E+0
1.337400E+0	-1.092391E+1	1.230544E+1
1.349875E+0	-1.112220E+1	3.341906E+1
1.362350E+0	-1.134406E+1	5.462047E+1
1.374825E+0	-1.158860E+1	7.604395E+1
1.387300E+0	-1.183584E+1	9.765429E+1
1.399775E+0	-1.206590E+1	1.194188E+2
1.412250E+0	-1.226581E+1	1.412769E+2
1.424725E+0	-1.243686E+1	1.631132E+2
1.437200E+0	-1.258959E+1	1.848376E+2
1.449675E+0	-1.274156E+1	2.064225E+2
1.462150E+0	-1.290647E+1	2.278766E+2
1.474625E+0	-1.309047E+1	2.492578E+2
1.487100E+0	-1.328907E+1	2.706869E+2
1.499575E+0	-1.349401E+1	-6.776935E+1
1.512050E+0	-1.369389E+1	-4.611666E+1
1.524525E+0	-1.388517E+1	-2.442236E+1
1.537000E+0	-1.406150E+1	-2.697034E+0
1.549475E+0	-1.422880E+1	1.890548E+1
1.561950E+0	-1.440158E+1	4.035466E+1
1.574425E+0	-1.458409E+1	6.169643E+1
1.586900E+0	-1.479160E+1	8.304680E+1
1.599375E+0	-1.502578E+1	1.045144E+2
1.611850E+0	-1.527775E+1	1.261460E+2
1.624325E+0	-1.552650E+1	1.479780E+2
1.636800E+0	-1.575516E+1	1.699608E+2
1.649275E+0	-1.594965E+1	1.920158E+2
1.661750E+0	-1.611410E+1	2.140053E+2
1.674225E+0	-1.625753E+1	2.358419E+2
1.686700E+0	-1.640945E+1	2.574301E+2
1.699175E+0	-1.658118E+1	2.788704E+2
1.711650E+0	-1.678930E+1	-5.974370E+1
1.724125E+0	-1.703065E+1	-3.827709E+1
1.736600E+0	-1.728995E+1	-1.656788E+1
1.749075E+0	-1.754911E+1	5.372344E+0
1.761550E+0	-1.778589E+1	2.750737E+1
1.774025E+0	-1.798475E+1	4.976978E+1
1.786500E+0	-1.814496E+1	7.195264E+1
1.798975E+0	-1.827588E+1	9.394872E+1
1.811450E+0	-1.841020E+1	1.157160E+2
1.823925E+0	-1.856661E+1	1.372543E+2
1.836400E+0	-1.875467E+1	1.586846E+2
1.848875E+0	-1.897780E+1	1.802104E+2
1.861350E+0	-1.921990E+1	2.018755E+2
1.873825E+0	-1.946013E+1	2.238091E+2
1.886300E+0	-1.968737E+1	2.459014E+2
1.898775E+0	-1.988826E+1	2.680369E+2
1.911250E+0	-2.006139E+1	-6.993786E+1
1.923725E+0	-2.022192E+1	-4.806442E+1
1.936200E+0	-2.038984E+1	-2.635174E+1
1.948675E+0	-2.058514E+1	-4.898025E+0
1.961150E+0	-2.081160E+1	1.676882E+1
1.973625E+0	-2.106287E+1	3.860639E+1
1.986100E+0	-2.131475E+1	6.065168E+1
1.998575E+0	-2.155295E+1	8.290514E+1
2.011050E+0	-2.175782E+1	1.052528E+2
2.023525E+0	-2.192115E+1	1.275838E+2
2.036000E+0	-2.205667E+1	1.497242E+2
2.048475E+0	-2.218700E+1	1.716133E+2
2.060950E+0	-2.234656E+1	1.932364E+2
2.073425E+0	-2.253649E+1	2.147680E+2
2.085900E+0	-2.276312E+1	2.363777E+2
2.098375E+0	-2.301944E+1	2.581880E+2
2.110850E+0	-2.327689E+1	-7.972646E+1
2.123325E+0	-2.351191E+1	-5.740057E+1
2.135800E+0	-2.371515E+1	-3.495201E+1
2.148275E+0	-2.387746E+1	-1.256713E+1
2.160750E+0	-2.401018E+1	9.619996E+0
2.173225E+0	-2.413871E+1	3.148185E+1
2.185700E+0	-2.429120E+1	5.316771E+1
2.198175E+0	-2.447963E+1	7.473807E+1
2.210650E+0	-2.470619E+1	9.640659E+1
2.223125E+0	-2.495986E+1	1.182803E+2
2.235600E+0	-2.521464E+1	1.404285E+2
2.248075E+0	-2.544481E+1	1.627775E+2
2.260550E+0	-2.563920E+1	1.852061E+2
2.273025E+0	-2.579580E+1	2.075262E+2
2.285500E+0	-2.593420E+1	2.296313E+2
2.297975E+0	-2.607740E+1	2.514977E+2
2.310450E+0	-2.625272E+1	2.731581E+2
2.322925E+0	-2.647548E+1	-6.518195E+1
2.335400E+0	-2.673257E+1	-4.339623E+1
2.347875E+0	-2.700960E+1	-2.132549E+1
2.360350E+0	-2.727446E+1	1.109790E+0
2.372825E+0	-2.749776E+1	2.371814E+1
2.385300E+0	-2.767173E+1	4.645098E+1
2.397775E+0	-2.779637E+1	6.902068E+1
2.410250E+0	-2.789256E+1	9.127307E+1
2.422725E+0	-2.800513E+1	1.131465E+2
2.435200E+0	-2.815296E+1	1.347906E+2
2.447675E+0	-2.834220E+1	1.563708E+2
2.460150E+0	-2.857400E+1	1.780385E+2
2.472625E+0	-2.883180E+1	2.000003E+2
2.485100E+0	-2.907875E+1	2.222711E+2
2.497575E+0	-2.930288E+1	2.446442E+2
2.510050E+0	-2.948054E+1	2.671033E+2
2.522525E+0	-2.963746E+1	-7.060252E+1
2.535000E+0	-2.978150E+1	-4.855218E+1
2.547475E+0	-2.994516E+1	-2.665671E+1
2.559950E+0	-3.014066E+1	-4.858027E+0
2.572425E+0	-3.038094E+1	1.699639E+1
2.584900E+0	-3.064384E+1	3.910546E+1
2.597375E+0	-3.091199E+1	6.149106E+1
2.609850E+0	-3.113777E+1	8.414780E+1
2.622325E+0	-3.130715E+1	1.069523E+2
2.634800E+0	-3.143127E+1	1.295771E+2
2.647275E+0	-3.151617E+1	1.518304E+2
2.659750E+0	-3.160566E+1	1.736781E+2
2.672225E+0	-3.173962E+1	1.951648E+2
2.684700E+0	-3.192730E+1	2.166477E+2
2.697175E+0	-3.218309E+1	2.381896E+2
2.709650E+0	-3.247064E+1	2.601148E+2
2.722125E+0	-3.276214E+1	-7.754933E+1
2.734600E+0	-3.301622E+1	-5.486892E+1
2.747075E+0	-3.322380E+1	-3.205040E+1
2.759550E+0	-3.336880E+1	-9.293919E+0
2.772025E+0	-3.346708E+1	1.307561E+1
2.784500E+0	-3.356094E+1	3.506432E+1
2.796975E+0	-3.368773E+1	5.671741E+1
2.809450E+0	-3.387604E+1	7.819560E+1
2.821925E+0	-3.412906E+1	9.982869E+1
2.834400E+0	-3.441934E+1	1.217477E+2
2.846875E+0	-3.471974E+1	1.440578E+2
2.859350E+0	-3.498785E+1	1.665688E+2
2.871825E+0	-3.521627E+1	1.894141E+2
2.884300E+0	-3.538948E+1	2.122036E+2
2.896775E+0	-3.552227E+1	2.347762E+2
2.909250E+0	-3.565911E+1	2.570053E+2
2.921725E+0	-3.581729E+1	2.790745E+2
2.934200E+0	-3.599742E+1	-5.884173E+1
2.946675E+0	-3.621095E+1	-3.671575E+1
2.959150E+0	-3.642621E+1	-1.438603E+1
2.971625E+0	-3.661621E+1	8.240749E+0
2.984100E+0	-3.676089E+1	3.083710E+1
2.996575E+0	-3.686190E+1	5.330826E+1
3.009050E+0	-3.694519E+1	7.534354E+1
3.021525E+0	-3.704767E+1	9.699364E+1
3.034000E+0	-3.719465E+1	1.181873E+2
3.046475E+0	-3.742400E+1	1.394817E+2
3.058950E+0	-3.773198E+1	1.610112E+2
3.071425E+0	-3.806813E+1	1.829495E+2
3.083900E+0	-3.840666E+1	2.054372E+2
3.096375E+0	-3.870728E+1	2.282880E+2
3.108850E+0	-3.893287E+1	2.513742E+2
3.121325E+0	-3.908415E+1	2.743396E+2
3.133800E+0	-3.917284E+1	-6.302563E+1
3.146275E+0	-3.926007E+1	-4.085028E+1
3.158750E+0	-3.937806E+1	-1.914026E+1
3.171225E+0	-3.957825E+1	2.369708E+0
3.183700E+0	-3.984172E+1	2.387302E+1
3.196175E+0	-4.014156E+1	4.580602E+1
3.208650E+0	-4.046854E+1	6.825432E+1
3.221125E+0	-4.076249E+1	9.102346E+1
3.233600E+0	-4.100812E+1	1.141577E+2
3.246075E+0	-4.114427E+1	1.372284E+2
3.258550E+0	-4.127446E+1	1.599627E+2
3.271025E+0	-4.137096E+1	1.824985E+2
3.283500E+0	-4.146806E+1	2.046345E+2
3.295975E+0	-4.163447E+1	2.265481E+2
3.308450E+0	-4.181532E+1	2.485427E+2
3.320925E+0	-4.202345E+1	2.706888E+2
3.333400E+0	-4.223485E+1	-6.692954E+1
3.345875E+0	-4.239590E+1	-4.445846E+1
3.358350E+0	-4.255410E+1	-2.219567E+1
3.370825E+0	-4.265862E+1	-7.250758E-2
3.383300E+0	-4.281193E+1	2.163159E+1
3.395775E+0	-4.299994E+1	4.298430E+1
3.408250E+0	-4.324493E+1	6.441288E+1
3.420725E+0	-4.355822E+1	8.621294E+1
3.433200E+0	-4.391743E+1	1.082947E+2
3.445675E+0	-4.426466E+1	1.309959E+2
3.458150E+0	-4.454300E+1	1.539822E+2
3.470625E+0	-4.474916E+1	1.772569E+2
3.483100E+0	-4.489024E+1	2.003233E+2
3.495575E+0	-4.499557E+1	2.230473E+2
3.508050E+0	-4.508352E+1	2.451557E+2
3.520525E+0	-4.521640E+1	2.670632E+2
3.533000E+0	-4.543026E+1	-7.148880E+1
3.545475E+0	-4.569751E+1	-4.966238E+1
3.557950E+0	-4.600995E+1	-2.737590E+1
3.570425E+0	-4.631371E+1	-4.701617E+0
3.582900E+0	-4.654438E+1	1.856753E+1
3.595375E+0	-4.672713E+1	4.156605E+1
3.607850E+0	-4.685829E+1	6.433678E+1
3.620325E+0	-4.691833E+1	8.681671E+1
3.632800E+0	-4.702641E+1	1.084730E+2
3.645275E+0	-4.718227E+1	1.302223E+2
3.657750E+0	-4.740542E+1	1.515718E+2
3.670225E+0	-4.768089E+1	1.734032E+2
3.682700E+0	-4.800255E+1	1.955877E+2
3.695175E+0	-4.829715E+1	2.182619E+2
3.707650E+0	-4.850427E+1	2.409150E+2
3.720125E+0	-4.876318E+1	2.637964E+2
3.732600E+0	-4.890632E+1	-7.383197E+1
3.745075E+0	-4.909929E+1	-5.136705E+1
3.757550E+0	-4.927616E+1	-2.956816E+1
3.770025E+0	-4.952325E+1	-7.613014E+0
3.782500E+0	-4.983497E+1	1.468217E+1
3.794975E+0	-5.014976E+1	3.698589E+1
3.807450E+0	-5.046321E+1	6.015096E+1
3.819925E+0	-5.068159E+1	8.381483E+1
3.832400E+0	-5.084983E+1	1.071087E+2
3.844875E+0	-5.088842E+1	1.301556E+2
3.857350E+0	-5.087544E+1	1.526757E+2
3.869825E+0	-5.089534E+1	1.748505E+2
3.882300E+0	-5.097093E+1	1.957846E+2
3.894775E+0	-5.118044E+1	2.167568E+2
3.907250E+0	-5.147810E+1	2.378962E+2
3.919725E+0	-5.184883E+1	2.600349E+2
3.932200E+0	-5.227477E+1	-7.773705E+1
3.944675E+0	-5.249385E+1	-5.421783E+1
3.957150E+0	-5.273893E+1	-3.124788E+1
3.969625E+0	-5.287285E+1	-8.763029E+0
3.982100E+0	-5.298359E+1	1.365779E+1
3.994575E+0	-5.309082E+1	3.580010E+1
4.007050E+0	-5.337476E+1	5.683537E+1
4.019525E+0	-5.362979E+1	7.870909E+1
4.032000E+0	-5.404436E+1	1.008217E+2
4.044475E+0	-5.449871E+1	1.228676E+2
4.056950E+0	-5.481228E+1	1.459026E+2
4.069425E+0	-5.517788E+1	1.700173E+2
4.081900E+0	-5.525203E+1	1.941204E+2
4.094375E+0	-5.543575E+1	2.175007E+2
4.106850E+0	-5.548678E+1	2.393362E+2
4.119325E+0	-5.554404E+1	2.620212E+2
4.131800E+0	-5.573380E+1	-7.610928E+1
4.144275E+0	-5.600846E+1	-5.479076E+1
4.156750E+0	-5.617326E+1	-3.217369E+1
4.169225E+0	-5.658883E+1	-9.433783E+0
4.181700E+0	-5.679164E+1	1.375927E+1
4.194175E+0	-5.699705E+1	3.713221E+1
4.206650E+0	-5.697874E+1	6.120073E+1
4.219125E+0	-5.707634E+1	8.318385E+1
4.231600E+0	-5.694673E+1	1.047389E+2
4.244075E+0	-5.717696E+1	1.255578E+2
4.256550E+0	-5.735962E+1	1.474375E+2
4.269025E+0	-5.778204E+1	1.687763E+2
4.281500E+0	-5.797445E+1	1.899543E+2
4.293975E+0	-5.843233E+1	2.124483E+2
4.306450E+0	-5.884172E+1	2.347313E+2
4.318925E+0	-5.909085E+1	2.585606E+2
4.331400E+0	-5.934480E+1	-7.789427E+1
4.343875E+0	-5.944753E+1	-5.598983E+1
4.356350E+0	-5.964032E+1	-3.280090E+1
4.368825E+0	-5.988492E+1	-1.221011E+1
4.381300E+0	-6.015823E+1	1.013774E+1
4.393775E+0	-6.041339E+1	3.168883E+1
4.406250E+0	-6.100000E+1	5.460541E+1
4.418725E+0	-6.144486E+1	7.754220E+1
4.431200E+0	-6.174160E+1	1.020466E+2
4.443675E+0	-6.191180E+1	1.265118E+2
4.456150E+0	-6.210058E+1	1.504859E+2
4.468625E+0	-6.192062E+1	1.735646E+2
4.481100E+0	-6.198418E+1	1.953785E+2
4.493575E+0	-6.200080E+1	2.176679E+2
4.506050E+0	-6.237370E+1	2.396157E+2
4.518525E+0	-6.258636E+1	2.614327E+2
4.531000E+0	-6.287225E+1	-7.697310E+1
4.543475E+0	-6.318202E+1	-5.319177E+1
4.555950E+0	-6.340935E+1	-3.057009E+1
4.568425E+0	-6.354426E+1	-6.777513E+0
4.580900E+0	-6.352814E+1	1.470075E+1
4.593375E+0	-6.379630E+1	3.562639E+1
4.605850E+0	-6.369830E+1	5.860803E+1
4.618325E+0	-6.402821E+1	7.817677E+1
4.630800E+0	-6.454967E+1	1.009901E+2
4.643275E+0	-6.490356E+1	1.227584E+2
4.655750E+0	-6.565260E+1	1.454223E+2
4.668225E+0	-6.586719E+1	1.684532E+2
4.680700E+0	-6.622605E+1	1.924400E+2
4.693175E+0	-6.628902E+1	2.180422E+2
4.705650E+0	-6.637797E+1	2.399144E+2
4.718125E+0	-6.629095E+1	2.630781E+2
4.730600E+0	-6.655569E+1	-7.388081E+1
4.743075E+0	-6.673606E+1	-5.415607E+1
4.755550E+0	-6.696440E+1	-3.433873E+1
4.768025E+0	-6.747648E+1	-1.047308E+1
4.780500E+0	-6.786234E+1	1.223887E+1
4.792975E+0	-6.825902E+1	3.809439E+1
4.805450E+0	-6.825612E+1	6.080742E+1
4.817925E+0	-6.833076E+1	8.497948E+1
4.830400E+0	-6.836055E+1	1.076893E+2
4.842875E+0	-6.835327E+1	1.286653E+2
4.855350E+0	-6.856057E+1	1.503432E+2
4.867825E+0	-6.874343E+1	1.704105E+2
4.880300E+0	-6.929108E+1	1.942548E+2
4.892775E+0	-6.969469E+1	2.134325E+2
4.905250E+0	-7.012132E+1	2.387724E+2
4.917725E+0	-7.080105E+1	2.637359E+2
4.930200E+0	-7.070422E+1	-7.149923E+1
4.942675E+0	-7.089301E+1	-4.815509E+1
4.955150E+0	-7.132970E+1	-2.810351E+1
4.967625E+0	-7.095936E+1	-4.801372E+0
4.980100E+0	-7.078482E+1	1.458479E+1
4.992575E+0	-7.130070E+1	3.705156E+1
5.005050E+0	-7.152431E+1	5.878226E+1
5.017525E+0	-7.261413E+1	8.031175E+1
5.030000E+0	-7.230190E+1	1.108528E+2
5.042475E+0	-7.253020E+1	1.338773E+2
5.054950E+0	-7.265779E+1	1.561227E+2
5.067425E+0	-7.286083E+1	1.771067E+2
5.079900E+0	-7.278986E+1	2.028238E+2
5.092375E+0	-7.252181E+1	2.213395E+2
5.104850E+0	-7.331931E+1	2.454222E+2
5.117325E+0	-7.344592E+1	2.658367E+2
5.129800E+0	-7.456513E+1	-7.223788E+1
5.142275E+0	-7.450278E+1	-5.287551E+1
5.154750E+0	-7.461495E+1	-2.243852E+1
5.167225E+0	-7.483738E+1	-5.238880E+0
5.179700E+0	-7.592796E+1	2.193602E+1
5.192175E+0	-7.551292E+1	4.404587E+1
5.204650E+0	-7.575100E+1	6.134614E+1
5.217125E+0	-7.641093E+1	9.256920E+1
5.229600E+0	-7.533052E+1	1.170373E+2
5.242075E+0	-7.693885E+1	1.336017E+2
5.254550E+0	-7.662686E+1	1.594318E+2
5.267025E+0	-7.691820E+1	1.776490E+2
5.279500E+0	-7.812722E+1	2.004661E+2
5.291975E+0	-7.693737E+1	2.263334E+2
5.304450E+0	-7.801226E+1	2.548134E+2
5.316925E+0	-7.820766E+1	-7.969711E+1
5.329400E+0	-7.754056E+1	-6.491589E+1
5.341875E+0	-7.818631E+1	-4.476167E+1
5.354350E+0	-7.677695E+1	-2.202412E+1
5.366825E+0	-7.874128E+1	-4.116567E+0
5.379300E+0	-7.892417E+1	2.344240E+1
5.391775E+0	-7.946329E+1	4.419712E+1
5.404250E+0	-7.998737E+1	7.003215E+1
5.416725E+0	-8.058915E+1	9.200302E+1
5.429200E+0	-8.097438E+1	1.173165E+2
5.441675E+0	-7.991192E+1	1.378648E+2
5.454150E+0	-8.111523E+1	1.683824E+2
5.466625E+0	-8.042661E+1	1.815679E+2
5.479100E+0	-8.023888E+1	2.092128E+2
5.491575E+0	-8.051126E+1	2.209276E+2
5.504050E+0	-8.136507E+1	2.499887E+2
5.516525E+0	-8.387621E+1	2.683137E+2
5.529000E+0	-8.242150E+1	-6.356465E+1
5.541475E+0	-8.247346E+1	-2.967570E+1
5.553950E+0	-8.205854E+1	-1.390858E+1
5.566425E+0	-8.303358E+1	5.607214E+0
5.578900E+0	-8.318224E+1	3.636695E+1
5.591375E+0	-8.314794E+1	4.500101E+1
5.603850E+0	-8.209662E+1	6.749179E+1
5.616325E+0	-8.313755E+1	9.362277E+1
5.628800E+0	-8.523072E+1	1.063156E+2
5.641275E+0	-8.777654E+1	1.368946E+2
5.653750E+0	-8.407876E+1	1.610256E+2
5.666225E+0	-8.553717E+1	1.860530E+2
5.678700E+0	-8.385992E+1	2.166841E+2
5.691175E+0	-8.537481E+1	2.339515E+2
5.703650E+0	-8.580814E+1	2.519422E+2
5.716125E+0	-8.538643E+1	-7.447277E+1
5.728600E+0	-8.439693E+1	-6.837962E+1
5.741075E+0	-8.398203E+1	-4.512947E+1
5.753550E+0	-8.467120E+1	-1.017949E+1
5.766025E+0	-8.650553E+1	3.715466E-1
5.778500E+0	-8.571314E+1	5.193614E+1
5.790975E+0	-9.112328E+1	4.066852E+1
5.803450E+0	-8.847529E+1	9.175210E+1
5.815925E+0	-8.741827E+1	9.389812E+1
5.828400E+0	-8.978039E+1	1.337209E+2
5.840875E+0	-8.716074E+1	1.590283E+2
5.853350E+0	-8.748949E+1	1.695760E+2
5.865825E+0	-8.929098E+1	1.797994E+2
5.878300E+0	-8.991486E+1	2.243070E+2
5.890775E+0	-8.922289E+1	2.280464E+2
5.903250E+0	-8.846016E+1	2.666786E+2
5.915725E+0	-8.726852E+1	2.778420E+2
5.928200E+0	-8.799435E+1	-5.683860E+1
5.940675E+0	-8.782722E+1	-2.251581E+1
5.953150E+0	-9.024007E+1	-1.339939E+0
5.965625E+0	-8.836076E+1	2.073132E+1
5.978100E+0	-8.972182E+1	3.060916E+1
5.990575E+0	-9.143934E+1	5.856175E+1
6.003050E+0	-8.922927E+1	8.767014E+1
6.015525E+0	-9.073381E+1	1.124303E+2
6.028000E+0	-8.887716E+1	1.251948E+2
6.040475E+0	-8.999125E+1	1.662146E+2
6.052950E+0	-9.003294E+1	1.943510E+2
6.065425E+0	-9.327867E+1	2.042084E+2
6.077900E+0	-8.937607E+1	2.186221E+2
6.090375E+0	-9.108447E+1	2.595120E+2
6.102850E+0	-9.155656E+1	2.435778E+2
6.115325E+0	-9.073614E+1	-5.319120E+1
6.127800E+0	-9.469908E+1	-3.322806E+1
6.140275E+0	-9.526088E+1	-5.487463E+0
6.152750E+0	-9.956152E+1	1.105514E+1
6.165225E+0	-1.072148E+2	6.783230E+1
6.177700E+0	-9.526609E+1	8.728068E+1
6.190175E+0	-9.628015E+1	1.230034E+2
6.202650E+0	-9.695113E+1	6.546597E+1
6.215125E+0	-9.978687E+1	1.471822E+2
6.227600E+0	-9.932537E+1	1.009925E+2
6.240075E+0	-9.341203E+1	1.822486E+2
6.252550E+0	-1.001333E+2	2.157552E+2
6.265025E+0	-9.589459E+1	2.212081E+2
6.277500E+0	-9.745029E+1	2.689497E+2
6.289975E+0	-9.475602E+1	-4.883833E+1
6.302450E+0	-1.061060E+2	-5.702257E+1
6.314925E+0	-1.025540E+2	2.339007E+2
6.327400E+0	-1.013739E+2	-4.664344E+1
6.339875E+0	-1.048734E+2	-1.544934E+1
6.352350E+0	-9.620422E+1	4.373429E+1
6.364825E+0	-9.489050E+1	4.442161E+1
6.377300E+0	-9.705335E+1	7.589002E+1
6.389775E+0	-1.000782E+2	3.299568E+1
6.402250E+0	-9.738241E+1	1.287347E+2
6.414725E+0	-1.005672E+2	1.310130E+2
6.427200E+0	-9.850510E+1	1.994550E+2
6.439675E+0	-9.284272E+1	1.421277E+2
6.452150E+0	-1.006118E+2	1.630806E+2
6.464625E+0	-1.016577E+2	2.338087E+2
6.477100E+0	-1.001950E+2	2.617687E+2
6.489575E+0	-1.078936E+2	1.721255E+2
6.502050E+0	-9.879744E+1	2.707025E+2
6.514525E+0	-9.717267E+1	2.590774E+2
6.527000E+0	-1.118731E+2	-6.796058E+1
6.539475E+0	-9.691937E+1	-4.055416E+1
6.551950E+0	-9.292196E+1	-1.653081E+1
6.564425E+0	-1.015804E+2	1.368141E+2
6.576900E+0	-9.310466E+1	5.981738E+1
6.589375E+0	-9.731274E+1	1.000617E+2
6.601850E+0	-1.222150E+2	-7.720111E+1
6.614325E+0	-9.450742E+1	1.257570E+2
6.626800E+0	-9.970934E+1	1.049952E+2
6.639275E+0	-9.994167E+1	1.372197E+2
6.651750E+0	-9.306715E+1	2.086847E+2
6.664225E+0	-9.627962E+1	1.601562E+2
6.676700E+0	-1.036401E+2	1.819008E+2
6.689175E+0	-9.642257E+1	1.271223E+1
6.701650E+0	-1.133437E+2	1.597064E+2
6.714125E+0	-8.808813E+1	-3.261390E+1
6.726600E+0	-1.032047E+2	6.470292E+1
6.739075E+0	-1.015559E+2	-2.850423E+1
6.751550E+0	-1.001783E+2	-5.011277E+1
6.764025E+0	-9.112333E+1	2.475150E+1
6.776500E+0	-9.362061E+1	1.041618E+2
6.788975E+0	-9.850842E+1	1.248644E+2
6.801450E+0	-9.753056E+1	1.408007E+2
6.813925E+0	-9.362425E+1	1.663655E+2
6.826400E+0	-1.129076E+2	1.453551E+2
6.838875E+0	-1.026715E+2	1.544220E+2
6.851350E+0	-9.503519E+1	2.257747E+2
6.863825E+0	-9.658850E+1	2.615944E+2
6.876300E+0	-9.573494E+1	-6.033421E+1
6.888775E+0	-9.996133E+1	2.679519E+2
6.901250E+0	-9.871332E+1	2.765555E+2
6.913725E+0	-9.965121E+1	2.312240E+2
6.926200E+0	-9.602211E+1	-5.792383E+1
6.938675E+0	-9.566475E+1	6.026114E+1
6.951150E+0	-9.555473E+1	1.492620E+2
6.963625E+0	-1.076391E+2	3.419711E+1
6.976100E+0	-9.608453E+1	1.820964E+2
6.988575E+0	-9.805630E+1	1.867220E+2
7.001050E+0	-9.533528E+1	1.330660E+2
7.013525E+0	-9.874692E+1	1.455704E+2
7.026000E+0	-9.596713E+1	6.137448E+1
7.038475E+0	-9.973079E+1	2.789254E+2
7.050950E+0	-1.005599E+2	-5.559542E+1
7.063425E+0	-9.444365E+1	-6.089265E+1
7.075900E+0	-9.621635E+1	-6.079591E+1
7.088375E+0	-1.007936E+2	9.359995E+1
7.100850E+0	-9.617428E+1	1.121570E+2
7.113325E+0	-1.105545E+2	1.581543E+2
7.125800E+0	-1.080069E+2	-2.409128E+0
7.138275E+0	-1.001671E+2	8.151833E+1
7.150750E+0	-9.996102E+1	1.534942E+2
7.163225E+0	-1.028558E+2	2.298856E+2
7.175700E+0	-1.031048E+2	-1.595222E+1
7.188175E+0	-1.047845E+2	-7.822391E+1
7.200650E+0	-9.693349E+1	8.760726E+1
7.213125E+0	-9.347969E+1	1.130972E+2
7.225600E+0	-1.086786E+2	5.110246E+1
7.238075E+0	-9.243793E+1	5.748760E+1
7.250550E+0	-9.183052E+1	4.687423E+1
7.263025E+0	-1.041050E+2	2.760747E+2
7.275500E+0	-1.086856E+2	2.582312E+2
7.287975E+0	-1.010377E+2	2.022264E+2
7.300450E+0	-1.060142E+2	-7.009954E+1
7.312925E+0	-9.344955E+1	2.409566E+2
7.325400E+0	-9.635493E+1	1.421965E+2
7.337875E+0	-1.018683E+2	1.379013E+1
7.350350E+0	-9.571813E+1	2.148999E+2
7.362825E+0	-9.878249E+1	-6.491081E+1
7.375300E+0	-1.012558E+2	2.744976E+2
7.387775E+0	-1.088775E+2	6.538276E+0
7.400250E+0	-1.016641E+2	1.386501E+2
7.412725E+0	-1.084134E+2	5.658100E+1
7.425200E+0	-1.061885E+2	1.116073E+2
7.437675E+0	-1.031097E+2	2.704605E+2
7.450150E+0	-1.004541E+2	1.646491E+2
7.462625E+0	-1.138546E+2	-4.219459E+1
7.475100E+0	-9.142445E+1	1.927040E+2
7.487575E+0	-1.003582E+2	2.744028E+2
7.500050E+0	-1.028150E+2	-2.121088E+1
7.512525E+0	-9.295351E+1	2.474837E+2
7.525000E+0	-9.877621E+1	-2.883261E+1
7.537475E+0	-1.006734E+2	-6.612337E+1
7.549950E+0	-1.011015E+2	-5.589076E+1
7.562425E+0	-9.641243E+1	-9.560909E+0
7.574900E+0	-9.711766E+1	5.522534E+1
7.587375E+0	-9.850331E+1	2.909396E+1
7.599850E+0	-1.047990E+2	4.119447E+1
7.612325E+0	-9.988147E+1	6.239772E+1
7.624800E+0	-1.078119E+2	2.085665E+2
7.637275E+0	-1.011811E+2	1.822906E+2
7.649750E+0	-9.939831E+1	1.263042E+2
7.662225E+0	-1.082990E+2	-5.744645E+1
7.674700E+0	-1.141790E+2	2.727277E+2
7.687175E+0	-9.712881E+1	-3.876992E+1
7.699650E+0	-9.670784E+1	3.751645E+0
7.712125E+0	-1.057200E+2	2.458403E+1
7.724600E+0	-1.009423E+2	-2.393940E+1
7.737075E+0	-1.056867E+2	2.176202E+1
7.749550E+0	-9.706894E+1	2.039097E+1
7.762025E+0	-9.586334E+1	9.986371E+1
7.774500E+0	-9.699319E+1	8.862759E+1
7.786975E+0	-9.343372E+1	1.755614E+2
7.799450E+0	-1.037816E+2	1.344960E+2
7.811925E+0	-9.612080E+1	1.737170E+2
7.824400E+0	-9.603407E+1	-3.744374E+1
7.836875E+0	-1.067493E+2	2.566394E+2
7.849350E+0	-9.605106E+1	-5.202413E+1
7.861825E+0	-1.019114E+2	1.844376E+2
7.874300E+0	-1.014403E+2	2.577987E+1
7.886775E+0	-9.919635E+1	2.378573E+2
7.899250E+0	-9.992497E+1	1.211558E+2
7.911725E+0	-1.139682E+2	1.549894E+1
7.924200E+0	-1.058968E+2	2.885865E+1
7.936675E+0	-9.821520E+1	2.051351E+2
7.949150E+0	-9.954429E+1	1.237883E+2
7.961625E+0	-9.839522E+1	1.950126E+2
7.974100E+0	-9.314897E+1	-7.977400E+1
7.986575E+0	-9.588485E+1	3.175317E+1
7.999050E+0	-1.070116E+2	5.046686E+1
8.011525E+0	-9.761097E+1	2.718540E+2
8.024000E+0	-9.957922E+1	1.185525E+2
8.036475E+0	-1.033097E+2	1.258690E+2
8.048950E+0	-9.853884E+1	2.622698E+2
8.061425E+0	-9.725404E+1	1.851569E+1
8.073900E+0	-1.001919E+2	-3.606268E+1
8.086375E+0	-1.102973E+2	1.697808E+2
8.098850E+0	-9.522402E+1	1.955349E+2
8.111325E+0	-9.568109E+1	8.557944E+1
8.123800E+0	-1.040074E+2	9.255125E+1
8.136275E+0	-1.082089E+2	2.189230E+2
8.148750E+0	-9.938064E+1	1.554164E+2
8.161225E+0	-1.028866E+2	1.525239E+1
8.173700E+0	-9.955702E+1	4.110101E+0
8.186175E+0	-1.007029E+2	-2.892697E+1
8.198650E+0	-9.350632E+1	5.533880E+1
8.211125E+0	-1.109476E+2	-2.268524E+1
8.223600E+0	-9.381844E+1	8.889520E+1
8.236075E+0	-9.693053E+1	1.132503E+2
8.248550E+0	-9.602329E+1	1.025755E+2
8.261025E+0	-9.785200E+1	8.678446E+1
8.273500E+0	-1.053841E+2	2.201422E+2
8.285975E+0	-1.029329E+2	-6.428077E+1
8.298450E+0	-1.070131E+2	2.527213E+2
8.310925E+0	-9.531054E+1	-6.184177E+1
8.323400E+0	-9.615048E+1	-1.536565E+1
8.335875E+0	-9.461217E+1	-1.213989E+1
8.348350E+0	-9.276805E+1	2.848697E+1
8.360825E+0	-9.280359E+1	8.030142E+1
8.373300E+0	-1.223892E+2	1.999293E+2
8.385775E+0	-9.483610E+1	2.126951E+2
8.398250E+0	-1.081876E+2	2.454851E+2
8.410725E+0	-1.021911E+2	-7.441691E+1
8.423200E+0	-9.189111E+1	1.393522E+2
8.435675E+0	-1.031872E+2	1.507106E+2
8.448150E+0	-1.033347E+2	-1.368492E+1
8.460625E+0	-1.003176E+2	1.806763E+2
8.473100E+0	-1.030793E+2	6.379513E+1
8.485575E+0	-9.480067E+1	-5.407234E+1
8.498050E+0	-1.036377E+2	4.398196E+1
8.510525E+0	-9.830973E+1	-1.321202E+1
8.523000E+0	-1.010267E+2	1.817132E+2
8.535475E+0	-1.011925E+2	-5.040403E+1
8.547950E+0	-1.075127E+2	3.886289E+1
8.560425E+0	-1.046113E+2	2.704445E+2
8.572900E+0	-9.455427E+1	1.413222E+2
8.585375E+0	-1.078410E+2	-5.359773E+1
8.597850E+0	-9.325892E+1	1.724156E+2
8.610325E+0	-1.085906E+2	-3.102182E+1
8.622800E+0	-9.658455E+1	2.660769E+2
8.635275E+0	-1.070112E+2	2.555648E+2
8.647750E+0	-1.025710E+2	-3.898214E+1
8.660225E+0	-9.687479E+1	3.316595E+1
8.672700E+0	-1.002651E+2	5.501694E+1
8.685175E+0	-1.036321E+2	2.075001E+1
8.697650E+0	-9.696531E+1	6.976196E+1
8.710125E+0	-9.421851E+1	1.628077E+2
8.722600E+0	-9.862141E+1	1.909333E+2
8.735075E+0	-1.028553E+2	-2.578027E+1
8.747550E+0	-9.772485E+1	2.034274E+2
8.760025E+0	-9.998796E+1	2.482383E+2
8.772500E+0	-9.286918E+1	2.228903E+2
8.784975E+0	-1.077365E+2	2.207589E+1
8.797450E+0	-9.599862E+1	9.443884E+1
8.809925E+0	-9.204459E+1	4.405441E+1
8.822400E+0	-1.152166E+2	1.273449E+2
8.834875E+0	-1.150994E+2	2.178112E+2
8.847350E+0	-1.043343E+2	6.937617E+1
8.859825E+0	-1.011281E+2	1.357136E+2
8.872300E+0	-1.029718E+2	1.038552E+2
8.884775E+0	-1.058474E+2	6.432033E+1
8.897250E+0	-9.743103E+1	1.547840E+2
8.909725E+0	-9.721034E+1	1.899638E+2
8.922200E+0	-1.137041E+2	2.815413E+1
8.934675E+0	-1.058116E+2	7.713070E+1
8.947150E+0	-1.028674E+2	1.391737E+2
8.959625E+0	-1.040251E+2	2.285166E+2
8.972100E+0	-9.536423E+1	-5.219411E+1
8.984575E+0	-9.719043E+1	1.682571E+2
8.997050E+0	-9.491085E+1	-3.342395E+1
9.009525E+0	-9.820800E+1	2.132333E+1
9.022000E+0	-9.563122E+1	3.001656E+1
9.034475E+0	-1.013239E+2	2.943762E+1
9.046950E+0	-1.008426E+2	8.587039E+0
9.059425E+0	-1.013143E+2	2.757480E+2
9.071900E+0	-9.354901E+1	1.687602E+2
9.084375E+0	-9.648010E+1	1.261734E+2
9.096850E+0	-9.762777E+1	2.425413E+2
9.109325E+0	-9.636272E+1	1.772881E+1
9.121800E+0	-1.055515E+2	2.776147E+2
9.134275E+0	-9.888950E+1	-1.172933E+1
9.146750E+0	-9.119240E+1	2.077030E+1
9.159225E+0	-1.073872E+2	-2.898303E+1
9.171700E+0	-1.114670E+2	2.041189E+2
9.184175E+0	-9.571894E+1	9.897903E+1
9.196650E+0	-1.004395E+2	2.748269E+1
9.209125E+0	-9.629698E+1	1.886381E+2
9.221600E+0	-1.066686E+2	4.939132E+1
9.234075E+0	-9.389989E+1	2.400737E+2
9.246550E+0	-9.556525E+1	2.788519E+2
9.259025E+0	-1.144523E+2	1.828559E+2
9.271500E+0	-1.004209E+2	6.082005E+1
9.283975E+0	-1.075790E+2	4.588809E+0
9.296450E+0	-1.028901E+2	6.134224E+1
9.308925E+0	-9.885725E+1	2.783427E+2
9.321400E+0	-1.020902E+2	1.202470E+2
9.333875E+0	-1.030382E+2	6.301231E+1
9.346350E+0	-9.632334E+1	-1.128929E+1
9.358825E+0	-9.758897E+1	1.956239E+2
9.371300E+0	-9.746779E+1	7.266628E+1
9.383775E+0	-9.772032E+1	1.344401E+2
9.396250E+0	-1.085228E+2	1.863277E+2
9.408725E+0	-9.877596E+1	2.050782E+2
9.421200E+0	-9.629180E+1	1.915098E+2
9.433675E+0	-1.085822E+2	2.769400E+2
9.446150E+0	-1.052377E+2	1.339092E+2
9.458625E+0	-9.368199E+1	4.321922E+1
9.471100E+0	-9.318375E+1	-7.529144E+1
9.483575E+0	-1.033661E+2	1.431678E+2
9.496050E+0	-9.916620E+1	1.865529E+2
9.508525E+0	-1.049812E+2	-7.135283E+1
9.521000E+0	-1.109728E+2	1.359515E+2
9.533475E+0	-9.486343E+1	8.640234E+1
9.545950E+0	-9.935101E+1	1.796910E+2
9.558425E+0	-9.402274E+1	1.899564E+2
9.570900E+0	-1.063038E+2	-6.739751E+1
9.583375E+0	-9.672677E+1	2.355925E+2
9.595850E+0	-9.153023E+1	-6.402411E+1
9.608325E+0	-9.488290E+1	-3.451857E+1
9.620800E+0	-1.122110E+2	1.360942E+1
9.633275E+0	-9.197972E+1	1.135959E+1
9.645750E+0	-1.052081E+2	3.701319E+1
9.658225E+0	-9.209043E+1	7.204729E+1
9.670700E+0	-1.232002E+2	2.487208E+2
9.683175E+0	-1.084056E+2	1.245879E+2
9.695650E+0	-1.014552E+2	5.444223E+1
9.708125E+0	-9.646146E+1	1.709541E+2
9.720600E+0	-1.000126E+2	7.085394E+1
9.733075E+0	-1.010462E+2	2.076224E+2
9.745550E+0	-9.732446E+1	1.556590E+2
9.758025E+0	-1.025611E+2	2.450092E+2
9.770500E+0	-9.322428E+1	-2.884463E+1
9.782975E+0	-1.007878E+2	-6.646978E+1
9.795450E+0	-1.044016E+2	-1.234310E+1
9.807925E+0	-9.207796E+1	7.205485E+1
9.820400E+0	-9.092729E+1	6.176898E+1
9.832875E+0	-9.956330E+1	3.675381E+1
9.845350E+0	-1.002273E+2	-7.531742E+1
9.857825E+0	-9.059307E+1	2.328478E+2
9.870300E+0	-9.849955E+1	2.336375E+2
9.882775E+0	-9.699918E+1	-7.583434E+1
9.895250E+0	-9.511691E+1	1.855404E+2
9.907725E+0	-9.328268E+1	-5.367348E+1
9.920200E+0	-9.860831E+1	-3.668943E+1
9.932675E+0	-9.398488E+1	-3.817725E+1
9.945150E+0	-9.464029E+1	-6.098136E+1
9.957625E+0	-9.513647E+1	1.720484E+1
9.970100E+0	-1.073533E+2	-7.508485E+0
9.982575E+0	-1.000962E+2	4.093677E+1
9.995050E+0	-1.011212E+2	2.760294E+2
1.000752E+1	-9.472316E+1	6.909344E+1
1.002000E+1	-9.908676E+1	2.162204E+2
1.003247E+1	-1.032184E+2	1.864618E+2
1.004495E+1	-1.104496E+2	2.708217E+2
1.005743E+1	-9.360313E+1	2.676638E+2
1.006990E+1	-9.904451E+1	1.286440E+2
1.008238E+1	-9.567200E+1	2.482172E+2
1.009485E+1	-1.022838E+2	-5.320341E+1
1.010732E+1	-1.071571E+2	-2.126298E+0
1.011980E+1	-1.029441E+2	1.866634E+2
1.013227E+1	-1.009738E+2	5.832597E+1
1.014475E+1	-1.070484E+2	1.257675E+2
1.015723E+1	-9.700880E+1	9.573632E+1
1.016970E+1	-1.026934E+2	-1.803667E+1
1.018218E+1	-1.105214E+2	-2.515384E+1
1.019465E+1	-9.335665E+1	2.349225E+2
1.020712E+1	-9.472628E+1	1.964001E+2
1.021960E+1	-9.981019E+1	2.226174E+2
1.023208E+1	-1.056202E+2	-4.067667E+1
1.024455E+1	-9.705201E+1	-3.918386E+1
1.025703E+1	-9.571729E+1	1.517940E+2
1.026950E+1	-1.021996E+2	-5.624290E+1
1.028197E+1	-1.017417E+2	5.882100E+1
1.029445E+1	-9.387268E+1	1.581548E+1
1.030692E+1	-1.058576E+2	3.132461E+1
1.031940E+1	-9.607107E+1	1.162034E+2
1.033188E+1	-9.544565E+1	1.778718E+2
1.034435E+1	-9.748039E+1	2.087385E+2
1.035683E+1	-9.867966E+1	2.496962E+2
1.036930E+1	-9.381465E+1	-5.468462E+1
1.038177E+1	-9.769069E+1	2.719038E+2
1.039425E+1	-1.004624E+2	-1.080400E+1
1.040672E+1	-9.484340E+1	-6.718784E+1
1.041920E+1	-9.854177E+1	-6.313464E+1
1.043168E+1	-9.440138E+1	-9.594247E+0
1.044415E+1	-9.884236E+1	1.154284E+2
1.045663E+1	-1.035888E+2	1.356299E+2
1.046910E+1	-9.348800E+1	5.722345E+1
1.048157E+1	-9.513558E+1	1.774582E+2
1.049405E+1	-9.693417E+1	5.495998E+1
1.050652E+1	-1.055012E+2	2.112480E+2
1.051900E+1	-1.035271E+2	1.694444E+2
1.053148E+1	-1.054224E+2	6.896716E+1
1.054395E+1	-9.471207E+1	-4.220097E+1
1.055643E+1	-1.033011E+2	8.720737E+1
1.056890E+1	-9.577845E+1	1.263585E+1
1.058137E+1	-9.897192E+1	2.888113E+1
1.059385E+1	-9.333416E+1	-3.081709E+1
1.060633E+1	-1.009646E+2	1.431325E+1
1.061880E+1	-9.574744E+1	7.416873E+0
1.063128E+1	-1.099652E+2	7.766476E+1
1.064375E+1	-9.567320E+1	4.445662E+1
1.065622E+1	-9.049493E+1	6.747888E+1
1.066870E+1	-1.151487E+2	1.696874E+2
1.068117E+1	-1.056318E+2	8.892583E+1
1.069365E+1	-9.406196E+1	2.331685E+2
1.070613E+1	-9.489172E+1	2.772790E+2
1.071860E+1	-9.643849E+1	2.678439E+2
1.073108E+1	-1.062927E+2	-3.596015E+1
1.074355E+1	-9.767930E+1	-2.322702E+1
1.075602E+1	-9.664816E+1	-6.313610E+1
1.076850E+1	-1.010402E+2	2.572458E+2
1.078097E+1	-9.796463E+1	1.919062E+2
1.079345E+1	-9.575356E+1	1.245648E+2
1.080593E+1	-9.393165E+1	1.165501E+2
1.081840E+1	-9.176816E+1	1.491600E+2
1.083088E+1	-9.646182E+1	2.318091E+2
1.084335E+1	-1.075673E+2	6.986347E+1
1.085582E+1	-9.809438E+1	2.726454E+2
1.086830E+1	-1.116972E+2	2.270537E+2
1.088077E+1	-1.157920E+2	6.175196E+1
1.089325E+1	-1.186837E+2	1.463289E+2
1.090573E+1	-9.606885E+1	2.323896E+2
1.091820E+1	-9.732397E+1	1.484017E+2
1.093068E+1	-9.848017E+1	6.676273E+1
1.094315E+1	-1.034832E+2	-2.743456E+1
1.095562E+1	-1.118763E+2	-4.048177E+1
1.096810E+1	-9.655309E+1	1.310341E+2
1.098057E+1	-9.989006E+1	8.506276E+1
1.099305E+1	-9.402022E+1	7.948693E+1
1.100553E+1	-9.570754E+1	1.243352E+2
1.101800E+1	-9.830219E+1	1.906926E+2
1.103047E+1	-1.013507E+2	-1.294615E+1
1.104295E+1	-9.659556E+1	2.770943E+2
1.105542E+1	-1.040589E+2	2.746680E+2
1.106790E+1	-1.037935E+2	-5.020135E+1
1.108038E+1	-9.478838E+1	-4.369746E+1
1.109285E+1	-1.140746E+2	1.209651E+2
1.110533E+1	-9.312450E+1	4.972424E+1
1.111780E+1	-9.817439E+1	1.543883E+1
1.113027E+1	-9.891871E+1	1.305369E+2
1.114275E+1	-9.684676E+1	3.451389E+1
1.115522E+1	-9.389289E+1	2.099278E+2
1.116770E+1	-9.846423E+1	1.817475E+2
1.118018E+1	-9.660446E+1	1.286218E+2
1.119265E+1	-9.590251E+1	1.450667E+2
1.120513E+1	-9.495168E+1	2.210513E+2
1.121760E+1	-1.160888E+2	-5.793110E+1
1.123007E+1	-9.792619E+1	1.311368E+1
1.124255E+1	-1.098458E+2	1.601537E+2
1.125502E+1	-1.018590E+2	1.592901E+2
1.126750E+1	-9.582006E+1	2.126610E+2
1.127998E+1	-1.016463E+2	9.753656E+1
1.129245E+1	-1.011952E+2	9.749320E+1
1.130493E+1	-9.277285E+1	1.025502E+2
1.131740E+1	-1.026335E+2	2.175164E+2
1.132987E+1	-1.097264E+2	2.405778E+2
1.134235E+1	-1.129904E+2	-5.821440E+1
1.135482E+1	-9.868581E+1	-7.774611E+1
1.136730E+1	-9.269413E+1	1.733001E+2
1.137978E+1	-9.172973E+1	5.129358E+1
1.139225E+1	-9.798846E+1	1.400447E+2
1.140472E+1	-9.437318E+1	2.694330E+1
1.141720E+1	-1.086756E+2	2.456640E+2
1.142967E+1	-9.929023E+1	8.022532E+1
1.144215E+1	-1.054446E+2	8.471571E+1
1.145463E+1	-9.899846E+1	4.617224E+1
1.146710E+1	-1.051114E+2	-5.077309E+1
1.147958E+1	-1.082650E+2	1.565179E+2
1.149205E+1	-9.801907E+1	4.276050E+1
1.150452E+1	-9.515662E+1	1.551367E+2
1.151700E+1	-1.088956E+2	2.515178E+2
1.152947E+1	-9.807288E+1	2.564790E+2
1.154195E+1	-1.006604E+2	2.374209E+2
1.155443E+1	-9.935571E+1	5.502839E+0
1.156690E+1	-9.941192E+1	1.536457E+1
1.157938E+1	-9.892921E+1	1.282077E+2
1.159185E+1	-1.007769E+2	2.636631E+2
1.160432E+1	-9.799941E+1	-1.955539E+0
1.161680E+1	-1.052728E+2	2.025460E+2
1.162927E+1	-9.734179E+1	2.334482E+2
1.164175E+1	-9.542103E+1	8.026948E+1
1.165423E+1	-1.086562E+2	2.119568E+2
1.166670E+1	-1.017346E+2	2.380195E+1
1.167918E+1	-9.540464E+1	1.468063E+2
1.169165E+1	-9.826304E+1	3.521040E+1
1.170412E+1	-9.765768E+1	2.357672E+2
1.171660E+1	-9.435405E+1	1.898015E+2
1.172907E+1	-1.009657E+2	2.242110E+1
1.174155E+1	-9.871503E+1	2.025850E+2
1.175403E+1	-9.404652E+1	1.076479E+2
1.176650E+1	-9.614154E+1	1.541484E+2
1.177898E+1	-9.497730E+1	1.707685E+2
1.179145E+1	-1.008816E+2	2.533210E+2
1.180392E+1	-9.881705E+1	-5.763778E+1
1.181640E+1	-1.203031E+2	7.776620E+1
1.182888E+1	-9.606127E+1	7.356690E+1
1.184135E+1	-9.984892E+1	1.580416E+2
1.185383E+1	-1.114263E+2	1.075788E+2
1.186630E+1	-9.653372E+1	1.682930E+2
1.187877E+1	-9.777605E+1	3.644990E+1
1.189125E+1	-1.013236E+2	-4.506644E+0
1.190372E+1	-9.690234E+1	4.599978E+1
1.191620E+1	-1.055734E+2	7.661150E+1
1.192868E+1	-9.352429E+1	1.179388E+1
1.194115E+1	-9.493363E+1	6.784959E+1
1.195363E+1	-1.120035E+2	8.875705E+1
1.196610E+1	-9.892086E+1	-1.405447E+1
1.197857E+1	-9.383193E+1	2.015871E+2
1.199105E+1	-1.036359E+2	3.867259E+1
1.200352E+1	-9.788213E+1	2.453004E+1
1.201600E+1	-9.752831E+1	1.055901E+2
1.202848E+1	-9.895693E+1	-5.300697E+1
1.204095E+1	-9.903018E+1	9.762718E+1
1.205343E+1	-9.641533E+1	2.373829E+2
1.206590E+1	-1.058608E+2	5.225617E+1
1.207837E+1	-1.018436E+2	8.393764E+0
1.209085E+1	-1.004088E+2	2.029312E+2
1.210332E+1	-1.022316E+2	1.465436E+2
1.211580E+1	-9.698434E+1	1.410447E+1
1.212828E+1	-1.032062E+2	-7.301422E+1
1.214075E+1	-9.732838E+1	8.802457E+0
1.215323E+1	-9.773993E+1	3.340398E+0
1.216570E+1	-9.938045E+1	-7.836557E+1
1.217817E+1	-9.879686E+1	6.389830E+1
1.219065E+1	-1.014738E+2	9.848006E+1
1.220313E+1	-9.796175E+1	1.630325E+1
1.221560E+1	-9.915456E+1	1.942564E+2
1.222808E+1	-1.024749E+2	1.266906E+2
1.224055E+1	-1.071434E+2	1.154481E+2
1.225302E+1	-1.002540E+2	1.305867E+2
1.226550E+1	-9.622453E+1	2.128710E+2
1.227797E+1	-9.782955E+1	2.706902E+2
1.229045E+1	-1.087812E+2	1.046998E+2
1.230293E+1	-9.947472E+1	1.057754E+2
1.231540E+1	-9.730135E+1	8.769013E+0
1.232788E+1	-1.071060E+2	-7.618833E+1
1.234035E+1	-9.335091E+1	1.570974E+2
1.235282E+1	-1.006323E+2	6.129427E+1
1.236530E+1	-1.043464E+2	1.529975E+2
1.237777E+1	-9.243636E+1	1.690370E+2
1.239025E+1	-1.228597E+2	2.732695E+2
1.240273E+1	-1.041497E+2	2.344890E+2
1.241520E+1	-1.020208E+2	1.266360E+2
1.242768E+1	-1.004846E+2	2.262009E+2
1.244015E+1	-9.632733E+1	2.567878E+2
1.245262E+1	-1.011557E+2	2.321903E+2
1.246510E+1	-9.684031E+1	9.158654E+1
1.247757E+1	-9.496795E+1	2.760456E+2
1.249005E+1	-9.794951E+1	3.866123E+1
1.250253E+1	-1.066936E+2	-2.316065E+1
1.251500E+1	-1.031542E+2	3.125427E+1
1.252748E+1	-9.849588E+1	2.588594E+2
1.253995E+1	-1.017149E+2	1.199147E+2
1.255242E+1	-9.934241E+1	1.798797E+2
1.256490E+1	-9.403671E+1	1.476262E+2
1.257737E+1	-9.588874E+1	2.307340E+2
1.258985E+1	-1.038734E+2	-6.912295E+1
1.260233E+1	-1.031622E+2	-2.918466E+1
1.261480E+1	-1.081643E+2	-5.913931E+1
1.262727E+1	-9.991386E+1	7.090691E+1
1.263975E+1	-1.009214E+2	2.006186E+2
1.265222E+1	-1.037551E+2	-2.871245E+1
1.266470E+1	-9.479892E+1	-3.900431E+1
1.267718E+1	-1.005470E+2	7.677528E+1
1.268965E+1	-1.010546E+2	1.866290E+2
1.270213E+1	-1.018580E+2	-4.570912E+1
1.271460E+1	-9.805444E+1	8.697367E+1
1.272707E+1	-9.293482E+1	1.575086E+2
1.273955E+1	-9.416163E+1	1.529284E+2
1.275202E+1	-9.689645E+1	2.533773E+2
1.276450E+1	-9.709195E+1	2.514401E+2
1.277698E+1	-9.159385E+1	1.896501E+2
1.278945E+1	-9.969563E+1	2.561953E+2
1.280193E+1	-9.438719E+1	-2.530157E+1
1.281440E+1	-9.825024E+1	2.302783E+2
1.282687E+1	-9.333758E+1	2.320247E+1
1.283935E+1	-9.987871E+1	5.863890E+1
1.285182E+1	-9.474052E+1	-5.032070E+0
1.286430E+1	-1.015248E+2	6.267637E+1
1.287678E+1	-1.004369E+2	1.706185E+2
1.288925E+1	-1.019978E+2	1.601951E+2
1.290173E+1	-9.312927E+1	1.091721E+2
1.291420E+1	-9.119418E+1	2.588626E+2
1.292667E+1	-9.378339E+1	8.590298E+1
1.293915E+1	-9.708236E+1	2.192264E+2
1.295162E+1	-1.039518E+2	-5.576282E+1
1.296410E+1	-1.098889E+2	-6.288726E+1
1.297658E+1	-1.053385E+2	2.471264E+2
1.298905E+1	-1.126917E+2	4.109549E+1
1.300153E+1	-1.081467E+2	7.894692E+1
1.301400E+1	-9.670419E+1	4.596479E+1
1.302647E+1	-9.634039E+1	1.183204E+2
1.303895E+1	-9.961434E+1	1.753089E+2
1.305143E+1	-9.543121E+1	7.354628E+1
1.306390E+1	-9.593700E+1	6.967024E+1
1.307638E+1	-1.037103E+2	9.667552E+1
1.308885E+1	-9.175058E+1	-5.929916E+1
1.310132E+1	-9.280249E+1	2.595270E+2
1.311380E+1	-1.136095E+2	2.412351E+2
1.312627E+1	-9.586634E+1	1.536001E+1
1.313875E+1	-1.017755E+2	6.127977E+1
1.315123E+1	-9.912204E+1	3.025945E+1
1.316370E+1	-9.660986E+1	-1.848213E+1
1.317618E+1	-1.034955E+2	3.098219E+1
1.318865E+1	-9.553042E+1	1.083181E+2
1.320112E+1	-9.695245E+1	2.598075E+2
1.321360E+1	-1.053271E+2	1.648636E+2
1.322607E+1	-9.553288E+1	1.585155E+2
1.323855E+1	-1.003208E+2	1.422370E+2
1.325103E+1	-9.337262E+1	2.486071E+2
1.326350E+1	-9.867840E+1	2.589510E+2
1.327598E+1	-9.723106E+1	1.288943E+1
1.328845E+1	-1.039674E+2	2.557310E+2
1.330092E+1	-9.336261E+1	-4.070633E+1
1.331340E+1	-1.060914E+2	-7.002569E+1
1.332587E+1	-9.439114E+1	1.459673E+1
1.333835E+1	-1.001037E+2	-1.518403E+1
1.335083E+1	-1.144547E+2	1.810493E+2
1.336330E+1	-1.071954E+2	4.753449E+1
1.337578E+1	-9.847292E+1	1.686588E+2
1.338825E+1	-9.611772E+1	1.112851E+2
1.340072E+1	-9.456812E+1	2.180407E+2
1.341320E+1	-1.042482E+2	1.472883E+2
1.342568E+1	-9.825221E+1	2.523626E+2
1.343815E+1	-9.443015E+1	5.530886E+0
1.345063E+1	-1.014681E+2	1.438504E+1
1.346310E+1	-9.218468E+1	-1.736238E+1
1.347557E+1	-9.308991E+1	1.448300E+2
1.348805E+1	-9.924618E+1	3.296832E+1
1.350052E+1	-9.746437E+1	1.785843E+1
1.351300E+1	-9.879811E+1	2.104761E+2
1.352548E+1	-9.690446E+1	8.936670E+1
1.353795E+1	-9.977262E+1	1.588917E+2
1.355043E+1	-9.779015E+1	1.369427E+2
1.356290E+1	-9.293222E+1	1.960157E+2
1.357537E+1	-9.838624E+1	1.074318E+1
1.358785E+1	-9.005467E+1	-5.069441E+1
1.360032E+1	-9.900964E+1	-7.397935E+1
1.361280E+1	-9.538554E+1	2.755728E+2
1.362528E+1	-9.421446E+1	2.161094E+1
1.363775E+1	-9.521496E+1	1.526128E+1
1.365023E+1	-9.537341E+1	1.067269E+2
1.366270E+1	-9.604998E+1	4.292904E+1
1.367517E+1	-9.869833E+1	2.727901E+1
1.368765E+1	-9.376453E+1	7.902996E+1
1.370012E+1	-1.000156E+2	2.519164E+2
1.371260E+1	-9.225547E+1	1.030062E+2
1.372508E+1	-1.042336E+2	1.572511E+2
1.373755E+1	-1.197268E+2	1.718446E+2
1.375003E+1	-9.420012E+1	1.989501E+2
1.376250E+1	-9.534784E+1	-4.098183E+1
1.377497E+1	-9.465683E+1	-3.926951E+1
1.378745E+1	-1.022522E+2	-5.542161E+1
1.379992E+1	-1.039750E+2	1.922616E+2
1.381240E+1	-1.000858E+2	-7.922843E+1
1.382488E+1	-1.003251E+2	2.267883E+2
1.383735E+1	-1.062695E+2	-6.461371E+1
1.384982E+1	-9.866556E+1	4.780554E+1
1.386230E+1	-9.304448E+1	1.005107E+2
1.387477E+1	-9.494441E+1	-6.699342E+0
1.388725E+1	-9.532198E+1	1.286443E+2
1.389973E+1	-9.427905E+1	1.353702E+2
1.391220E+1	-8.935147E+1	1.714858E+2
1.392468E+1	-9.627461E+1	2.717028E+2
1.393715E+1	-9.163932E+1	-7.708262E+1
1.394962E+1	-8.767567E+1	2.636814E+2
1.396210E+1	-9.193914E+1	-3.633522E+0
1.397457E+1	-1.124175E+2	1.308183E+2
1.398705E+1	-9.376487E+1	9.811427E+1
1.399953E+1	-9.752244E+1	9.358140E+1
1.401200E+1	-9.226573E+1	1.363280E+2
1.402448E+1	-1.086539E+2	1.781818E+2
1.403695E+1	-9.315015E+1	1.025174E+2
1.404942E+1	-9.042144E+1	1.687929E+2
1.406190E+1	-9.129881E+1	1.552590E+2
1.407437E+1	-1.043444E+2	-7.921032E+1
1.408685E+1	-9.510377E+1	2.143563E+2
1.409933E+1	-9.192703E+1	-4.988467E+1
1.411180E+1	-9.777003E+1	4.190456E-1
1.412428E+1	-9.708556E+1	-2.674979E+1
1.413675E+1	-1.029874E+2	1.435573E+1
1.414922E+1	-9.840248E+1	2.019034E+1
1.416170E+1	-9.014732E+1	6.832020E+1
1.417417E+1	-9.968966E+1	1.533849E+2
1.418665E+1	-9.554772E+1	4.872363E+1
1.419913E+1	-9.367635E+1	9.058607E+1
1.421160E+1	-9.366029E+1	1.066674E+2
1.422407E+1	-9.730223E+1	1.426691E+2
1.423655E+1	-1.009427E+2	2.298069E+2
1.424902E+1	-9.795244E+1	-6.987639E+1
1.426150E+1	-9.634422E+1	-5.575127E+1
1.427398E+1	-9.326068E+1	-7.314973E+1
1.428645E+1	-1.008956E+2	-2.097963E+1
1.429893E+1	-9.721934E+1	5.234467E+1
1.431140E+1	-1.004652E+2	3.440599E+1
1.432387E+1	-9.776983E+1	1.796034E+2
1.433635E+1	-9.782024E+1	2.283805E+2
1.434882E+1	-9.864993E+1	-4.596834E+0
1.436130E+1	-1.034866E+2	6.875734E+1
1.437378E+1	-9.465490E+1	1.579610E+1
1.438625E+1	-9.687937E+1	1.226034E+2
1.439873E+1	-8.717111E+1	1.000232E+2
1.441120E+1	-9.116647E+1	1.429616E+2
1.442367E+1	-9.817329E+1	2.412942E+2
1.443615E+1	-9.638807E+1	1.697364E+2
1.444862E+1	-1.106588E+2	1.964210E+2
1.446110E+1	-9.566662E+1	1.138984E+1
1.447358E+1	-1.023799E+2	3.982421E+1
1.448605E+1	-9.758631E+1	4.189853E+1
1.449853E+1	-9.649836E+1	1.687943E+1
1.451100E+1	-9.466140E+1	3.256918E+1
1.452347E+1	-9.780083E+1	9.269312E+1
1.453595E+1	-8.849007E+1	2.285075E+2
1.454842E+1	-9.130249E+1	2.750527E+2
1.456090E+1	-9.282314E+1	-9.818708E+0
1.457338E+1	-1.022815E+2	-4.626467E+0
1.458585E+1	-9.354994E+1	3.337832E+1
1.459833E+1	-9.435654E+1	5.436168E+1
1.461080E+1	-1.011377E+2	1.665597E+2
1.462327E+1	-1.000548E+2	6.587212E+1
1.463575E+1	-9.097325E+1	1.151159E+2
1.464823E+1	-1.066165E+2	1.491043E+2
1.466070E+1	-8.950218E+1	1.953770E+2
1.467318E+1	-1.012407E+2	1.894244E+2
1.468565E+1	-9.411704E+1	3.433856E+1
1.469812E+1	-1.078012E+2	-6.193417E+1
1.471060E+1	-1.003753E+2	2.652533E+2
1.472307E+1	-9.715950E+1	-1.595258E+1
1.473555E+1	-9.805659E+1	2.333914E+2
1.474803E+1	-9.798525E+1	2.668841E+2
1.476050E+1	-1.197440E+2	5.592073E+1
1.477298E+1	-1.029031E+2	4.065320E+0
1.478545E+1	-9.959659E+1	1.630671E+2
1.479792E+1	-9.746201E+1	2.685219E+2
1.481040E+1	-9.438079E+1	1.386732E+2
1.482287E+1	-9.498148E+1	1.105153E+2
1.483535E+1	-9.516010E+1	1.342397E+2
1.484783E+1	-9.931351E+1	6.253281E+1
1.486030E+1	-1.045848E+2	1.416755E+2
1.487278E+1	-1.010522E+2	8.767386E+1
1.488525E+1	-1.121841E+2	-4.432770E+1
1.489772E+1	-9.713196E+1	2.851926E+1
1.491020E+1	-1.160822E+2	4.301693E+1
1.492267E+1	-9.837816E+1	8.698457E+1
1.493515E+1	-9.839733E+1	9.610840E+1
1.494763E+1	-8.961315E+1	4.355752E+1
1.496010E+1	-1.036426E+2	1.237515E+2
1.497258E+1	-1.001439E+2	1.368634E+2
1.498505E+1	-9.391957E+1	2.336093E+1
1.499752E+1	-9.633604E+1	9.740833E+1
1.501000E+1	-9.163790E+1	-1.418476E+1
1.502248E+1	-8.666225E+1	3.078805E+1
1.503495E+1	-8.936407E+1	3.541136E+1
1.504743E+1	-8.528111E+1	5.152525E+1
1.505990E+1	-8.780509E+1	5.109961E+1
1.507237E+1	-9.237308E+1	8.956841E+1
1.508485E+1	-8.687818E+1	1.431145E+2
1.509732E+1	-8.799633E+1	1.974277E+2
1.510980E+1	-8.911934E+1	2.209158E+2
1.512228E+1	-9.485200E+1	2.411619E+2
1.513475E+1	-8.731312E+1	-3.581628E+1
1.514723E+1	-9.332989E+1	-3.614966E+1
1.515970E+1	-9.250849E+1	-1.561777E+1
1.517217E+1	-8.521374E+1	-3.688354E+1
1.518465E+1	-9.148553E+1	7.842801E+0
1.519712E+1	-8.422766E+1	3.836733E+1
1.520960E+1	-9.033598E+1	6.804460E+1
1.522208E+1	-9.330160E+1	1.268311E+2
1.523455E+1	-9.261187E+1	2.108161E+2
1.524703E+1	-1.016941E+2	1.401862E+2
1.525950E+1	-9.195493E+1	1.812587E+2
1.527197E+1	-1.021634E+2	2.311973E+2
1.528445E+1	-1.006931E+2	-1.380057E+1
1.529692E+1	-9.607001E+1	1.764414E+2
1.530940E+1	-9.808317E+1	1.479978E+2
1.532188E+1	-1.048944E+2	2.158257E+2
1.533435E+1	-9.865694E+1	2.127978E+2
1.534683E+1	-9.185645E+1	2.278997E+2
1.535930E+1	-8.892793E+1	2.666769E+2
1.537177E+1	-9.498147E+1	2.130324E+2
1.538425E+1	-1.019377E+2	-2.349715E+1
1.539672E+1	-1.015774E+2	7.495994E+0
1.540920E+1	-9.805283E+1	1.147739E+2
1.542168E+1	-1.003697E+2	2.339049E+2
1.543415E+1	-9.420946E+1	2.264584E+2
1.544662E+1	-9.313387E+1	2.297348E+2
1.545910E+1	-9.110020E+1	2.013528E+2
1.547157E+1	-9.036254E+1	1.813693E+2
1.548405E+1	-1.074500E+2	2.072947E+2
1.549653E+1	-1.005809E+2	-7.713531E+1
1.550900E+1	-1.015448E+2	2.453629E+2
1.552148E+1	-1.032890E+2	2.633101E+2
1.553395E+1	-9.768336E+1	1.719555E+2
1.554642E+1	-9.303606E+1	1.175147E+2
1.555890E+1	-9.348196E+1	1.115502E+2
1.557137E+1	-9.586101E+1	1.036614E+2
1.558385E+1	-9.334122E+1	1.560744E+2
1.559633E+1	-9.047796E+1	1.617610E+2
1.560880E+1	-9.402707E+1	2.139790E+2
1.562128E+1	-9.325266E+1	2.434548E+2
1.563375E+1	-9.274390E+1	2.596712E+2
1.564622E+1	-9.293351E+1	2.699456E+2
1.565870E+1	-9.887858E+1	1.641699E+2
1.567117E+1	-9.279033E+1	1.212231E+2
1.568365E+1	-9.113519E+1	1.727699E+2
1.569613E+1	-9.556715E+1	2.005861E+2
1.570860E+1	-9.850760E+1	-4.309006E+1
1.572108E+1	-9.177586E+1	6.129074E+1
1.573355E+1	-9.037865E+1	6.389497E+1
1.574602E+1	-8.999951E+1	9.734541E+1
1.575850E+1	-9.218917E+1	1.009209E+2
1.577097E+1	-9.174302E+1	9.573051E+1
1.578345E+1	-9.449374E+1	1.233212E+2
1.579593E+1	-9.510093E+1	1.343191E+2
1.580840E+1	-9.766550E+1	2.254295E+2
1.582087E+1	-9.236885E+1	2.600229E+2
1.583335E+1	-9.289772E+1	2.606493E+2
1.584582E+1	-8.646719E+1	-5.843793E+1
1.585830E+1	-8.809644E+1	2.710414E+2
1.587078E+1	-9.280227E+1	-3.273615E+1
1.588325E+1	-1.072967E+2	1.838230E+2
1.589573E+1	-9.734809E+1	2.423862E+2
1.590820E+1	-9.317532E+1	-3.357237E+1
1.592067E+1	-9.095742E+1	1.639251E+2
1.593315E+1	-9.668496E+1	1.513519E+2
1.594562E+1	-9.971365E+1	1.623542E+2
1.595810E+1	-9.600173E+1	2.776468E+2
1.597058E+1	-9.643925E+1	2.519474E+2
1.598305E+1	-9.779408E+1	1.076479E+2
1.599553E+1	-1.047962E+2	8.908764E+1
1.600800E+1	-9.059283E+1	-1.807248E+0
1.602048E+1	-9.352789E+1	4.260557E+1
1.603295E+1	-1.102080E+2	4.085147E+1
1.604543E+1	-9.305415E+1	5.095983E+1
1.605790E+1	-9.348003E+1	5.787835E+1
1.607037E+1	-9.395970E+1	6.111068E+1
1.608285E+1	-9.938856E+1	3.896105E+1
1.609532E+1	-9.836016E+1	1.486187E+2
1.610780E+1	-9.269904E+1	1.711332E+2
1.612027E+1	-9.172984E+1	1.971531E+2
1.613275E+1	-1.010236E+2	2.286930E+2
1.614522E+1	-9.656071E+1	-7.703797E+1
1.615770E+1	-1.018677E+2	5.739810E+1
1.617018E+1	-1.012658E+2	1.585637E+2
1.618265E+1	-1.071254E+2	1.429979E+2
1.619513E+1	-9.216644E+1	1.384728E+2
1.620760E+1	-9.802612E+1	1.960058E+2
1.622008E+1	-9.174702E+1	1.631781E+2
1.623255E+1	-9.046310E+1	9.055399E+1
1.624502E+1	-9.798341E+1	6.725225E+1
1.625750E+1	-9.624157E+1	1.894665E+2
1.626997E+1	-1.005292E+2	-3.330637E+1
1.628245E+1	-9.838047E+1	-4.088415E+1
1.629492E+1	-1.095688E+2	2.136178E+2
1.630740E+1	-9.892243E+1	2.786575E+1
1.631987E+1	-1.113604E+2	1.198982E+2
1.633235E+1	-1.000967E+2	1.779158E+1
1.634483E+1	-9.144109E+1	5.536779E+1
1.635730E+1	-9.747721E+1	1.018400E+2
1.636978E+1	-9.643798E+1	6.970412E+1
1.638225E+1	-9.839865E+1	2.761511E+2
1.639473E+1	-9.667629E+1	9.787299E+1
1.640720E+1	-9.371150E+1	6.620898E+1
1.641968E+1	-1.005606E+2	1.259199E+2
1.643215E+1	-1.030863E+2	-1.626938E+0
1.644462E+1	-1.017774E+2	-7.591111E+1
1.645710E+1	-1.071411E+2	-3.604823E+1
1.646957E+1	-9.991182E+1	-5.451960E+1
1.648205E+1	-9.435060E+1	2.158337E+2
1.649452E+1	-9.522482E+1	2.728666E+2
1.650700E+1	-9.636799E+1	6.267793E+1
1.651947E+1	-1.034946E+2	8.664583E+1
1.653195E+1	-9.985378E+1	2.430374E+2
1.654443E+1	-1.038299E+2	2.247540E+2
1.655690E+1	-9.849951E+1	2.162656E+2
1.656938E+1	-9.072040E+1	-6.195574E+1
1.658185E+1	-9.279861E+1	-4.391922E+1
1.659433E+1	-9.399136E+1	6.701974E+1
1.660680E+1	-1.037228E+2	1.624310E+2
1.661927E+1	-9.991666E+1	2.725504E+2
1.663175E+1	-9.872402E+1	1.836047E+2
1.664422E+1	-9.638663E+1	6.904501E+1
1.665670E+1	-1.029104E+2	6.413152E+1
1.666917E+1	-9.923090E+1	1.081594E+2
1.668165E+1	-9.745785E+1	3.093252E+1
1.669412E+1	-8.894167E+1	7.664896E+1
1.670660E+1	-1.070478E+2	-3.004978E+1
1.671908E+1	-9.524593E+1	1.187241E+2
1.673155E+1	-9.282802E+1	1.095352E+2
1.674403E+1	-1.018468E+2	1.337534E+2
1.675650E+1	-9.223492E+1	2.700029E+2
1.676898E+1	-9.594312E+1	1.858712E+2
1.678145E+1	-9.142132E+1	2.777776E+2
1.679393E+1	-9.259092E+1	-3.969109E+1
1.680640E+1	-9.271626E+1	2.624305E+1
1.681887E+1	-9.613692E+1	-1.964906E+1
1.683135E+1	-9.847982E+1	4.059612E+1
1.684382E+1	-1.071747E+2	2.719182E+2
1.685630E+1	-9.971874E+1	-3.211816E+1
1.686877E+1	-9.538107E+1	1.906655E+2
1.688125E+1	-9.809361E+1	1.952638E+2
1.689372E+1	-9.290017E+1	1.649655E+2
1.690620E+1	-1.065877E+2	-2.525512E+1
1.691868E+1	-9.704314E+1	5.820577E+1
1.693115E+1	-8.973878E+1	-7.274099E+1
1.694363E+1	-1.069493E+2	-7.388169E+1
1.695610E+1	-9.496077E+1	2.126504E+2
1.696858E+1	-9.434653E+1	2.443436E+2
1.698105E+1	-9.322796E+1	4.665552E+1
1.699353E+1	-9.524178E+1	8.679945E+1
1.700600E+1	-9.567023E+1	-4.780384E+1
1.701847E+1	-9.847306E+1	9.153937E+1
1.703095E+1	-9.874529E+1	2.175515E+1
1.704342E+1	-1.020812E+2	1.267535E+2
1.705590E+1	-1.016423E+2	1.830295E+2
1.706837E+1	-9.813515E+1	1.097522E+2
1.708085E+1	-9.799405E+1	1.962175E+2
1.709333E+1	-1.021247E+2	-1.619868E+1
1.710580E+1	-9.436207E+1	-3.538110E+1
1.711828E+1	-9.854556E+1	3.230109E+1
1.713075E+1	-9.927078E+1	-4.348080E+1
1.714323E+1	-9.598055E+1	1.388015E+2
1.715570E+1	-9.511155E+1	2.372723E+2
1.716818E+1	-9.536855E+1	1.595020E+2
1.718065E+1	-9.413103E+1	1.103313E+2
1.719312E+1	-1.094231E+2	-1.917271E+1
1.720560E+1	-1.107141E+2	6.324321E+1
1.721807E+1	-1.052783E+2	2.675684E+2
1.723055E+1	-1.037174E+2	-3.822001E+1
1.724302E+1	-1.023848E+2	1.102261E+2
1.725550E+1	-9.482481E+1	4.122581E+1
1.726797E+1	-9.521992E+1	7.359164E+1
1.728045E+1	-9.263901E+1	5.072052E+1
1.729293E+1	-1.057841E+2	2.665410E+2
1.730540E+1	-1.019749E+2	-7.423360E+1
1.731788E+1	-9.595601E+1	2.019274E+1
1.733035E+1	-9.282513E+1	3.731572E+1
1.734283E+1	-9.433898E+1	-1.905565E+1
1.735530E+1	-9.875505E+1	1.432223E+2
1.736778E+1	-1.028573E+2	1.862057E+2
1.738025E+1	-9.238112E+1	2.553752E+2
1.739272E+1	-9.254663E+1	1.960819E+2
1.740520E+1	-9.612706E+1	-7.970834E+1
1.741767E+1	-1.005420E+2	6.936227E+1
1.743015E+1	-9.753940E+1	-5.197783E+1
1.744262E+1	-1.019114E+2	9.840405E+1
1.745510E+1	-9.907789E+1	-1.332785E+1
1.746758E+1	-9.718874E+1	2.123803E+2
1.748005E+1	-9.353062E+1	-5.652066E+1
1.749253E+1	-9.528345E+1	1.464067E+2
1.750500E+1	-1.070988E+2	3.231149E+1
1.751748E+1	-9.185208E+1	9.565331E+0
1.752995E+1	-9.764726E+1	2.180064E+2
1.754243E+1	-9.142843E+1	1.278250E+2
1.755490E+1	-9.390957E+1	1.412315E+2
1.756737E+1	-1.038596E+2	6.904475E+0
1.757985E+1	-9.796054E+1	2.064596E+2
1.759232E+1	-1.012693E+2	1.062308E+1
1.760480E+1	-1.071665E+2	1.486863E+2
1.761727E+1	-1.023194E+2	-3.558731E+1
1.762975E+1	-9.083478E+1	2.472829E+2
1.764222E+1	-9.036915E+1	-1.703290E+1
1.765470E+1	-1.041839E+2	2.017775E+2
1.766718E+1	-1.109955E+2	1.215526E+2
1.767965E+1	-9.309435E+1	5.176259E+1
1.769213E+1	-9.114627E+1	5.013075E+1
1.770460E+1	-9.879033E+1	-4.382315E+1
1.771708E+1	-9.582095E+1	1.320007E+2
1.772955E+1	-9.378145E+1	-2.972274E+1
1.774203E+1	-9.175029E+1	2.051797E+2
1.775450E+1	-9.341700E+1	2.243498E+2
1.776697E+1	-9.292191E+1	2.578916E+2
1.777945E+1	-9.923535E+1	1.776832E+1
1.779192E+1	-1.063642E+2	2.548878E+2
1.780440E+1	-9.866009E+1	2.064924E+2
1.781687E+1	-9.733509E+1	1.520206E+2
1.782935E+1	-1.072682E+2	6.248217E-1
1.784183E+1	-1.069670E+2	-7.257780E+1
1.785430E+1	-9.900790E+1	2.959625E+1
1.786678E+1	-1.038760E+2	2.117763E+1
1.787925E+1	-1.049514E+2	-6.765977E+1
1.789173E+1	-9.717822E+1	2.193763E+2
1.790420E+1	-1.035137E+2	1.442758E+2
1.791668E+1	-1.055894E+2	-7.291844E+1
1.792915E+1	-9.253291E+1	1.108556E+2
1.794162E+1	-1.043131E+2	1.008708E+1
1.795410E+1	-9.334702E+1	2.101096E+2
1.796657E+1	-9.452938E+1	1.390170E+1
1.797905E+1	-9.397552E+1	1.270471E+2
1.799152E+1	-1.010865E+2	-3.474295E+0
1.800400E+1	-9.866810E+1	2.046376E+2
1.801647E+1	-1.032500E+2	2.126773E+2
1.802895E+1	-9.968797E+1	-1.087073E+1
1.804143E+1	-9.647101E+1	1.223647E+2
1.805390E+1	-9.870266E+1	2.072767E+2
1.806638E+1	-9.761272E+1	1.458039E+2
1.807885E+1	-9.008641E+1	2.512747E+2
1.809133E+1	-9.582725E+1	2.672330E+2
1.810380E+1	-9.400682E+1	1.601083E+2
1.811628E+1	-1.021474E+2	2.759120E+2
1.812875E+1	-1.095935E+2	1.926010E+2
1.814122E+1	-9.198221E+1	6.395877E+1
1.815370E+1	-9.189929E+1	1.136950E+2
1.816617E+1	-9.627885E+1	-4.578383E+1
1.817865E+1	-1.066968E+2	1.226111E+2
1.819112E+1	-1.006473E+2	2.256476E+2
1.820360E+1	-8.771362E+1	3.311705E+1
1.821608E+1	-9.548782E+1	2.476449E+2
1.822855E+1	-9.270328E+1	-7.416730E+1
1.824103E+1	-1.047963E+2	8.620125E+0
1.825350E+1	-1.018137E+2	-3.215079E+1
1.826598E+1	-1.016671E+2	2.061151E+2
1.827845E+1	-9.699413E+1	7.043499E+1
1.829093E+1	-9.767225E+1	9.802036E+1
1.830340E+1	-9.714923E+1	1.194288E+2
1.831587E+1	-9.805983E+1	2.428690E+2
1.832835E+1	-9.320966E+1	8.357510E+1
1.834082E+1	-1.004712E+2	2.625424E+2
1.835330E+1	-9.865302E+1	-6.896973E+1
1.836577E+1	-9.038098E+1	5.117544E+1
1.837825E+1	-1.029875E+2	2.630149E+2
1.839072E+1	-9.778522E+1	1.893168E+2
1.840320E+1	-9.622728E+1	2.413650E+2
1.841568E+1	-9.243926E+1	2.318095E+1
1.842815E+1	-9.666109E+1	1.567418E+2
1.844063E+1	-1.032832E+2	1.534735E+2
1.845310E+1	-1.038279E+2	-5.566793E+0
1.846558E+1	-1.052190E+2	2.408589E+2
1.847805E+1	-9.566869E+1	1.416103E+2
1.849053E+1	-9.338664E+1	2.563556E+2
1.850300E+1	-9.063354E+1	-3.381849E+1
1.851547E+1	-1.081313E+2	2.782763E+2
1.852795E+1	-9.610908E+1	2.604196E+2
1.854042E+1	-9.305500E+1	-5.159729E+0
1.855290E+1	-9.933538E+1	-7.751328E+0
1.856537E+1	-9.310685E+1	1.160707E+2
1.857785E+1	-1.152269E+2	-6.942418E+1
1.859032E+1	-9.577592E+1	1.050088E+2
1.860280E+1	-1.012758E+2	2.430000E+2
1.861528E+1	-9.091310E+1	1.270683E+2
1.862775E+1	-1.053468E+2	2.215830E+2
1.864023E+1	-9.695062E+1	8.332162E+1
1.865270E+1	-9.813108E+1	-3.770169E+1
1.866518E+1	-9.460397E+1	2.330342E+2
1.867765E+1	-9.261959E+1	1.913632E+2
1.869012E+1	-1.052738E+2	-1.400765E+1
1.870260E+1	-9.839972E+1	1.632336E+1
1.871507E+1	-9.240423E+1	1.489036E+1
1.872755E+1	-9.874413E+1	1.226548E+2
1.874002E+1	-9.972530E+1	5.005099E+1
1.875250E+1	-9.835748E+1	1.205038E+2
1.876497E+1	-9.456616E+1	-1.227347E+1
1.877745E+1	-9.357561E+1	3.244127E+1
1.878993E+1	-9.456877E+1	-1.797699E+1
1.880240E+1	-1.078560E+2	2.772959E+2
1.881488E+1	-1.039484E+2	2.578803E+2
1.882735E+1	-9.330335E+1	2.457990E+2
1.883983E+1	-9.223122E+1	3.171176E+0
1.885230E+1	-9.987084E+1	-5.060213E+1
1.886478E+1	-1.025033E+2	2.158543E+2
1.887725E+1	-9.157816E+1	-1.502991E+1
1.888972E+1	-1.037699E+2	2.106490E+2
1.890220E+1	-9.579262E+1	2.558302E+2
1.891467E+1	-9.272123E+1	-6.267707E+1
1.892715E+1	-1.049175E+2	2.324124E+2
1.893962E+1	-1.085549E+2	1.413427E+2
1.895210E+1	-1.117561E+2	2.205460E+2
1.896457E+1	-9.869582E+1	2.542887E+2
1.897705E+1	-9.510722E+1	1.783393E+2
1.898953E+1	-9.093317E+1	8.216720E+1
1.900200E+1	-9.361796E+1	2.065335E+2
1.901448E+1	-9.882837E+1	1.827291E+2
1.902695E+1	-9.409122E+1	-2.708303E+1
1.903943E+1	-9.270619E+1	-3.123712E+1
1.905190E+1	-1.167547E+2	-6.492511E+1
1.906437E+1	-8.990833E+1	1.218193E+1
1.907685E+1	-1.110697E+2	1.246090E+2
1.908932E+1	-9.691551E+1	2.770466E+1
1.910180E+1	-9.656695E+1	1.102256E+2
1.911427E+1	-9.612234E+1	1.987397E+2
1.912675E+1	-9.360782E+1	2.286115E+2
1.913922E+1	-9.020142E+1	1.854488E+2
1.915170E+1	-1.001836E+2	1.477354E+2
1.916418E+1	-9.271854E+1	1.871513E+2
1.917665E+1	-1.025274E+2	-6.368383E+1
1.918913E+1	-1.092341E+2	2.124295E+2
1.920160E+1	-1.021727E+2	-3.195938E+1
1.921408E+1	-9.348438E+1	2.592807E+2
1.922655E+1	-1.088401E+2	-6.877589E+1
1.923903E+1	-1.016074E+2	1.404628E+2
1.925150E+1	-8.663776E+1	9.693090E+1
1.926397E+1	-9.540471E+1	2.444481E+1
1.927645E+1	-1.027316E+2	1.749447E+2
1.928892E+1	-9.244537E+1	2.783757E+1
1.930140E+1	-1.070717E+2	-5.454499E+1
1.931387E+1	-9.564243E+1	8.963081E+1
1.932635E+1	-1.013854E+2	-5.671268E+1
1.933882E+1	-1.096661E+2	-5.794027E+1
1.935130E+1	-9.976357E+1	2.039854E+2
1.936378E+1	-9.446148E+1	3.302447E+1
1.937625E+1	-9.492475E+1	-5.091386E+1
1.938873E+1	-9.282748E+1	5.494215E+1
1.940120E+1	-9.306812E+1	1.330131E+2
1.941368E+1	-9.323660E+1	8.220303E+1
1.942615E+1	-1.088418E+2	9.168808E+1
1.943862E+1	-1.014542E+2	1.495592E+2
1.945110E+1	-1.009107E+2	3.361582E+1
1.946357E+1	-9.287856E+1	1.979727E+2
1.947605E+1	-9.500829E+1	-2.445838E+1
1.948852E+1	-9.453456E+1	1.296917E+2
1.950100E+1	-9.138391E+1	8.134885E+1
1.951347E+1	-9.096819E+1	2.571015E+2
1.952595E+1	-9.218013E+1	1.093646E+2
1.953843E+1	-8.901710E+1	7.358318E+1
1.955090E+1	-8.962424E+1	1.749374E+2
1.956338E+1	-9.352270E+1	4.982622E+1
1.957585E+1	-1.004683E+2	1.385345E+2
1.958833E+1	-1.027426E+2	1.247967E+2
1.960080E+1	-1.004995E+2	2.725338E+2
1.961328E+1	-9.203305E+1	1.591387E+2
1.962575E+1	-1.018123E+2	-3.255049E+0
1.963822E+1	-9.828545E+1	-1.058651E+1
1.965070E+1	-9.635034E+1	1.648434E+2
1.966317E+1	-9.485494E+1	2.264539E+1
1.967565E+1	-9.563031E+1	-5.408236E+1
1.968812E+1	-9.768443E+1	1.239746E+2
1.970060E+1	-9.897857E+1	1.720367E+2
1.971307E+1	-9.796667E+1	2.597958E+2
1.972555E+1	-9.548054E+1	1.380801E+2
1.973803E+1	-1.014100E+2	1.437966E+2
1.975050E+1	-9.313512E+1	1.400485E+2
1.976298E+1	-9.250046E+1	1.531329E+2
1.977545E+1	-9.265723E+1	2.143044E+2
1.978793E+1	-1.004670E+2	-7.696146E+1
1.980040E+1	-9.074830E+1	1.395036E+2
1.981287E+1	-1.007679E+2	9.189201E+1
1.982535E+1	-9.554599E+1	1.220940E+2
1.983782E+1	-1.023930E+2	2.050914E+2
1.985030E+1	-9.384357E+1	1.283340E+0
1.986277E+1	-9.568140E+1	4.994769E+1
1.987525E+1	-9.345322E+1	1.232544E+2
1.988772E+1	-9.212487E+1	8.248091E+1
1.990020E+1	-9.949741E+1	1.113802E+2
1.991268E+1	-8.967640E+1	1.485014E+2
1.992515E+1	-9.635754E+1	1.890674E+2
1.993763E+1	-9.591602E+1	2.729202E+2
1.995010E+1	-8.875699E+1	-7.142501E+1
1.996258E+1	-1.027992E+2	2.728026E+2
1.997505E+1	-9.277897E+1	7.699521E+1
1.998753E+1	-9.775437E+1	1.302896E+1
2.000000E+1	-9.938776E+1	1.647095E+2
