4.000000E-2	-1.368644E-2	-9.469655E-1
5.247500E-2	-1.636565E-2	2.368407E+1
6.495000E-2	-1.750850E-2	4.828078E+1
7.742500E-2	-2.622275E-2	7.284222E+1
8.990000E-2	-2.545364E-2	9.740306E+1
1.023750E-1	-3.139920E-2	1.219099E+2
1.148500E-1	-4.396359E-2	1.464499E+2
1.273250E-1	-5.834488E-2	1.710039E+2
1.398000E-1	-7.681061E-2	1.955831E+2
1.522750E-1	-9.452766E-2	2.201966E+2
1.647500E-1	-1.057420E-1	2.448230E+2
1.772250E-1	-1.130742E-1	2.694514E+2
1.897000E-1	-1.161215E-1	-6.593570E+1
2.021750E-1	-1.174647E-1	-4.137591E+1
2.146500E-1	-1.279371E-1	-1.687049E+1
2.271250E-1	-1.472956E-1	7.674164E+0
2.396000E-1	-1.742710E-1	3.223207E+1
2.520750E-1	-2.031091E-1	5.683367E+1
2.645500E-1	-2.274884E-1	8.150245E+1
2.770250E-1	-2.496673E-1	1.061903E+2
2.895000E-1	-2.620815E-1	1.308688E+2
3.019750E-1	-2.642480E-1	1.554965E+2
3.144500E-1	-2.661531E-1	1.800396E+2
3.269250E-1	-2.737821E-1	2.045344E+2
3.394000E-1	-2.978062E-1	2.290314E+2
3.518750E-1	-3.296441E-1	2.535642E+2
3.643500E-1	-3.718685E-1	2.781763E+2
3.768250E-1	-4.127779E-1	-5.718006E+1
3.893000E-1	-4.460682E-1	-3.246922E+1
4.017750E-1	-4.667120E-1	-7.736423E+0
4.142500E-1	-4.743412E-1	1.696079E+1
4.267250E-1	-4.808575E-1	4.158721E+1
4.392000E-1	-4.922213E-1	6.613443E+1
4.516750E-1	-5.156639E-1	9.062512E+1
4.641500E-1	-5.540181E-1	1.151084E+2
4.766250E-1	-5.971754E-1	1.396550E+2
4.891000E-1	-6.466238E-1	1.642880E+2
5.015750E-1	-6.879190E-1	1.889951E+2
5.140500E-1	-7.194483E-1	2.137979E+2
5.265250E-1	-7.401038E-1	2.385881E+2
5.390000E-1	-7.520443E-1	2.632782E+2
5.514750E-1	-7.643129E-1	-7.213291E+1
5.639500E-1	-7.829028E-1	-4.762075E+1
5.764250E-1	-8.131594E-1	-2.313202E+1
5.889000E-1	-8.564836E-1	1.431365E+0
6.013750E-1	-9.090685E-1	2.605738E+1
6.138500E-1	-9.629903E-1	5.076671E+1
6.263250E-1	-1.010682E+0	7.556341E+1
6.388000E-1	-1.040186E+0	1.003244E+2
6.512750E-1	-1.057762E+0	1.250366E+2
6.637500E-1	-1.071825E+0	1.496963E+2
6.762250E-1	-1.092628E+0	1.742990E+2
6.887000E-1	-1.128037E+0	1.988606E+2
7.011750E-1	-1.175594E+0	2.234239E+2
7.136500E-1	-1.228841E+0	2.480368E+2
7.261250E-1	-1.280281E+0	2.727212E+2
7.386000E-1	-1.321804E+0	-6.253071E+1
7.510750E-1	-1.354592E+0	-3.775896E+1
7.635500E-1	-1.380450E+0	-1.302405E+1
7.760250E-1	-1.406252E+0	1.162866E+1
7.885000E-1	-1.440045E+0	3.619026E+1
8.009750E-1	-1.479916E+0	6.072468E+1
8.134500E-1	-1.530484E+0	8.527623E+1
8.259250E-1	-1.589347E+0	1.099088E+2
8.384000E-1	-1.651708E+0	1.346442E+2
8.508750E-1	-1.710912E+0	1.594476E+2
8.633500E-1	-1.759354E+0	1.842647E+2
8.758250E-1	-1.796034E+0	2.090654E+2
8.883000E-1	-1.821876E+0	2.337817E+2
9.007750E-1	-1.848225E+0	2.584430E+2
9.132500E-1	-1.879686E+0	-7.693264E+1
9.257250E-1	-1.925797E+0	-5.231841E+1
9.382000E-1	-1.982249E+0	-2.768857E+1
9.506750E-1	-2.045031E+0	-3.021825E+0
9.631500E-1	-2.108324E+0	2.169356E+1
9.756250E-1	-2.159047E+0	4.642754E+1
9.881000E-1	-2.207027E+0	7.117848E+1
1.000575E+0	-2.250520E+0	9.595047E+1
1.013050E+0	-2.292910E+0	1.206675E+2
1.025525E+0	-2.340919E+0	1.453586E+2
1.038000E+0	-2.394117E+0	1.700321E+2
1.050475E+0	-2.447132E+0	1.947113E+2
1.062950E+0	-2.500895E+0	2.194131E+2
1.075425E+0	-2.554568E+0	2.441435E+2
1.087900E+0	-2.608765E+0	2.688925E+2
1.100375E+0	-2.662680E+0	-6.636972E+1
1.112850E+0	-2.721387E+0	-4.165595E+1
1.125325E+0	-2.781893E+0	-1.694629E+1
1.137800E+0	-2.842251E+0	7.785486E+0
1.150275E+0	-2.899853E+0	3.257628E+1
1.162750E+0	-2.953552E+0	5.740410E+1
1.175225E+0	-3.002805E+0	8.221664E+1
1.187700E+0	-3.041597E+0	1.069901E+2
1.200175E+0	-3.080847E+0	1.316906E+2
1.212650E+0	-3.126500E+0	1.563107E+2
1.225125E+0	-3.186959E+0	1.809016E+2
1.237600E+0	-3.261523E+0	2.055164E+2
1.250075E+0	-3.349059E+0	2.302418E+2
1.262550E+0	-3.438504E+0	2.550921E+2
1.275025E+0	-3.517698E+0	-7.996375E+1
1.287500E+0	-3.574751E+0	-5.495723E+1
1.299975E+0	-3.605674E+0	-3.001629E+1
1.312450E+0	-3.622531E+0	-5.230622E+0
1.324925E+0	-3.644594E+0	1.936558E+1
1.337400E+0	-3.688274E+0	4.382164E+1
1.349875E+0	-3.765634E+0	6.823463E+1
1.362350E+0	-3.871315E+0	9.271810E+1
1.374825E+0	-4.000516E+0	1.174076E+2
1.387300E+0	-4.131096E+0	1.423161E+2
1.399775E+0	-4.244168E+0	1.674452E+2
1.412250E+0	-4.325543E+0	1.926989E+2
1.424725E+0	-4.371373E+0	2.179300E+2
1.437200E+0	-4.392327E+0	2.429868E+2
1.449675E+0	-4.408591E+0	2.678385E+2
1.462150E+0	-4.435885E+0	-6.749944E+1
1.474625E+0	-4.490361E+0	-4.287930E+1
1.487100E+0	-4.567371E+0	-1.820431E+1
1.499575E+0	-4.654196E+0	6.585604E+0
1.512050E+0	-4.735784E+0	3.153628E+1
1.524525E+0	-4.795454E+0	5.649215E+1
1.537000E+0	-4.827620E+0	8.146761E+1
1.549475E+0	-4.849828E+0	1.062227E+2
1.561950E+0	-4.882959E+0	1.307543E+2
1.574425E+0	-4.948435E+0	1.551544E+2
1.586900E+0	-5.057515E+0	1.795419E+2
1.599375E+0	-5.200170E+0	2.041487E+2
1.611850E+0	-5.361153E+0	2.290611E+2
1.624325E+0	-5.504168E+0	2.542955E+2
1.636800E+0	-5.607297E+0	2.797665E+2
1.649275E+0	-5.654070E+0	-5.475281E+1
1.661750E+0	-5.652781E+0	-2.951354E+1
1.674225E+0	-5.632749E+0	-4.652544E+0
1.686700E+0	-5.636508E+0	1.980758E+1
1.699175E+0	-5.692414E+0	4.408974E+1
1.711650E+0	-5.814247E+0	6.844456E+1
1.724125E+0	-5.981329E+0	9.308263E+1
1.736600E+0	-6.163013E+0	1.181384E+2
1.749075E+0	-6.318927E+0	1.435841E+2
1.761550E+0	-6.416821E+0	1.692825E+2
1.774025E+0	-6.438063E+0	1.949694E+2
1.786500E+0	-6.403277E+0	2.203411E+2
1.798975E+0	-6.348823E+0	2.452470E+2
1.811450E+0	-6.329295E+0	2.697086E+2
1.823925E+0	-6.370729E+0	-6.607994E+1
1.836400E+0	-6.478571E+0	-4.181240E+1
1.848875E+0	-6.629158E+0	-1.725273E+1
1.861350E+0	-6.789008E+0	7.703461E+0
1.873825E+0	-6.923675E+0	3.300045E+1
1.886300E+0	-7.012812E+0	5.845197E+1
1.898775E+0	-7.052735E+0	8.379958E+1
1.911250E+0	-7.065445E+0	1.088504E+2
1.923725E+0	-7.086225E+0	1.335645E+2
1.936200E+0	-7.143803E+0	1.580837E+2
1.948675E+0	-7.252974E+0	1.826327E+2
1.961150E+0	-7.406995E+0	2.074476E+2
1.973625E+0	-7.571900E+0	2.326528E+2
1.986100E+0	-7.711404E+0	2.581884E+2
1.998575E+0	-7.794063E+0	-7.606921E+1
2.011050E+0	-7.804997E+0	-5.041566E+1
2.023525E+0	-7.762970E+0	-2.512218E+1
2.036000E+0	-7.712118E+0	-3.050197E-1
2.048475E+0	-7.707073E+0	2.412015E+1
2.060950E+0	-7.779137E+0	4.834180E+1
2.073425E+0	-7.916296E+0	7.273083E+1
2.085900E+0	-8.096651E+0	9.747556E+1
2.098375E+0	-8.273587E+0	1.226946E+2
2.110850E+0	-8.409839E+0	1.483100E+2
2.123325E+0	-8.474984E+0	1.741075E+2
2.135800E+0	-8.473780E+0	1.997676E+2
2.148275E+0	-8.431837E+0	2.249966E+2
2.160750E+0	-8.394540E+0	2.497050E+2
2.173225E+0	-8.406732E+0	2.740317E+2
2.185700E+0	-8.488895E+0	-6.170210E+1
2.198175E+0	-8.631211E+0	-3.718678E+1
2.210650E+0	-8.805984E+0	-1.228186E+1
2.223125E+0	-8.972257E+0	1.304468E+1
2.235600E+0	-9.095347E+0	3.870422E+1
2.248075E+0	-9.151061E+0	6.437765E+1
2.260550E+0	-9.147762E+0	8.981709E+1
2.273025E+0	-9.120898E+0	1.148567E+2
2.285500E+0	-9.118495E+0	1.395124E+2
2.297975E+0	-9.178270E+0	1.639852E+2
2.310450E+0	-9.302702E+0	1.885196E+2
2.322925E+0	-9.475460E+0	2.133863E+2
2.335400E+0	-9.652699E+0	2.386895E+2
2.347875E+0	-9.791326E+0	2.643972E+2
2.360350E+0	-9.861004E+0	-6.966749E+1
2.372825E+0	-9.852899E+0	-4.380161E+1
2.385300E+0	-9.789380E+0	-1.831576E+1
2.397775E+0	-9.711890E+0	6.631291E+0
2.410250E+0	-9.676312E+0	3.107529E+1
2.422725E+0	-9.708805E+0	5.527761E+1
2.435200E+0	-9.813274E+0	7.956387E+1
2.447675E+0	-9.968316E+0	1.041907E+2
2.460150E+0	-1.013592E+1	1.292684E+2
2.472625E+0	-1.027680E+1	1.546882E+2
2.485100E+0	-1.036907E+1	1.802965E+2
2.497575E+0	-1.040520E+1	2.058236E+2
2.510050E+0	-1.040476E+1	2.310689E+2
2.522525E+0	-1.040699E+1	2.559678E+2
2.535000E+0	-1.044431E+1	-7.931477E+1
2.547475E+0	-1.053065E+1	-5.463420E+1
2.559950E+0	-1.065764E+1	-2.976016E+1
2.572425E+0	-1.079791E+1	-4.555792E+0
2.584900E+0	-1.091187E+1	2.096222E+1
2.597375E+0	-1.097689E+1	4.665118E+1
2.609850E+0	-1.097437E+1	7.228414E+1
2.622325E+0	-1.092377E+1	9.763981E+1
2.634800E+0	-1.086998E+1	1.225108E+2
2.647275E+0	-1.085353E+1	1.469575E+2
2.659750E+0	-1.090518E+1	1.711877E+2
2.672225E+0	-1.102358E+1	1.955032E+2
2.684700E+0	-1.118674E+1	2.201659E+2
2.697175E+0	-1.136457E+1	2.452667E+2
2.709650E+0	-1.151877E+1	2.708000E+2
2.722125E+0	-1.161851E+1	-6.342478E+1
2.734600E+0	-1.165049E+1	-3.766254E+1
2.747075E+0	-1.162699E+1	-1.216244E+1
2.759550E+0	-1.158374E+1	1.289245E+1
2.772025E+0	-1.156326E+1	3.753746E+1
2.784500E+0	-1.159708E+1	6.195943E+1
2.796975E+0	-1.169459E+1	8.640549E+1
2.809450E+0	-1.184120E+1	1.110817E+2
2.821925E+0	-1.200965E+1	1.361295E+2
2.834400E+0	-1.215896E+1	1.615478E+2
2.846875E+0	-1.226328E+1	1.872118E+2
2.859350E+0	-1.231415E+1	2.129262E+2
2.871825E+0	-1.231909E+1	2.384618E+2
2.884300E+0	-1.230155E+1	2.637016E+2
2.896775E+0	-1.229353E+1	-7.135535E+1
2.909250E+0	-1.231459E+1	-4.656882E+1
2.921725E+0	-1.236844E+1	-2.179174E+1
2.934200E+0	-1.244549E+1	3.120020E+0
2.946675E+0	-1.252485E+1	2.825022E+1
2.959150E+0	-1.258375E+1	5.351541E+1
2.971625E+0	-1.260878E+1	7.874403E+1
2.984100E+0	-1.260769E+1	1.037913E+2
2.996575E+0	-1.260335E+1	1.285521E+2
3.009050E+0	-1.262321E+1	1.530467E+2
3.021525E+0	-1.269380E+1	1.773944E+2
3.034000E+0	-1.281721E+1	2.018022E+2
3.046475E+0	-1.298826E+1	2.264820E+2
3.058950E+0	-1.317521E+1	2.515547E+2
3.071425E+0	-1.334470E+1	2.770244E+2
3.083900E+0	-1.346536E+1	-5.728879E+1
3.096375E+0	-1.352705E+1	-3.147528E+1
3.108850E+0	-1.353049E+1	-5.832660E+0
3.121325E+0	-1.350265E+1	1.944473E+1
3.133800E+0	-1.347927E+1	4.432020E+1
3.146275E+0	-1.349400E+1	6.888634E+1
3.158750E+0	-1.356710E+1	9.336352E+1
3.171225E+0	-1.368688E+1	1.179986E+2
3.183700E+0	-1.384146E+1	1.429261E+2
3.196175E+0	-1.399327E+1	1.681702E+2
3.208650E+0	-1.411514E+1	1.937197E+2
3.221125E+0	-1.419006E+1	2.193960E+2
3.233600E+0	-1.421322E+1	2.450049E+2
3.246075E+0	-1.420011E+1	2.703674E+2
3.258550E+0	-1.418139E+1	-6.448904E+1
3.271025E+0	-1.417605E+1	-3.962743E+1
3.283500E+0	-1.420785E+1	-1.491581E+1
3.295975E+0	-1.427032E+1	9.798485E+0
3.308450E+0	-1.435288E+1	3.466406E+1
3.320925E+0	-1.443359E+1	5.965936E+1
3.333400E+0	-1.449649E+1	8.476852E+1
3.345875E+0	-1.454136E+1	1.098408E+2
3.358350E+0	-1.457310E+1	1.347336E+2
3.370825E+0	-1.461478E+1	1.594242E+2
3.383300E+0	-1.468633E+1	1.839737E+2
3.395775E+0	-1.479755E+1	2.084882E+2
3.408250E+0	-1.494834E+1	2.331937E+2
3.420725E+0	-1.512755E+1	2.582204E+2
3.433200E+0	-1.530280E+1	-7.640145E+1
3.445675E+0	-1.544011E+1	-5.074727E+1
3.458150E+0	-1.552245E+1	-2.497097E+1
3.470625E+0	-1.554525E+1	7.333327E-1
3.483100E+0	-1.552593E+1	2.612745E+1
3.495575E+0	-1.550561E+1	5.112304E+1
3.508050E+0	-1.551606E+1	7.580928E+1
3.520525E+0	-1.558041E+1	1.002965E+2
3.533000E+0	-1.569814E+1	1.249442E+2
3.545475E+0	-1.584534E+1	1.498482E+2
3.557950E+0	-1.599067E+1	1.750719E+2
3.570425E+0	-1.610273E+1	2.006688E+2
3.582900E+0	-1.616005E+1	2.263599E+2
3.595375E+0	-1.616989E+1	2.519133E+2
3.607850E+0	-1.615309E+1	2.770753E+2
3.620325E+0	-1.613593E+1	-5.814727E+1
3.632800E+0	-1.615559E+1	-3.361750E+1
3.645275E+0	-1.623182E+1	-9.211419E+0
3.657750E+0	-1.635430E+1	1.537773E+1
3.670225E+0	-1.651693E+1	4.022668E+1
3.682700E+0	-1.667535E+1	6.543705E+1
3.695175E+0	-1.680447E+1	9.086622E+1
3.707650E+0	-1.688700E+1	1.163599E+2
3.720125E+0	-1.693098E+1	1.417164E+2
3.732600E+0	-1.695548E+1	1.668232E+2
3.745075E+0	-1.700317E+1	1.917147E+2
3.757550E+0	-1.709308E+1	2.164746E+2
3.770025E+0	-1.722896E+1	2.413181E+2
3.782500E+0	-1.739199E+1	2.664390E+2
3.794975E+0	-1.755098E+1	-6.801406E+1
3.807450E+0	-1.766015E+1	-4.214379E+1
3.819925E+0	-1.769809E+1	-1.613625E+1
3.832400E+0	-1.766621E+1	9.675176E+0
3.844875E+0	-1.758477E+1	3.499052E+1
3.857350E+0	-1.750047E+1	5.973481E+1
3.869825E+0	-1.745953E+1	8.392760E+1
3.882300E+0	-1.750391E+1	1.078758E+2
3.894775E+0	-1.763210E+1	1.319429E+2
3.907250E+0	-1.783463E+1	1.564095E+2
3.919725E+0	-1.805811E+1	1.814298E+2
3.932200E+0	-1.825098E+1	2.069478E+2
3.944675E+0	-1.837484E+1	2.327215E+2
3.957150E+0	-1.841615E+1	2.583933E+2
3.969625E+0	-1.841039E+1	-7.633906E+1
3.982100E+0	-1.840234E+1	-5.150277E+1
3.994575E+0	-1.844738E+1	-2.707003E+1
4.007050E+0	-1.857623E+1	-2.765096E+0
4.019525E+0	-1.878442E+1	2.178194E+1
4.032000E+0	-1.903839E+1	4.682615E+1
4.044475E+0	-1.927885E+1	7.234504E+1
4.056950E+0	-1.945693E+1	9.853966E+1
4.069425E+0	-1.954059E+1	1.249410E+2
4.081900E+0	-1.953148E+1	1.511421E+2
4.094375E+0	-1.946580E+1	1.768480E+2
4.106850E+0	-1.939417E+1	2.019306E+2
4.119325E+0	-1.937289E+1	2.265383E+2
4.131800E+0	-1.943404E+1	2.509184E+2
4.144275E+0	-1.957049E+1	2.755732E+2
4.156750E+0	-1.974110E+1	-5.929669E+1
4.169225E+0	-1.989053E+1	-3.368203E+1
4.181700E+0	-1.996170E+1	-7.692724E+0
4.194175E+0	-1.994261E+1	1.821139E+1
4.206650E+0	-1.985508E+1	4.361578E+1
4.219125E+0	-1.974106E+1	6.841933E+1
4.231600E+0	-1.966990E+1	9.250804E+1
4.244075E+0	-1.970013E+1	1.162263E+2
4.256550E+0	-1.984567E+1	1.399084E+2
4.269025E+0	-2.008605E+1	1.639851E+2
4.281500E+0	-2.038227E+1	1.887669E+2
4.293975E+0	-2.065488E+1	2.142587E+2
4.306450E+0	-2.084756E+1	2.402670E+2
4.318925E+0	-2.093699E+1	2.663838E+2
4.331400E+0	-2.094392E+1	-6.788568E+1
4.343875E+0	-2.093036E+1	-4.275519E+1
4.356350E+0	-2.095790E+1	-1.821792E+1
4.368825E+0	-2.107581E+1	6.085141E+0
4.381300E+0	-2.129143E+1	3.061441E+1
4.393775E+0	-2.157435E+1	5.571254E+1
4.406250E+0	-2.185103E+1	8.165903E+1
4.418725E+0	-2.205552E+1	1.082176E+2
4.431200E+0	-2.214169E+1	1.351085E+2
4.443675E+0	-2.210555E+1	1.617901E+2
4.456150E+0	-2.197679E+1	1.878371E+2
4.468625E+0	-2.181923E+1	2.130232E+2
4.481100E+0	-2.171463E+1	2.375122E+2
4.493575E+0	-2.170423E+1	2.616056E+2
4.506050E+0	-2.180395E+1	-7.423306E+1
4.518525E+0	-2.197437E+1	-4.961227E+1
4.531000E+0	-2.215164E+1	-2.433540E+1
4.543475E+0	-2.227387E+1	1.399012E+0
4.555950E+0	-2.230401E+1	2.714634E+1
4.568425E+0	-2.225918E+1	5.255324E+1
4.580900E+0	-2.219217E+1	7.728334E+1
4.593375E+0	-2.217110E+1	1.013712E+2
4.605850E+0	-2.225311E+1	1.250754E+2
4.618325E+0	-2.246400E+1	1.488793E+2
4.630800E+0	-2.277348E+1	1.732472E+2
4.643275E+0	-2.312189E+1	1.984756E+2
4.655750E+0	-2.342629E+1	2.245580E+2
4.668225E+0	-2.362402E+1	2.513136E+2
4.680700E+0	-2.367656E+1	2.781265E+2
4.693175E+0	-2.361121E+1	-5.558138E+1
4.705650E+0	-2.349406E+1	-3.013294E+1
4.718125E+0	-2.340623E+1	-5.558799E+0
4.730600E+0	-2.342117E+1	1.850679E+1
4.743075E+0	-2.357260E+1	4.256039E+1
4.755550E+0	-2.382391E+1	6.719763E+1
4.768025E+0	-2.410457E+1	9.269109E+1
4.780500E+0	-2.432104E+1	1.189361E+2
4.792975E+0	-2.441809E+1	1.455417E+2
4.805450E+0	-2.438092E+1	1.719076E+2
4.817925E+0	-2.425265E+1	1.975975E+2
4.830400E+0	-2.412154E+1	2.223976E+2
4.842875E+0	-2.407289E+1	2.463918E+2
4.855350E+0	-2.416439E+1	2.700726E+2
4.867825E+0	-2.439878E+1	-6.593671E+1
4.880300E+0	-2.472336E+1	-4.115697E+1
4.892775E+0	-2.504737E+1	-1.531048E+1
4.905250E+0	-2.526724E+1	1.131016E+1
4.917725E+0	-2.534080E+1	3.819461E+1
4.930200E+0	-2.526908E+1	6.470502E+1
4.942675E+0	-2.511835E+1	9.033753E+1
4.955150E+0	-2.498786E+1	1.149725E+2
4.967625E+0	-2.496432E+1	1.389286E+2
4.980100E+0	-2.508168E+1	1.627066E+2
4.992575E+0	-2.533326E+1	1.869715E+2
5.005050E+0	-2.564188E+1	2.121942E+2
5.017525E+0	-2.589576E+1	2.384185E+2
5.030000E+0	-2.601911E+1	2.651949E+2
5.042475E+0	-2.598173E+1	-6.813457E+1
5.054950E+0	-2.582231E+1	-4.218636E+1
5.067425E+0	-2.562874E+1	-1.733562E+1
5.079900E+0	-2.550567E+1	6.494580E+0
5.092375E+0	-2.552660E+1	2.970384E+1
5.104850E+0	-2.572766E+1	5.289460E+1
5.117325E+0	-2.608953E+1	7.674161E+1
5.129800E+0	-2.652052E+1	1.017441E+2
5.142275E+0	-2.691304E+1	1.279268E+2
5.154750E+0	-2.717115E+1	1.550947E+2
5.167225E+0	-2.723498E+1	1.823738E+2
5.179700E+0	-2.714605E+1	2.091180E+2
5.192175E+0	-2.699323E+1	2.347532E+2
5.204650E+0	-2.687806E+1	2.593984E+2
5.217125E+0	-2.688816E+1	-7.660659E+1
5.229600E+0	-2.704711E+1	-5.263304E+1
5.242075E+0	-2.731955E+1	-2.799091E+1
5.254550E+0	-2.762431E+1	-2.316257E+0
5.267025E+0	-2.785388E+1	2.427924E+1
5.279500E+0	-2.793456E+1	5.130658E+1
5.291975E+0	-2.784866E+1	7.810329E+1
5.304450E+0	-2.766202E+1	1.040165E+2
5.316925E+0	-2.746418E+1	1.287782E+2
5.329400E+0	-2.735073E+1	1.525540E+2
5.341875E+0	-2.739716E+1	1.758834E+2
5.354350E+0	-2.761518E+1	1.994131E+2
5.366825E+0	-2.795562E+1	2.237766E+2
5.379300E+0	-2.832100E+1	2.493733E+2
5.391775E+0	-2.859083E+1	2.759538E+2
5.404250E+0	-2.869608E+1	-5.710376E+1
5.416725E+0	-2.863422E+1	-3.049886E+1
5.429200E+0	-2.848612E+1	-4.897652E+0
5.441675E+0	-2.835128E+1	1.972414E+1
5.454150E+0	-2.832902E+1	4.349539E+1
5.466625E+0	-2.846295E+1	6.712255E+1
5.479100E+0	-2.874815E+1	9.117847E+1
5.491575E+0	-2.911774E+1	1.162385E+2
5.504050E+0	-2.946395E+1	1.424108E+2
5.516525E+0	-2.968403E+1	1.694380E+2
5.529000E+0	-2.973099E+1	1.966357E+2
5.541475E+0	-2.962378E+1	2.232428E+2
5.553950E+0	-2.944957E+1	2.488355E+2
5.566425E+0	-2.930028E+1	2.732799E+2
5.578900E+0	-2.926933E+1	-6.285186E+1
5.591375E+0	-2.941101E+1	-3.917004E+1
5.603850E+0	-2.968964E+1	-1.489544E+1
5.616325E+0	-3.003349E+1	1.035492E+1
5.628800E+0	-3.031417E+1	3.671547E+1
5.641275E+0	-3.045944E+1	6.366721E+1
5.653750E+0	-3.043494E+1	9.047101E+1
5.666225E+0	-3.028893E+1	1.165703E+2
5.678700E+0	-3.009872E+1	1.415844E+2
5.691175E+0	-2.998507E+1	1.656372E+2
5.703650E+0	-3.001814E+1	1.890450E+2
5.716125E+0	-3.024056E+1	2.125518E+2
5.728600E+0	-3.059482E+1	2.367542E+2
5.741075E+0	-3.100271E+1	2.622221E+2
5.753550E+0	-3.134329E+1	-7.113554E+1
5.766025E+0	-3.152420E+1	-4.383719E+1
5.778500E+0	-3.151850E+1	-1.671286E+1
5.790975E+0	-3.138233E+1	9.824574E+0
5.803450E+0	-3.120633E+1	3.519114E+1
5.815925E+0	-3.111392E+1	5.957854E+1
5.828400E+0	-3.114215E+1	8.348256E+1
5.840875E+0	-3.130573E+1	1.075420E+2
5.853350E+0	-3.158636E+1	1.323762E+2
5.865825E+0	-3.186441E+1	1.581879E+2
5.878300E+0	-3.204448E+1	1.847036E+2
5.890775E+0	-3.207748E+1	2.114714E+2
5.903250E+0	-3.197628E+1	2.376526E+2
5.915725E+0	-3.179823E+1	2.629912E+2
5.928200E+0	-3.167150E+1	-7.270583E+1
5.940675E+0	-3.166933E+1	-4.915121E+1
5.953150E+0	-3.183309E+1	-2.574157E+1
5.965625E+0	-3.215819E+1	-1.707606E+0
5.978100E+0	-3.255606E+1	2.334694E+1
5.990575E+0	-3.291417E+1	4.967002E+1
6.003050E+0	-3.314362E+1	7.680468E+1
6.015525E+0	-3.318110E+1	1.040365E+2
6.028000E+0	-3.307630E+1	1.306996E+2
6.040475E+0	-3.289629E+1	1.563051E+2
6.052950E+0	-3.276614E+1	1.807715E+2
6.065425E+0	-3.275932E+1	2.045093E+2
6.077900E+0	-3.293021E+1	2.281363E+2
6.090375E+0	-3.324341E+1	2.524103E+2
6.102850E+0	-3.362235E+1	2.778365E+2
6.115325E+0	-3.395769E+1	-5.560672E+1
6.127800E+0	-3.413717E+1	-2.826855E+1
6.140275E+0	-3.414448E+1	-8.364227E-1
6.152750E+0	-3.398709E+1	2.588889E+1
6.165225E+0	-3.376796E+1	5.152579E+1
6.177700E+0	-3.358606E+1	7.597298E+1
6.190175E+0	-3.350820E+1	9.975642E+1
6.202650E+0	-3.359155E+1	1.231856E+2
6.215125E+0	-3.383627E+1	1.470891E+2
6.227600E+0	-3.416476E+1	1.719344E+2
6.240075E+0	-3.446156E+1	1.977545E+2
6.252550E+0	-3.466475E+1	2.243353E+2
6.265025E+0	-3.471917E+1	2.508319E+2
6.277500E+0	-3.466697E+1	2.769160E+2
6.289975E+0	-3.458491E+1	-5.786588E+1
6.302450E+0	-3.457601E+1	-3.343083E+1
6.314925E+0	-3.468886E+1	-9.255698E+0
6.327400E+0	-3.493114E+1	1.518709E+1
6.339875E+0	-3.522506E+1	4.045923E+1
6.352350E+0	-3.551186E+1	6.662083E+1
6.364825E+0	-3.567704E+1	9.370772E+1
6.377300E+0	-3.569988E+1	1.207572E+2
6.389775E+0	-3.557318E+1	1.473741E+2
6.402250E+0	-3.538803E+1	1.728225E+2
6.414725E+0	-3.522693E+1	1.973114E+2
6.427200E+0	-3.516819E+1	2.210002E+2
6.439675E+0	-3.527979E+1	2.444515E+2
6.452150E+0	-3.556005E+1	2.683607E+2
6.464625E+0	-3.591943E+1	-6.672530E+1
6.477100E+0	-3.626411E+1	-4.069529E+1
6.489575E+0	-3.651731E+1	-1.395612E+1
6.502050E+0	-3.659884E+1	1.313254E+1
6.514525E+0	-3.654108E+1	3.967295E+1
6.527000E+0	-3.640735E+1	6.544788E+1
6.539475E+0	-3.628336E+1	9.014500E+1
6.551950E+0	-3.626756E+1	1.141851E+2
6.564425E+0	-3.640467E+1	1.380013E+2
6.576900E+0	-3.669023E+1	1.623484E+2
6.589375E+0	-3.703930E+1	1.875750E+2
6.601850E+0	-3.735532E+1	2.138798E+2
6.614325E+0	-3.755351E+1	2.408116E+2
6.626800E+0	-3.760164E+1	2.678558E+2
6.639275E+0	-3.751060E+1	-6.550344E+1
6.651750E+0	-3.738096E+1	-3.981247E+1
6.664225E+0	-3.727459E+1	-1.488582E+1
6.676700E+0	-3.727868E+1	9.470887E+0
6.689175E+0	-3.738595E+1	3.375761E+1
6.701650E+0	-3.760619E+1	5.863362E+1
6.714125E+0	-3.784464E+1	8.425928E+1
6.726600E+0	-3.802511E+1	1.105436E+2
6.739075E+0	-3.807471E+1	1.371299E+2
6.751550E+0	-3.800955E+1	1.635016E+2
6.764025E+0	-3.787014E+1	1.890006E+2
6.776500E+0	-3.773511E+1	2.137617E+2
6.788975E+0	-3.769502E+1	2.375854E+2
6.801450E+0	-3.778255E+1	2.612023E+2
6.813925E+0	-3.801099E+1	-7.498730E+1
6.826400E+0	-3.836561E+1	-5.039788E+1
6.838875E+0	-3.872083E+1	-2.467189E+1
6.851350E+0	-3.898339E+1	1.799913E+0
6.863825E+0	-3.913073E+1	2.861629E+1
6.876300E+0	-3.913331E+1	5.518603E+1
6.888775E+0	-3.907716E+1	8.104185E+1
6.901250E+0	-3.901460E+1	1.061005E+2
6.913725E+0	-3.904306E+1	1.304057E+2
6.926200E+0	-3.920716E+1	1.548736E+2
6.938675E+0	-3.947374E+1	1.796123E+2
6.951150E+0	-3.978714E+1	2.053734E+2
6.963625E+0	-4.003293E+1	2.319101E+2
6.976100E+0	-4.016906E+1	2.590169E+2
6.988575E+0	-4.018432E+1	-7.374470E+1
7.001050E+0	-4.007167E+1	-4.719026E+1
7.013525E+0	-3.988610E+1	-2.156115E+1
7.026000E+0	-3.974422E+1	3.371461E+0
7.038475E+0	-3.966822E+1	2.752686E+1
7.050950E+0	-3.974269E+1	5.141673E+1
7.063425E+0	-3.990805E+1	7.575195E+1
7.075900E+0	-4.018049E+1	1.008271E+2
7.088375E+0	-4.041774E+1	1.266668E+2
7.100850E+0	-4.057295E+1	1.530896E+2
7.113325E+0	-4.057297E+1	1.796053E+2
7.125800E+0	-4.049763E+1	2.055301E+2
7.138275E+0	-4.039375E+1	2.306246E+2
7.150750E+0	-4.034913E+1	2.549462E+2
7.163225E+0	-4.038214E+1	2.787580E+2
7.175700E+0	-4.059801E+1	-5.725417E+1
7.188175E+0	-4.088989E+1	-3.275620E+1
7.200650E+0	-4.125312E+1	-7.393485E+0
7.213125E+0	-4.155504E+1	1.895664E+1
7.225600E+0	-4.176087E+1	4.583820E+1
7.238075E+0	-4.183284E+1	7.277904E+1
7.250550E+0	-4.180726E+1	9.916582E+1
7.263025E+0	-4.174983E+1	1.248509E+2
7.275500E+0	-4.170294E+1	1.501448E+2
7.287975E+0	-4.175659E+1	1.750544E+2
7.300450E+0	-4.187062E+1	1.998604E+2
7.312925E+0	-4.206687E+1	2.253483E+2
7.325400E+0	-4.221734E+1	2.513398E+2
7.337875E+0	-4.231576E+1	2.776733E+2
7.350350E+0	-4.229255E+1	-5.597847E+1
7.362825E+0	-4.222132E+1	-3.033911E+1
7.375300E+0	-4.211839E+1	-5.075497E+0
7.387775E+0	-4.204974E+1	1.951400E+1
7.400250E+0	-4.207534E+1	4.358368E+1
7.412725E+0	-4.220237E+1	6.753262E+1
7.425200E+0	-4.248349E+1	9.195876E+1
7.437675E+0	-4.282524E+1	1.170453E+2
7.450150E+0	-4.308971E+1	1.430649E+2
7.462625E+0	-4.330303E+1	1.698861E+2
7.475100E+0	-4.335967E+1	1.966364E+2
7.487575E+0	-4.333941E+1	2.233037E+2
7.500050E+0	-4.324906E+1	2.491515E+2
7.512525E+0	-4.317398E+1	2.743094E+2
7.525000E+0	-4.315937E+1	-6.116185E+1
7.537475E+0	-4.324797E+1	-3.654285E+1
7.549950E+0	-4.347034E+1	-1.171404E+1
7.562425E+0	-4.370272E+1	1.370384E+1
7.574900E+0	-4.390120E+1	3.981844E+1
7.587375E+0	-4.405500E+1	6.617599E+1
7.599850E+0	-4.408078E+1	9.265435E+1
7.612325E+0	-4.404712E+1	1.187604E+2
7.624800E+0	-4.395410E+1	1.443732E+2
7.637275E+0	-4.390516E+1	1.692695E+2
7.649750E+0	-4.391598E+1	1.940067E+2
7.662225E+0	-4.402552E+1	2.185701E+2
7.674700E+0	-4.417815E+1	2.434882E+2
7.687175E+0	-4.437487E+1	2.686552E+2
7.699650E+0	-4.451740E+1	-6.560467E+1
7.712125E+0	-4.462687E+1	-3.970752E+1
7.724600E+0	-4.464200E+1	-1.397476E+1
7.737075E+0	-4.466154E+1	1.136674E+1
7.749550E+0	-4.469035E+1	3.608645E+1
7.762025E+0	-4.478978E+1	6.066768E+1
7.774500E+0	-4.500790E+1	8.553320E+1
7.786975E+0	-4.528017E+1	1.106007E+2
7.799450E+0	-4.557038E+1	1.366570E+2
7.811925E+0	-4.579103E+1	1.631124E+2
7.824400E+0	-4.589324E+1	1.899803E+2
7.836875E+0	-4.591885E+1	2.167091E+2
7.849350E+0	-4.586444E+1	2.433993E+2
7.861825E+0	-4.576555E+1	2.691015E+2
7.874300E+0	-4.565940E+1	-6.567848E+1
7.886775E+0	-4.562226E+1	-4.102484E+1
7.899250E+0	-4.567791E+1	-1.645919E+1
7.911725E+0	-4.579966E+1	8.090222E+0
7.924200E+0	-4.600945E+1	3.333104E+1
7.936675E+0	-4.624039E+1	5.882853E+1
7.949150E+0	-4.631451E+1	8.499570E+1
7.961625E+0	-4.641780E+1	1.113034E+2
7.974100E+0	-4.639227E+1	1.373624E+2
7.986575E+0	-4.636066E+1	1.629220E+2
7.999050E+0	-4.634656E+1	1.878573E+2
8.011525E+0	-4.640868E+1	2.122687E+2
8.024000E+0	-4.647995E+1	2.370710E+2
8.036475E+0	-4.667277E+1	2.617205E+2
8.048950E+0	-4.687680E+1	-7.312270E+1
8.061425E+0	-4.709192E+1	-4.708680E+1
8.073900E+0	-4.724215E+1	-2.095089E+1
8.086375E+0	-4.733008E+1	5.286376E+0
8.098850E+0	-4.734878E+1	3.098282E+1
8.111325E+0	-4.736493E+1	5.650312E+1
8.123800E+0	-4.738234E+1	8.169745E+1
8.136275E+0	-4.748449E+1	1.065651E+2
8.148750E+0	-4.764445E+1	1.318650E+2
8.161225E+0	-4.780022E+1	1.572527E+2
8.173700E+0	-4.796740E+1	1.833057E+2
8.186175E+0	-4.810632E+1	2.094966E+2
8.198650E+0	-4.813292E+1	2.356024E+2
8.211125E+0	-4.814780E+1	2.615884E+2
8.223600E+0	-4.809435E+1	-7.277544E+1
8.236075E+0	-4.805372E+1	-4.765657E+1
8.248550E+0	-4.805734E+1	-2.247355E+1
8.261025E+0	-4.813068E+1	2.020774E+0
8.273500E+0	-4.827658E+1	2.700896E+1
8.285975E+0	-4.849377E+1	5.191825E+1
8.298450E+0	-4.870083E+1	7.753506E+1
8.310925E+0	-4.887430E+1	1.038650E+2
8.323400E+0	-4.890319E+1	1.296520E+2
8.335875E+0	-4.897185E+1	1.558170E+2
8.348350E+0	-4.895094E+1	1.813587E+2
8.360825E+0	-4.893731E+1	2.068981E+2
8.373300E+0	-4.896175E+1	2.321969E+2
8.385775E+0	-4.906485E+1	2.570018E+2
8.398250E+0	-4.923093E+1	-7.793551E+1
8.410725E+0	-4.934614E+1	-5.232127E+1
8.423200E+0	-4.954585E+1	-2.667339E+1
8.435675E+0	-4.961538E+1	-6.239989E-1
8.448150E+0	-4.968001E+1	2.535222E+1
8.460625E+0	-4.971085E+1	5.096488E+1
8.473100E+0	-4.968390E+1	7.664361E+1
8.485575E+0	-4.963244E+1	1.017278E+2
8.498050E+0	-4.974400E+1	1.271241E+2
8.510525E+0	-4.990335E+1	1.514734E+2
8.523000E+0	-4.998629E+1	1.767712E+2
8.535475E+0	-5.017781E+1	2.017943E+2
8.547950E+0	-5.035424E+1	2.275855E+2
8.560425E+0	-5.041369E+1	2.537049E+2
8.572900E+0	-5.053701E+1	2.795122E+2
8.585375E+0	-5.058646E+1	-5.486654E+1
8.597850E+0	-5.062660E+1	-2.931599E+1
8.610325E+0	-5.062502E+1	-3.892283E+0
8.622800E+0	-5.076495E+1	2.135384E+1
8.635275E+0	-5.089298E+1	4.638720E+1
8.647750E+0	-5.102207E+1	7.206033E+1
8.660225E+0	-5.117082E+1	9.787170E+1
8.672700E+0	-5.124498E+1	1.236942E+2
8.685175E+0	-5.135471E+1	1.496472E+2
8.697650E+0	-5.137538E+1	1.755929E+2
8.710125E+0	-5.142141E+1	2.011795E+2
8.722600E+0	-5.142382E+1	2.263929E+2
8.735075E+0	-5.141895E+1	2.520901E+2
8.747550E+0	-5.145951E+1	2.772012E+2
8.760025E+0	-5.155756E+1	-5.733963E+1
8.772500E+0	-5.170328E+1	-3.231019E+1
8.784975E+0	-5.174989E+1	-6.790860E+0
8.797450E+0	-5.189438E+1	1.962426E+1
8.809925E+0	-5.196499E+1	4.504603E+1
8.822400E+0	-5.195545E+1	7.091048E+1
8.834875E+0	-5.204048E+1	9.632462E+1
8.847350E+0	-5.208206E+1	1.213463E+2
8.859825E+0	-5.211462E+1	1.467455E+2
8.872300E+0	-5.223618E+1	1.718363E+2
8.884775E+0	-5.238375E+1	1.966058E+2
8.897250E+0	-5.254399E+1	2.223853E+2
8.909725E+0	-5.269578E+1	2.480508E+2
8.922200E+0	-5.282565E+1	2.736301E+2
8.934675E+0	-5.287651E+1	-6.044226E+1
8.947150E+0	-5.293488E+1	-3.492165E+1
8.959625E+0	-5.301725E+1	-8.901616E+0
8.972100E+0	-5.307907E+1	1.653648E+1
8.984575E+0	-5.318727E+1	4.158801E+1
8.997050E+0	-5.323177E+1	6.687090E+1
9.009525E+0	-5.323346E+1	9.249427E+1
9.022000E+0	-5.344919E+1	1.179886E+2
9.034475E+0	-5.348469E+1	1.434290E+2
9.046950E+0	-5.358521E+1	1.692476E+2
9.059425E+0	-5.359629E+1	1.950567E+2
9.071900E+0	-5.365190E+1	2.210660E+2
9.084375E+0	-5.368606E+1	2.461304E+2
9.096850E+0	-5.379441E+1	2.713993E+2
9.109325E+0	-5.387726E+1	-6.281171E+1
9.121800E+0	-5.392540E+1	-3.747136E+1
9.134275E+0	-5.400613E+1	-1.188804E+1
9.146750E+0	-5.407869E+1	1.398634E+1
9.159225E+0	-5.417017E+1	3.955283E+1
9.171700E+0	-5.424001E+1	6.471471E+1
9.184175E+0	-5.441043E+1	9.030471E+1
9.196650E+0	-5.437938E+1	1.158373E+2
9.209125E+0	-5.446349E+1	1.414650E+2
9.221600E+0	-5.460096E+1	1.673903E+2
9.234075E+0	-5.477368E+1	1.923697E+2
9.246550E+0	-5.478477E+1	2.179126E+2
9.259025E+0	-5.494485E+1	2.436717E+2
9.271500E+0	-5.496365E+1	2.693034E+2
9.283975E+0	-5.505816E+1	-6.490903E+1
9.296450E+0	-5.511428E+1	-3.927437E+1
9.308925E+0	-5.523005E+1	-1.351947E+1
9.321400E+0	-5.530094E+1	1.128412E+1
9.333875E+0	-5.536190E+1	3.665332E+1
9.346350E+0	-5.545589E+1	6.235474E+1
9.358825E+0	-5.555507E+1	8.869134E+1
9.371300E+0	-5.566167E+1	1.139407E+2
9.383775E+0	-5.576797E+1	1.392641E+2
9.396250E+0	-5.580961E+1	1.655981E+2
9.408725E+0	-5.601809E+1	1.903106E+2
9.421200E+0	-5.594149E+1	2.158828E+2
9.433675E+0	-5.597664E+1	2.413347E+2
9.446150E+0	-5.611981E+1	2.665796E+2
9.458625E+0	-5.622107E+1	-6.720728E+1
9.471100E+0	-5.637174E+1	-4.155809E+1
9.483575E+0	-5.640908E+1	-1.624408E+1
9.496050E+0	-5.647626E+1	8.967455E+0
9.508525E+0	-5.651301E+1	3.528213E+1
9.521000E+0	-5.659507E+1	6.094139E+1
9.533475E+0	-5.676198E+1	8.571861E+1
9.545950E+0	-5.673650E+1	1.119310E+2
9.558425E+0	-5.685903E+1	1.368268E+2
9.570900E+0	-5.690839E+1	1.642288E+2
9.583375E+0	-5.700042E+1	1.896928E+2
9.595850E+0	-5.697281E+1	2.146364E+2
9.608325E+0	-5.716292E+1	2.401055E+2
9.620800E+0	-5.736937E+1	2.657717E+2
9.633275E+0	-5.734345E+1	-6.868490E+1
9.645750E+0	-5.749168E+1	-4.272349E+1
9.658225E+0	-5.756330E+1	-1.766783E+1
9.670700E+0	-5.764933E+1	7.358813E+0
9.683175E+0	-5.771093E+1	3.299058E+1
9.695650E+0	-5.786762E+1	5.812367E+1
9.708125E+0	-5.791665E+1	8.428767E+1
9.720600E+0	-5.814000E+1	1.100671E+2
9.733075E+0	-5.827082E+1	1.359426E+2
9.745550E+0	-5.822752E+1	1.609147E+2
9.758025E+0	-5.821693E+1	1.873617E+2
9.770500E+0	-5.831483E+1	2.133237E+2
9.782975E+0	-5.842603E+1	2.383812E+2
9.795450E+0	-5.848741E+1	2.631802E+2
9.807925E+0	-5.861151E+1	-7.119380E+1
9.820400E+0	-5.878423E+1	-4.594188E+1
9.832875E+0	-5.880384E+1	-2.138191E+1
9.845350E+0	-5.884200E+1	5.217162E+0
9.857825E+0	-5.891585E+1	3.091091E+1
9.870300E+0	-5.893225E+1	5.657381E+1
9.882775E+0	-5.902978E+1	8.247614E+1
9.895250E+0	-5.920720E+1	1.081184E+2
9.907725E+0	-5.906200E+1	1.327888E+2
9.920200E+0	-5.932017E+1	1.586570E+2
9.932675E+0	-5.942305E+1	1.827626E+2
9.945150E+0	-5.955701E+1	2.095549E+2
9.957625E+0	-5.983120E+1	2.343212E+2
9.970100E+0	-5.968689E+1	2.612036E+2
9.982575E+0	-5.998907E+1	-7.297542E+1
9.995050E+0	-6.005483E+1	-4.625185E+1
1.000752E+1	-6.005125E+1	-2.258598E+1
1.002000E+1	-5.994456E+1	3.225962E+0
1.003247E+1	-6.001697E+1	2.870693E+1
1.004495E+1	-6.046812E+1	5.461235E+1
1.005743E+1	-6.030367E+1	7.936341E+1
1.006990E+1	-6.048448E+1	1.053431E+2
1.008238E+1	-6.059414E+1	1.316733E+2
1.009485E+1	-6.079346E+1	1.576116E+2
1.010732E+1	-6.095221E+1	1.828307E+2
1.011980E+1	-6.081326E+1	2.087295E+2
1.013227E+1	-6.083688E+1	2.342048E+2
1.014475E+1	-6.068735E+1	2.582596E+2
1.015723E+1	-6.098090E+1	-7.557904E+1
1.016970E+1	-6.117966E+1	-5.053719E+1
1.018218E+1	-6.134795E+1	-2.580535E+1
1.019465E+1	-6.143900E+1	1.085189E+0
1.020712E+1	-6.157069E+1	2.684463E+1
1.021960E+1	-6.152922E+1	5.272652E+1
1.023208E+1	-6.130003E+1	7.940417E+1
1.024455E+1	-6.157619E+1	1.047982E+2
1.025703E+1	-6.157558E+1	1.304160E+2
1.026950E+1	-6.174943E+1	1.554907E+2
1.028197E+1	-6.175078E+1	1.790599E+2
1.029445E+1	-6.186883E+1	2.067541E+2
1.030692E+1	-6.207295E+1	2.309660E+2
1.031940E+1	-6.199404E+1	2.569443E+2
1.033188E+1	-6.207833E+1	-7.646612E+1
1.034435E+1	-6.203923E+1	-5.121949E+1
1.035683E+1	-6.196947E+1	-2.535600E+1
1.036930E+1	-6.217199E+1	1.793706E-1
1.038177E+1	-6.197895E+1	2.379279E+1
1.039425E+1	-6.220986E+1	4.905270E+1
1.040672E+1	-6.239721E+1	7.543147E+1
1.041920E+1	-6.270438E+1	9.954292E+1
1.043168E+1	-6.286978E+1	1.251308E+2
1.044415E+1	-6.317772E+1	1.510732E+2
1.045663E+1	-6.314734E+1	1.778849E+2
1.046910E+1	-6.333445E+1	2.029811E+2
1.048157E+1	-6.315231E+1	2.305114E+2
1.049405E+1	-6.322732E+1	2.552430E+2
1.050652E+1	-6.305659E+1	-7.934663E+1
1.051900E+1	-6.301812E+1	-5.699550E+1
1.053148E+1	-6.330816E+1	-2.903294E+1
1.054395E+1	-6.365487E+1	-3.743279E+0
1.055643E+1	-6.393097E+1	2.109548E+1
1.056890E+1	-6.408103E+1	4.807298E+1
1.058137E+1	-6.410405E+1	7.555919E+1
1.059385E+1	-6.401786E+1	1.021043E+2
1.060633E+1	-6.414365E+1	1.271562E+2
1.061880E+1	-6.376387E+1	1.537182E+2
1.063128E+1	-6.383358E+1	1.790965E+2
1.064375E+1	-6.381192E+1	2.029756E+2
1.065622E+1	-6.385990E+1	2.285730E+2
1.066870E+1	-6.398160E+1	2.541528E+2
1.068117E+1	-6.404444E+1	2.788555E+2
1.069365E+1	-6.427041E+1	-5.680803E+1
1.070613E+1	-6.410299E+1	-2.898168E+1
1.071860E+1	-6.389142E+1	-4.839704E+0
1.073108E+1	-6.397607E+1	2.149482E+1
1.074355E+1	-6.428008E+1	4.568687E+1
1.075602E+1	-6.425984E+1	6.949443E+1
1.076850E+1	-6.471015E+1	9.477883E+1
1.078097E+1	-6.479730E+1	1.201716E+2
1.079345E+1	-6.485403E+1	1.467896E+2
1.080593E+1	-6.511848E+1	1.723654E+2
1.081840E+1	-6.539992E+1	1.977150E+2
1.083088E+1	-6.578164E+1	2.244330E+2
1.084335E+1	-6.554781E+1	2.512560E+2
1.085582E+1	-6.546558E+1	2.781749E+2
1.086830E+1	-6.563181E+1	-5.689517E+1
1.088077E+1	-6.579890E+1	-3.065729E+1
1.089325E+1	-6.577487E+1	-6.279572E+0
1.090573E+1	-6.592234E+1	2.216779E+1
1.091820E+1	-6.614656E+1	4.813905E+1
1.093068E+1	-6.603352E+1	7.292311E+1
1.094315E+1	-6.612532E+1	1.009638E+2
1.095562E+1	-6.611983E+1	1.271811E+2
1.096810E+1	-6.583765E+1	1.512438E+2
1.098057E+1	-6.579285E+1	1.763686E+2
1.099305E+1	-6.579884E+1	2.020964E+2
1.100553E+1	-6.602047E+1	2.246019E+2
1.101800E+1	-6.625265E+1	2.516581E+2
1.103047E+1	-6.644562E+1	2.797209E+2
1.104295E+1	-6.660326E+1	-5.689317E+1
1.105542E+1	-6.634502E+1	-3.020407E+1
1.106790E+1	-6.685120E+1	-4.736619E+0
1.108038E+1	-6.674312E+1	2.063632E+1
1.109285E+1	-6.676605E+1	4.595126E+1
1.110533E+1	-6.642071E+1	7.118517E+1
1.111780E+1	-6.641896E+1	9.582802E+1
1.113027E+1	-6.677431E+1	1.192663E+2
1.114275E+1	-6.663576E+1	1.449039E+2
1.115522E+1	-6.732751E+1	1.731659E+2
1.116770E+1	-6.756666E+1	1.992832E+2
1.118018E+1	-6.754619E+1	2.261631E+2
1.119265E+1	-6.769672E+1	2.513914E+2
1.120513E+1	-6.759359E+1	-7.995245E+1
1.121760E+1	-6.750848E+1	-5.536695E+1
1.123007E+1	-6.765635E+1	-3.111985E+1
1.124255E+1	-6.789872E+1	-2.707566E+0
1.125502E+1	-6.761563E+1	1.834224E+1
1.126750E+1	-6.774075E+1	4.698240E+1
1.127998E+1	-6.821925E+1	7.186759E+1
1.129245E+1	-6.806516E+1	9.794288E+1
1.130493E+1	-6.795573E+1	1.227984E+2
1.131740E+1	-6.848485E+1	1.485904E+2
1.132987E+1	-6.827831E+1	1.763191E+2
1.134235E+1	-6.807121E+1	2.012554E+2
1.135482E+1	-6.831532E+1	2.236156E+2
1.136730E+1	-6.838133E+1	2.488480E+2
1.137978E+1	-6.880145E+1	2.747470E+2
1.139225E+1	-6.847879E+1	-5.942513E+1
1.140472E+1	-6.915105E+1	-3.454784E+1
1.141720E+1	-6.932742E+1	-8.906761E+0
1.142967E+1	-6.945444E+1	2.436929E+1
1.144215E+1	-6.909772E+1	4.966019E+1
1.145463E+1	-6.940664E+1	7.289876E+1
1.146710E+1	-6.900771E+1	9.881247E+1
1.147958E+1	-6.837769E+1	1.217370E+2
1.149205E+1	-6.888171E+1	1.465778E+2
1.150452E+1	-6.925182E+1	1.724404E+2
1.151700E+1	-6.919167E+1	1.964010E+2
1.152947E+1	-6.913413E+1	2.244730E+2
1.154195E+1	-7.003944E+1	2.518628E+2
1.155443E+1	-7.006083E+1	2.779113E+2
1.156690E+1	-6.992596E+1	-5.749710E+1
1.157938E+1	-7.005578E+1	-2.882057E+1
1.159185E+1	-6.987878E+1	-2.999783E+0
1.160432E+1	-6.940897E+1	1.966877E+1
1.161680E+1	-6.934809E+1	4.228239E+1
1.162927E+1	-6.946045E+1	6.828522E+1
1.164175E+1	-7.010004E+1	9.148523E+1
1.165423E+1	-7.044376E+1	1.183556E+2
1.166670E+1	-7.068504E+1	1.457737E+2
1.167918E+1	-7.074339E+1	1.741095E+2
1.169165E+1	-7.067673E+1	1.982393E+2
1.170412E+1	-7.085094E+1	2.246320E+2
1.171660E+1	-7.074105E+1	2.525688E+2
1.172907E+1	-7.057763E+1	2.777935E+2
1.174155E+1	-7.120415E+1	-6.015651E+1
1.175403E+1	-7.225060E+1	-3.645569E+1
1.176650E+1	-7.166660E+1	-6.689781E+0
1.177898E+1	-7.172243E+1	1.672720E+1
1.179145E+1	-7.206335E+1	4.535561E+1
1.180392E+1	-7.178350E+1	7.372728E+1
1.181640E+1	-7.180331E+1	9.999015E+1
1.182888E+1	-7.071640E+1	1.256780E+2
1.184135E+1	-7.067620E+1	1.512767E+2
1.185383E+1	-7.043462E+1	1.721948E+2
1.186630E+1	-7.105608E+1	1.971209E+2
1.187877E+1	-7.115129E+1	2.207591E+2
1.189125E+1	-7.132690E+1	2.474300E+2
1.190372E+1	-7.146378E+1	2.745617E+2
1.191620E+1	-7.203895E+1	-6.055698E+1
1.192868E+1	-7.256934E+1	-3.138135E+1
1.194115E+1	-7.219312E+1	-7.187299E+0
1.195363E+1	-7.241534E+1	1.912400E+1
1.196610E+1	-7.169064E+1	4.310060E+1
1.197857E+1	-7.208421E+1	7.352168E+1
1.199105E+1	-7.198176E+1	9.402497E+1
1.200352E+1	-7.197887E+1	1.160113E+2
1.201600E+1	-7.227276E+1	1.452265E+2
1.202848E+1	-7.225968E+1	1.722899E+2
1.204095E+1	-7.278834E+1	1.966989E+2
1.205343E+1	-7.262360E+1	2.243057E+2
1.206590E+1	-7.282514E+1	2.545791E+2
1.207837E+1	-7.343172E+1	2.766518E+2
1.209085E+1	-7.284844E+1	-5.835800E+1
1.210332E+1	-7.277776E+1	-3.805828E+1
1.211580E+1	-7.309403E+1	-9.457053E+0
1.212828E+1	-7.341740E+1	2.045063E+1
1.214075E+1	-7.312265E+1	4.684874E+1
1.215323E+1	-7.368397E+1	7.210028E+1
1.216570E+1	-7.292430E+1	9.532210E+1
1.217817E+1	-7.347406E+1	1.277214E+2
1.219065E+1	-7.323598E+1	1.475191E+2
1.220313E+1	-7.321806E+1	1.741775E+2
1.221560E+1	-7.248526E+1	1.991613E+2
1.222808E+1	-7.320711E+1	2.242805E+2
1.224055E+1	-7.406793E+1	2.436760E+2
1.225302E+1	-7.397512E+1	2.696636E+2
1.226550E+1	-7.474365E+1	-6.418878E+1
1.227797E+1	-7.421430E+1	-3.738945E+1
1.229045E+1	-7.471710E+1	-8.897586E+0
1.230293E+1	-7.458092E+1	1.836257E+1
1.231540E+1	-7.287053E+1	4.371530E+1
1.232788E+1	-7.410743E+1	6.932210E+1
1.234035E+1	-7.365172E+1	9.896415E+1
1.235282E+1	-7.322567E+1	1.174332E+2
1.236530E+1	-7.337394E+1	1.411439E+2
1.237777E+1	-7.369206E+1	1.640373E+2
1.239025E+1	-7.418996E+1	1.957371E+2
1.240273E+1	-7.410979E+1	2.207267E+2
1.241520E+1	-7.492164E+1	2.449427E+2
1.242768E+1	-7.429044E+1	2.749713E+2
1.244015E+1	-7.474413E+1	-5.982736E+1
1.245262E+1	-7.406296E+1	-3.545131E+1
1.246510E+1	-7.375005E+1	-9.174788E+0
1.247757E+1	-7.466558E+1	2.059959E+1
1.249005E+1	-7.416608E+1	4.066615E+1
1.250253E+1	-7.522433E+1	6.670110E+1
1.251500E+1	-7.500128E+1	9.752634E+1
1.252748E+1	-7.500659E+1	1.198056E+2
1.253995E+1	-7.506044E+1	1.414569E+2
1.255242E+1	-7.435342E+1	1.743450E+2
1.256490E+1	-7.493494E+1	1.952395E+2
1.257737E+1	-7.464223E+1	2.236089E+2
1.258985E+1	-7.431316E+1	2.526130E+2
1.260233E+1	-7.499190E+1	2.671623E+2
1.261480E+1	-7.505814E+1	-6.659727E+1
1.262727E+1	-7.607068E+1	-3.609652E+1
1.263975E+1	-7.567499E+1	-1.249228E+1
1.265222E+1	-7.686561E+1	1.461462E+1
1.266470E+1	-7.631014E+1	5.495391E+1
1.267718E+1	-7.599792E+1	7.353777E+1
1.268965E+1	-7.551870E+1	9.842628E+1
1.270213E+1	-7.596291E+1	1.230128E+2
1.271460E+1	-7.587560E+1	1.434840E+2
1.272707E+1	-7.546434E+1	1.622605E+2
1.273955E+1	-7.627312E+1	1.940571E+2
1.275202E+1	-7.706776E+1	2.203479E+2
1.276450E+1	-7.691994E+1	2.493177E+2
1.277698E+1	-7.656152E+1	2.693012E+2
1.278945E+1	-7.628842E+1	-5.263441E+1
1.280193E+1	-7.538445E+1	-3.739425E+1
1.281440E+1	-7.594017E+1	-5.068181E+0
1.282687E+1	-7.621374E+1	1.407161E+1
1.283935E+1	-7.579690E+1	4.121471E+1
1.285182E+1	-7.678906E+1	6.144447E+1
1.286430E+1	-7.681516E+1	8.792992E+1
1.287678E+1	-7.656078E+1	1.176896E+2
1.288925E+1	-7.626875E+1	1.393038E+2
1.290173E+1	-7.610451E+1	1.703476E+2
1.291420E+1	-7.684821E+1	1.938640E+2
1.292667E+1	-7.646351E+1	2.249849E+2
1.293915E+1	-7.557645E+1	2.506404E+2
1.295162E+1	-7.713427E+1	2.794933E+2
1.296410E+1	-7.687095E+1	-6.103901E+1
1.297658E+1	-7.687522E+1	-4.006036E+1
1.298905E+1	-7.692304E+1	-6.830552E+0
1.300153E+1	-7.771688E+1	2.109425E+1
1.301400E+1	-7.700051E+1	4.167279E+1
1.302647E+1	-7.751821E+1	8.024341E+1
1.303895E+1	-7.811577E+1	9.809595E+1
1.305143E+1	-7.740755E+1	1.237276E+2
1.306390E+1	-7.724649E+1	1.511432E+2
1.307638E+1	-7.700604E+1	1.845423E+2
1.308885E+1	-7.858729E+1	2.154976E+2
1.310132E+1	-7.785342E+1	2.319615E+2
1.311380E+1	-7.787749E+1	2.589110E+2
1.312627E+1	-7.865359E+1	-6.695700E+1
1.313875E+1	-7.765942E+1	-3.846633E+1
1.315123E+1	-7.866087E+1	-2.885412E+1
1.316370E+1	-7.881572E+1	6.749727E+0
1.317618E+1	-7.638106E+1	2.532398E+1
1.318865E+1	-7.661134E+1	5.217803E+1
1.320112E+1	-7.777675E+1	7.621220E+1
1.321360E+1	-7.771342E+1	9.963070E+1
1.322607E+1	-7.869448E+1	1.292498E+2
1.323855E+1	-7.874059E+1	1.606515E+2
1.325103E+1	-7.939182E+1	1.757642E+2
1.326350E+1	-7.907306E+1	2.082032E+2
1.327598E+1	-8.141322E+1	2.528887E+2
1.328845E+1	-7.961756E+1	2.691288E+2
1.330092E+1	-7.850832E+1	-6.884049E+1
1.331340E+1	-7.962691E+1	-4.813863E+1
1.332587E+1	-7.874004E+1	-2.516398E+1
1.333835E+1	-7.841694E+1	-3.338976E+0
1.335083E+1	-7.801287E+1	2.833909E+1
1.336330E+1	-8.020623E+1	5.944298E+1
1.337578E+1	-7.963538E+1	7.796252E+1
1.338825E+1	-8.113113E+1	1.011096E+2
1.340072E+1	-7.983236E+1	1.274545E+2
1.341320E+1	-8.033934E+1	1.533123E+2
1.342568E+1	-8.067783E+1	1.798700E+2
1.343815E+1	-8.056606E+1	2.058714E+2
1.345063E+1	-7.985056E+1	2.347076E+2
1.346310E+1	-8.370119E+1	2.634994E+2
1.347557E+1	-8.094766E+1	-7.902364E+1
1.348805E+1	-8.090608E+1	-6.022919E+1
1.350052E+1	-7.980083E+1	-2.818904E+1
1.351300E+1	-8.170023E+1	2.108403E+1
1.352548E+1	-8.268087E+1	2.934656E+1
1.353795E+1	-7.982569E+1	4.973753E+1
1.355043E+1	-8.220065E+1	6.493671E+1
1.356290E+1	-8.000874E+1	1.007808E+2
1.357537E+1	-8.118578E+1	1.256770E+2
1.358785E+1	-8.156244E+1	1.482666E+2
1.360032E+1	-8.167001E+1	1.730222E+2
1.361280E+1	-8.174448E+1	2.017505E+2
1.362528E+1	-8.159906E+1	2.302544E+2
1.363775E+1	-8.054472E+1	2.581912E+2
1.365023E+1	-8.137754E+1	2.779574E+2
1.366270E+1	-8.140173E+1	-5.142780E+1
1.367517E+1	-8.143964E+1	-1.578478E+1
1.368765E+1	-8.307892E+1	3.096055E+0
1.370012E+1	-8.130113E+1	2.122176E+1
1.371260E+1	-8.116050E+1	3.937777E+1
1.372508E+1	-8.234663E+1	7.215301E+1
1.373755E+1	-8.477409E+1	1.129651E+2
1.375003E+1	-8.629370E+1	1.146545E+2
1.376250E+1	-8.688237E+1	1.617562E+2
1.377497E+1	-8.646407E+1	1.876339E+2
1.378745E+1	-8.381977E+1	1.849598E+2
1.379992E+1	-8.496278E+1	2.326933E+2
1.381240E+1	-8.214317E+1	2.611524E+2
1.382488E+1	-8.324815E+1	-6.100379E+1
1.383735E+1	-8.190688E+1	-4.108046E+1
1.384982E+1	-8.430611E+1	-1.282214E+1
1.386230E+1	-8.406815E+1	6.948401E+0
1.387477E+1	-8.231127E+1	3.810102E+1
1.388725E+1	-8.071973E+1	6.430577E+1
1.389973E+1	-8.409918E+1	8.599477E+1
1.391220E+1	-8.467996E+1	1.099982E+2
1.392468E+1	-8.421871E+1	1.390291E+2
1.393715E+1	-8.451973E+1	1.430910E+2
1.394962E+1	-8.588300E+1	1.717880E+2
1.396210E+1	-8.827930E+1	2.112203E+2
1.397457E+1	-8.408532E+1	2.422023E+2
1.398705E+1	-8.757060E+1	2.437361E+2
1.399953E+1	-8.492574E+1	2.638374E+2
1.401200E+1	-8.373875E+1	-5.831009E+1
1.402448E+1	-8.443691E+1	-2.519484E+1
1.403695E+1	-8.658938E+1	2.596620E+0
1.404942E+1	-8.469336E+1	2.117383E+1
1.406190E+1	-8.755716E+1	4.747007E+1
1.407437E+1	-8.539714E+1	5.692894E+1
1.408685E+1	-8.488836E+1	1.093681E+2
1.409933E+1	-8.826643E+1	9.876306E+1
1.411180E+1	-9.008368E+1	1.432190E+2
1.412428E+1	-8.520129E+1	1.687368E+2
1.413675E+1	-8.776686E+1	2.070358E+2
1.414922E+1	-8.757727E+1	2.214345E+2
1.416170E+1	-8.382629E+1	2.605539E+2
1.417417E+1	-8.339743E+1	-6.747871E+1
1.418665E+1	-8.358705E+1	-4.672762E+1
1.419913E+1	-8.457266E+1	-3.007062E+1
1.421160E+1	-8.305310E+1	1.196749E+1
1.422407E+1	-8.418671E+1	2.268534E+1
1.423655E+1	-8.465521E+1	6.577354E+1
1.424902E+1	-8.290022E+1	9.363691E+1
1.426150E+1	-8.609514E+1	8.804519E+1
1.427398E+1	-8.761718E+1	1.448767E+2
1.428645E+1	-9.050528E+1	1.488773E+2
1.429893E+1	-8.519017E+1	1.556468E+2
1.431140E+1	-8.768600E+1	2.258280E+2
1.432387E+1	-8.719994E+1	2.152923E+2
1.433635E+1	-8.989296E+1	2.484951E+2
1.434882E+1	-8.906533E+1	2.760655E+2
1.436130E+1	-8.697984E+1	-3.689711E+1
1.437378E+1	-8.384126E+1	-1.470221E+1
1.438625E+1	-8.363236E+1	1.209389E+1
1.439873E+1	-8.823999E+1	3.274783E+1
1.441120E+1	-8.345261E+1	7.750787E+1
1.442367E+1	-8.325378E+1	1.051593E+2
1.443615E+1	-8.436745E+1	1.091779E+2
1.444862E+1	-8.378626E+1	1.350125E+2
1.446110E+1	-8.423280E+1	1.700275E+2
1.447358E+1	-8.596268E+1	1.993031E+2
1.448605E+1	-8.301675E+1	2.229825E+2
1.449853E+1	-8.379124E+1	2.443359E+2
1.451100E+1	-8.197987E+1	2.542846E+2
1.452347E+1	-8.219943E+1	2.670902E+2
1.453595E+1	-8.226263E+1	-6.492914E+1
1.454842E+1	-8.293950E+1	-5.047665E+1
1.456090E+1	-8.395667E+1	-2.408259E+1
1.457338E+1	-8.679498E+1	-4.571313E+0
1.458585E+1	-8.364230E+1	3.115514E+1
1.459833E+1	-8.360773E+1	5.295029E+1
1.461080E+1	-8.265914E+1	1.064322E+2
1.462327E+1	-8.065182E+1	1.366941E+2
1.463575E+1	-7.922985E+1	1.545482E+2
1.464823E+1	-8.103958E+1	1.710602E+2
1.466070E+1	-8.163156E+1	1.902274E+2
1.467318E+1	-8.145788E+1	2.281491E+2
1.468565E+1	-8.283092E+1	2.560351E+2
1.469812E+1	-8.373096E+1	-6.493617E+1
1.471060E+1	-8.380573E+1	-6.053302E+1
1.472307E+1	-8.464002E+1	-3.078669E+1
1.473555E+1	-8.463488E+1	8.566000E+0
1.474803E+1	-8.638538E+1	5.915024E+0
1.476050E+1	-8.845624E+1	4.025494E+1
1.477298E+1	-8.485258E+1	6.459462E+1
1.478545E+1	-8.540521E+1	8.107321E+1
1.479792E+1	-8.313817E+1	1.240308E+2
1.481040E+1	-8.377224E+1	1.340034E+2
1.482287E+1	-8.167609E+1	1.523218E+2
1.483535E+1	-8.123692E+1	1.797374E+2
1.484783E+1	-8.244714E+1	2.022929E+2
1.486030E+1	-8.401508E+1	2.286658E+2
1.487278E+1	-8.693923E+1	2.520396E+2
1.488525E+1	-8.581758E+1	-6.167992E+1
1.489772E+1	-8.378294E+1	-3.118846E+1
1.491020E+1	-8.608521E+1	-2.026153E+1
1.492267E+1	-8.512170E+1	-4.176873E+0
1.493515E+1	-8.443147E+1	4.783662E+1
1.494763E+1	-8.227625E+1	5.658990E+1
1.496010E+1	-8.214389E+1	7.467987E+1
1.497258E+1	-8.653184E+1	1.075601E+2
1.498505E+1	-8.645453E+1	9.279561E+1
1.499752E+1	-8.689822E+1	9.991599E+1
1.501000E+1	-9.198073E+1	4.044474E+1
1.502248E+1	-9.290470E+1	5.418829E+1
1.503495E+1	-9.667524E+1	1.668208E+2
1.504743E+1	-9.584285E+1	-3.024565E+1
1.505990E+1	-9.714825E+1	6.118631E+1
1.507237E+1	-9.066346E+1	-5.502550E+1
1.508485E+1	-1.004488E+2	-3.710898E+1
1.509732E+1	-9.338483E+1	-1.504117E+1
1.510980E+1	-9.365522E+1	-6.856062E+1
1.512228E+1	-9.110065E+1	2.830231E+1
1.513475E+1	-9.548512E+1	6.924006E+1
1.514723E+1	-9.445229E+1	5.404608E+1
1.515970E+1	-9.932772E+1	8.386879E+1
1.517217E+1	-9.745790E+1	1.052433E+2
1.518465E+1	-9.587581E+1	-6.668430E+1
1.519712E+1	-9.220274E+1	-5.393909E+1
1.520960E+1	-9.332063E+1	-3.412906E+1
1.522208E+1	-9.392992E+1	-5.909744E+1
1.523455E+1	-9.489233E+1	1.212121E+2
1.524703E+1	-9.298403E+1	7.634193E+1
1.525950E+1	-8.761613E+1	2.464311E+0
1.527197E+1	-8.724726E+1	3.878288E+1
1.528445E+1	-8.864349E+1	6.308369E+1
1.529692E+1	-8.966918E+1	7.761642E+1
1.530940E+1	-8.377271E+1	1.215514E+2
1.532188E+1	-8.689668E+1	1.679093E+2
1.533435E+1	-9.245432E+1	2.258959E+2
1.534683E+1	-8.745432E+1	2.413692E+2
1.535930E+1	-8.526834E+1	2.420149E+2
1.537177E+1	-8.606966E+1	2.455281E+2
1.538425E+1	-8.659756E+1	2.553172E+2
1.539672E+1	-9.160870E+1	2.533658E+2
1.540920E+1	-9.739182E+1	-5.945630E+1
1.542168E+1	-9.313477E+1	1.171920E+1
1.543415E+1	-9.127252E+1	2.524447E+1
1.544662E+1	-9.399051E+1	2.063496E+2
1.545910E+1	-9.124487E+1	2.075943E+2
1.547157E+1	-8.783624E+1	1.480019E+2
1.548405E+1	-8.908744E+1	1.572119E+2
1.549653E+1	-8.771217E+1	1.801670E+2
1.550900E+1	-8.805944E+1	2.032783E+2
1.552148E+1	-8.799198E+1	1.922053E+2
1.553395E+1	-9.461060E+1	1.847234E+2
1.554642E+1	-9.502062E+1	1.727946E+2
1.555890E+1	-9.990337E+1	1.036257E+2
1.557137E+1	-1.035482E+2	1.253305E+2
1.558385E+1	-9.102862E+1	2.088256E+2
1.559633E+1	-9.484152E+1	-6.461575E+1
1.560880E+1	-9.375716E+1	-3.188844E+1
1.562128E+1	-9.144102E+1	-4.273947E+1
1.563375E+1	-9.799075E+1	-6.311180E+1
1.564622E+1	-8.969348E+1	1.375099E+2
1.565870E+1	-8.752730E+1	1.489271E+2
1.567117E+1	-8.862613E+1	1.226995E+2
1.568365E+1	-8.629835E+1	1.319729E+2
1.569613E+1	-9.419340E+1	1.298015E+2
1.570860E+1	-8.845654E+1	1.588444E+2
1.572108E+1	-9.430548E+1	1.796869E+2
1.573355E+1	-9.585547E+1	1.857529E+2
1.574602E+1	-9.493150E+1	-4.755573E+1
1.575850E+1	-1.038269E+2	2.494332E+1
1.577097E+1	-9.539427E+1	-1.489206E+1
1.578345E+1	-9.589527E+1	4.728178E+1
1.579593E+1	-1.032124E+2	1.456585E+2
1.580840E+1	-9.722497E+1	2.285971E+2
1.582087E+1	-9.325804E+1	-7.738541E+0
1.583335E+1	-9.455870E+1	2.572294E+2
1.584582E+1	-8.925346E+1	-7.517909E+1
1.585830E+1	-9.276105E+1	2.794366E+2
1.587078E+1	-9.281516E+1	2.300373E+2
1.588325E+1	-9.183213E+1	2.510418E+2
1.589573E+1	-9.159389E+1	-7.828368E+1
1.590820E+1	-8.598035E+1	2.604109E+2
1.592067E+1	-9.601447E+1	-5.668186E+1
1.593315E+1	-9.512084E+1	2.667456E+2
1.594562E+1	-9.078275E+1	-1.500041E+1
1.595810E+1	-8.739577E+1	-3.442770E+1
1.597058E+1	-8.638739E+1	-2.117361E+0
1.598305E+1	-8.788284E+1	2.289584E+1
1.599553E+1	-9.133488E+1	3.146848E+1
1.600800E+1	-9.097275E+1	7.126379E+1
1.602048E+1	-9.737151E+1	7.972342E+1
1.603295E+1	-9.274189E+1	1.337912E+2
1.604543E+1	-9.998067E+1	1.685218E+2
1.605790E+1	-8.753291E+1	8.270162E+1
1.607037E+1	-8.990440E+1	1.486457E+2
1.608285E+1	-1.046071E+2	1.348241E+2
1.609532E+1	-9.755071E+1	1.789113E+1
1.610780E+1	-9.972788E+1	2.649638E+2
1.612027E+1	-9.359100E+1	1.856343E+2
1.613275E+1	-9.535389E+1	2.060461E+2
1.614522E+1	-9.310082E+1	1.792529E+1
1.615770E+1	-9.088869E+1	8.784854E+1
1.617018E+1	-8.956858E+1	1.333593E+2
1.618265E+1	-8.876641E+1	7.310937E+1
1.619513E+1	-9.007274E+1	1.014035E+2
1.620760E+1	-8.663002E+1	1.814042E+2
1.622008E+1	-9.166416E+1	1.886699E+2
1.623255E+1	-8.666656E+1	1.633903E+2
1.624502E+1	-9.135139E+1	1.431892E+2
1.625750E+1	-8.981869E+1	1.820835E+2
1.626997E+1	-9.432994E+1	2.540760E+2
1.628245E+1	-9.231196E+1	2.726300E+2
1.629492E+1	-8.964225E+1	-6.998672E+1
1.630740E+1	-8.974597E+1	-4.879825E+1
1.631987E+1	-9.214925E+1	-3.537524E+1
1.633235E+1	-8.933677E+1	4.061362E+1
1.634483E+1	-8.831341E+1	3.125610E+1
1.635730E+1	-9.101279E+1	7.748766E+1
1.636978E+1	-8.980377E+1	7.913062E+1
1.638225E+1	-8.984675E+1	8.450314E+1
1.639473E+1	-9.462879E+1	1.668490E+2
1.640720E+1	-9.108547E+1	1.791441E+2
1.641968E+1	-9.676897E+1	1.958195E+2
1.643215E+1	-8.659299E+1	2.256775E+2
1.644462E+1	-8.766032E+1	2.185751E+2
1.645710E+1	-8.746173E+1	2.410815E+2
1.646957E+1	-8.934981E+1	2.549744E+2
1.648205E+1	-9.002785E+1	-6.945030E+1
1.649452E+1	-9.163536E+1	-5.108481E+1
1.650700E+1	-9.876806E+1	5.092268E+1
1.651947E+1	-9.411077E+1	1.184455E+2
1.653195E+1	-9.574927E+1	2.579162E+1
1.654443E+1	-8.824183E+1	9.029391E+1
1.655690E+1	-9.370741E+1	1.792258E+2
1.656938E+1	-9.203123E+1	1.836814E+2
1.658185E+1	-8.896666E+1	2.194754E+2
1.659433E+1	-9.497900E+1	2.083744E+2
1.660680E+1	-9.929996E+1	2.626117E+2
1.661927E+1	-9.045590E+1	2.700179E+2
1.663175E+1	-8.804498E+1	-2.762121E+1
1.664422E+1	-8.876494E+1	2.771821E+0
1.665670E+1	-8.942608E+1	7.056673E+0
1.666917E+1	-8.805597E+1	3.915807E+1
1.668165E+1	-8.872604E+1	6.468298E+1
1.669412E+1	-9.063618E+1	8.857532E+1
1.670660E+1	-9.501946E+1	6.772918E+1
1.671908E+1	-9.123960E+1	1.233993E+2
1.673155E+1	-9.784203E+1	2.061040E+2
1.674403E+1	-9.671667E+1	1.145703E+2
1.675650E+1	-1.038511E+2	1.981730E+2
1.676898E+1	-8.584201E+1	2.172069E+2
1.678145E+1	-8.688863E+1	-7.756403E+1
1.679393E+1	-9.199305E+1	-5.867439E+1
1.680640E+1	-8.758633E+1	-4.160628E+1
1.681887E+1	-8.423631E+1	-2.423888E+1
1.683135E+1	-9.054569E+1	-3.365732E+0
1.684382E+1	-8.670084E+1	2.560214E+1
1.685630E+1	-9.256594E+1	3.352399E+1
1.686877E+1	-9.204887E+1	8.581760E+1
1.688125E+1	-8.726961E+1	9.370102E+1
1.689372E+1	-1.053596E+2	7.821466E+1
1.690620E+1	-9.976965E+1	9.292011E+1
1.691868E+1	-9.713368E+1	1.805009E+2
1.693115E+1	-8.943571E+1	2.523017E+2
1.694363E+1	-8.512383E+1	2.325754E+2
1.695610E+1	-8.891701E+1	2.377684E+2
1.696858E+1	-9.380226E+1	-5.972716E+1
1.698105E+1	-9.525517E+1	-4.415888E+1
1.699353E+1	-8.878397E+1	-3.784835E+1
1.700600E+1	-8.685709E+1	1.241811E+0
1.701847E+1	-9.054270E+1	2.945739E+1
1.703095E+1	-8.639438E+1	4.352637E+1
1.704342E+1	-9.237547E+1	8.987914E+1
1.705590E+1	-9.614582E+1	8.299600E+1
1.706837E+1	-9.898043E+1	3.337291E+1
1.708085E+1	-1.009019E+2	1.437932E+2
1.709333E+1	-1.001704E+2	2.567456E+2
1.710580E+1	-9.290033E+1	2.366348E+2
1.711828E+1	-9.004860E+1	-7.825987E+1
1.713075E+1	-1.000510E+2	-3.695305E+1
1.714323E+1	-8.909465E+1	-3.578814E+1
1.715570E+1	-9.518854E+1	-2.706646E+0
1.716818E+1	-8.831020E+1	-1.019671E+0
1.718065E+1	-9.188418E+1	3.521898E+1
1.719312E+1	-9.132729E+1	9.306506E+1
1.720560E+1	-9.450056E+1	9.649403E+1
1.721807E+1	-8.837816E+1	1.087367E+2
1.723055E+1	-9.719517E+1	8.919946E+1
1.724302E+1	-9.050413E+1	1.867805E+2
1.725550E+1	-9.595826E+1	1.469815E+2
1.726797E+1	-9.722054E+1	1.144155E+2
1.728045E+1	-9.568711E+1	-5.299375E+1
1.729293E+1	-1.029897E+2	2.245050E+2
1.730540E+1	-9.205520E+1	-7.253270E+1
1.731788E+1	-9.273559E+1	-5.131863E+1
1.733035E+1	-8.964825E+1	-1.329388E+0
1.734283E+1	-8.832861E+1	2.138682E+0
1.735530E+1	-8.872939E+1	3.992395E+1
1.736778E+1	-9.322448E+1	7.007956E+1
1.738025E+1	-9.800625E+1	1.246381E+2
1.739272E+1	-8.741755E+1	1.696740E+2
1.740520E+1	-9.048144E+1	1.703461E+2
1.741767E+1	-1.021893E+2	-2.788659E+1
1.743015E+1	-9.491711E+1	-4.100130E+1
1.744262E+1	-9.503873E+1	2.636682E+2
1.745510E+1	-9.720135E+1	2.037911E+2
1.746758E+1	-1.070986E+2	1.023619E+2
1.748005E+1	-9.603786E+1	-7.167534E+1
1.749253E+1	-9.537227E+1	2.449100E+1
1.750500E+1	-8.894588E+1	-2.774760E+1
1.751748E+1	-9.745441E+1	-7.369186E+1
1.752995E+1	-9.554076E+1	-2.191483E+1
1.754243E+1	-9.768122E+1	1.064350E+2
1.755490E+1	-9.348643E+1	1.305839E+2
1.756737E+1	-9.250508E+1	6.392350E+1
1.757985E+1	-9.127763E+1	1.321891E+2
1.759232E+1	-9.398060E+1	1.741934E+2
1.760480E+1	-1.047474E+2	2.267695E+2
1.761727E+1	-9.513641E+1	1.498198E+2
1.762975E+1	-9.994936E+1	2.636402E+2
1.764222E+1	-9.627653E+1	-1.463196E+1
1.765470E+1	-9.349129E+1	1.505229E+2
1.766718E+1	-9.676548E+1	-6.035908E+0
1.767965E+1	-9.096511E+1	-1.648724E+1
1.769213E+1	-9.919334E+1	2.077930E+2
1.770460E+1	-1.078902E+2	2.180977E+2
1.771708E+1	-9.402400E+1	-7.202468E+1
1.772955E+1	-8.748006E+1	2.305221E+2
1.774203E+1	-9.082719E+1	2.145852E+2
1.775450E+1	-9.274280E+1	2.099289E+2
1.776697E+1	-9.649418E+1	1.413577E+2
1.777945E+1	-9.950611E+1	1.257845E+2
1.779192E+1	-9.201572E+1	1.679204E+2
1.780440E+1	-9.679626E+1	1.999072E+2
1.781687E+1	-9.458600E+1	1.933877E+2
1.782935E+1	-1.025000E+2	2.271968E+2
1.784183E+1	-9.283624E+1	-1.961170E+1
1.785430E+1	-9.937622E+1	8.231765E+1
1.786678E+1	-9.483891E+1	1.690200E+2
1.787925E+1	-1.002389E+2	-1.322750E+1
1.789173E+1	-1.087544E+2	7.249702E+1
1.790420E+1	-9.687134E+1	2.791725E+2
1.791668E+1	-9.443004E+1	3.642855E+1
1.792915E+1	-1.017806E+2	2.444141E+2
1.794162E+1	-9.508749E+1	6.327602E+1
1.795410E+1	-1.030752E+2	-4.250364E+1
1.796657E+1	-1.081842E+2	1.105469E+2
1.797905E+1	-9.110336E+1	1.373202E+2
1.799152E+1	-1.022874E+2	2.063337E+2
1.800400E+1	-9.388406E+1	1.401296E+2
1.801647E+1	-9.920393E+1	-6.164258E+1
1.802895E+1	-9.158324E+1	-3.574698E+1
1.804143E+1	-8.915047E+1	-2.519288E+1
1.805390E+1	-8.816986E+1	-4.903535E+1
1.806638E+1	-9.264410E+1	4.688555E+0
1.807885E+1	-1.030172E+2	-5.065440E+1
1.809133E+1	-9.995986E+1	9.878198E+1
1.810380E+1	-9.909808E+1	-1.340244E+1
1.811628E+1	-1.116724E+2	1.122213E+2
1.812875E+1	-9.414646E+1	2.421855E+2
1.814122E+1	-1.010391E+2	1.437775E+2
1.815370E+1	-9.566819E+1	1.841710E+2
1.816617E+1	-9.320280E+1	2.522607E+2
1.817865E+1	-9.805943E+1	1.935302E+2
1.819112E+1	-9.453622E+1	-6.661387E+1
1.820360E+1	-9.453782E+1	-1.047345E+1
1.821608E+1	-9.039656E+1	-2.635648E+1
1.822855E+1	-8.911525E+1	-6.665413E+1
1.824103E+1	-9.365669E+1	-3.831308E+1
1.825350E+1	-9.014031E+1	-6.276561E+1
1.826598E+1	-1.019952E+2	8.682734E+0
1.827845E+1	-9.635720E+1	-6.493449E+1
1.829093E+1	-9.370654E+1	1.217635E+2
1.830340E+1	-9.883510E+1	1.954753E+2
1.831587E+1	-1.013619E+2	2.615724E+2
1.832835E+1	-9.901498E+1	-1.375377E+1
1.834082E+1	-9.273509E+1	2.693887E+2
1.835330E+1	-9.115023E+1	-2.406601E+1
1.836577E+1	-9.148225E+1	-6.175065E+1
1.837825E+1	-9.324801E+1	-3.255967E+1
1.839072E+1	-9.820787E+1	5.952269E-1
1.840320E+1	-9.247285E+1	4.229623E+1
1.841568E+1	-9.145557E+1	6.901032E+1
1.842815E+1	-9.142764E+1	5.134785E+1
1.844063E+1	-1.056282E+2	1.252569E+2
1.845310E+1	-9.075572E+1	3.627838E+1
1.846558E+1	-1.089716E+2	1.985307E+2
1.847805E+1	-9.192187E+1	1.687151E+2
1.849053E+1	-1.087792E+2	2.670979E+2
1.850300E+1	-9.519666E+1	2.507095E+2
1.851547E+1	-9.678283E+1	-2.152312E+1
1.852795E+1	-8.967366E+1	-1.874445E+1
1.854042E+1	-9.192142E+1	-2.721237E+1
1.855290E+1	-9.414755E+1	-5.722329E+1
1.856537E+1	-9.958421E+1	1.276341E+2
1.857785E+1	-1.113564E+2	1.825929E+2
1.859032E+1	-9.761517E+1	2.608706E+2
1.860280E+1	-1.034354E+2	1.150553E+2
1.861528E+1	-9.368938E+1	1.399618E+2
1.862775E+1	-9.536441E+1	2.155639E+2
1.864023E+1	-9.188624E+1	1.537840E+2
1.865270E+1	-1.035727E+2	1.382034E+2
1.866518E+1	-9.434428E+1	1.351545E+1
1.867765E+1	-9.154288E+1	2.392562E+2
1.869012E+1	-9.161719E+1	2.788098E+2
1.870260E+1	-1.008912E+2	-1.296380E+1
1.871507E+1	-9.631970E+1	7.375735E+0
1.872755E+1	-9.427529E+1	-6.538111E+1
1.874002E+1	-8.497887E+1	-2.829497E-2
1.875250E+1	-1.033321E+2	-1.138404E+1
1.876497E+1	-9.324021E+1	6.981618E+1
1.877745E+1	-1.074503E+2	-2.711829E+1
1.878993E+1	-9.984196E+1	2.722307E+2
1.880240E+1	-9.567202E+1	2.084391E+2
1.881488E+1	-9.780811E+1	2.685898E+2
1.882735E+1	-8.716093E+1	1.930558E+2
1.883983E+1	-1.068700E+2	-4.211218E+1
1.885230E+1	-9.331202E+1	-7.710576E+1
1.886478E+1	-9.072739E+1	-7.302461E+1
1.887725E+1	-8.989473E+1	-1.524772E+1
1.888972E+1	-9.378844E+1	-4.912356E+1
1.890220E+1	-9.099455E+1	-2.634079E+1
1.891467E+1	-9.864695E+1	-4.078941E+1
1.892715E+1	-9.367684E+1	5.649993E+1
1.893962E+1	-9.858221E+1	5.254156E+1
1.895210E+1	-9.438205E+1	1.584276E+2
1.896457E+1	-9.510308E+1	9.453658E+1
1.897705E+1	-9.370348E+1	1.240958E+2
1.898953E+1	-9.123983E+1	1.645450E+2
1.900200E+1	-9.468365E+1	-5.076157E+1
1.901448E+1	-9.483894E+1	2.174996E+2
1.902695E+1	-9.841661E+1	-3.182992E+1
1.903943E+1	-9.541329E+1	-7.927254E+1
1.905190E+1	-9.338149E+1	2.119420E+2
1.906437E+1	-9.779398E+1	5.159412E+0
1.907685E+1	-9.071478E+1	7.758877E+1
1.908932E+1	-8.870035E+1	3.552061E+0
1.910180E+1	-9.703298E+1	5.521624E+1
1.911427E+1	-1.043663E+2	1.018972E+2
1.912675E+1	-1.004018E+2	9.722164E+1
1.913922E+1	-9.285635E+1	2.078638E+2
1.915170E+1	-9.072173E+1	1.320760E+2
1.916418E+1	-9.723820E+1	1.972033E+2
1.917665E+1	-9.900741E+1	-6.964004E+1
1.918913E+1	-1.008258E+2	4.241544E-2
1.920160E+1	-9.192914E+1	2.579421E+2
1.921408E+1	-9.623077E+1	-2.129372E+1
1.922655E+1	-8.864041E+1	-2.753083E+1
1.923903E+1	-9.890852E+1	-6.621072E+1
1.925150E+1	-9.565971E+1	2.438914E+2
1.926397E+1	-1.004269E+2	3.226060E+1
1.927645E+1	-9.341582E+1	3.535232E+1
1.928892E+1	-9.072616E+1	9.907391E+1
1.930140E+1	-9.334123E+1	1.595225E+2
1.931387E+1	-9.557180E+1	-6.452457E+1
1.932635E+1	-9.756731E+1	-5.521488E+1
1.933882E+1	-8.752554E+1	2.351653E+2
1.935130E+1	-9.387083E+1	6.870157E+1
1.936378E+1	-9.642757E+1	1.083731E+1
1.937625E+1	-9.100335E+1	-2.476974E+1
1.938873E+1	-9.319201E+1	3.825713E+1
1.940120E+1	-9.571806E+1	1.480450E+2
1.941368E+1	-9.349837E+1	1.286402E+2
1.942615E+1	-9.117564E+1	1.678477E+2
1.943862E+1	-1.059031E+2	-6.570219E+1
1.945110E+1	-1.002259E+2	-1.758866E+1
1.946357E+1	-9.842296E+1	7.350638E+1
1.947605E+1	-9.188161E+1	2.449145E+2
1.948852E+1	-9.701457E+1	2.602767E+2
1.950100E+1	-1.035328E+2	1.405492E+2
1.951347E+1	-9.820000E+1	2.470141E+2
1.952595E+1	-1.026111E+2	2.461422E+2
1.953843E+1	-9.230743E+1	4.436495E+1
1.955090E+1	-9.336523E+1	1.531227E+1
1.956338E+1	-9.034722E+1	4.517331E+1
1.957585E+1	-9.347496E+1	2.377462E+1
1.958833E+1	-1.021058E+2	-3.463586E+1
1.960080E+1	-9.673116E+1	1.431552E+2
1.961328E+1	-9.075256E+1	1.438095E+2
1.962575E+1	-1.032995E+2	1.303816E+2
1.963822E+1	-9.000745E+1	1.618156E+2
1.965070E+1	-9.596857E+1	1.548183E+2
1.966317E+1	-9.494363E+1	2.452211E+2
1.967565E+1	-9.417480E+1	2.720450E+2
1.968812E+1	-8.949315E+1	1.022245E+1
1.970060E+1	-1.070583E+2	5.739481E+1
1.971307E+1	-9.350465E+1	9.806995E+1
1.972555E+1	-9.576708E+1	1.703983E+2
1.973803E+1	-9.458310E+1	6.685512E+1
1.975050E+1	-8.714454E+1	1.852705E+2
1.976298E+1	-1.051249E+2	5.624234E+1
1.977545E+1	-1.019487E+2	2.206055E+2
1.978793E+1	-9.578133E+1	-7.369479E+1
1.980040E+1	-9.440723E+1	2.035808E+2
1.981287E+1	-9.079620E+1	2.394966E+2
1.982535E+1	-9.458369E+1	3.026613E+1
1.983782E+1	-9.351125E+1	-5.121365E+1
1.985030E+1	-8.865343E+1	-5.992844E+1
1.986277E+1	-9.757063E+1	-7.771724E+1
1.987525E+1	-8.840002E+1	2.704078E+1
1.988772E+1	-9.123163E+1	6.309392E+1
1.990020E+1	-1.039285E+2	2.673448E+2
1.991268E+1	-9.099696E+1	9.749044E+1
1.992515E+1	-9.518318E+1	2.347604E+1
1.993763E+1	-9.862453E+1	-2.485299E+1
1.995010E+1	-9.512444E+1	2.331176E+2
1.996258E+1	-8.986375E+1	-5.242482E+1
1.997505E+1	-8.987307E+1	2.553071E+2
1.998753E+1	-1.030841E+2	1.248993E+2
2.000000E+1	-9.582159E+1	7.771133E+1
