4.000000E-2	-3.548491E+1	-1.478578E+1
5.247500E-2	-3.361277E+1	1.794259E+1
6.495000E-2	-3.125981E+1	4.199869E+1
7.742500E-2	-2.948579E+1	6.743085E+1
8.990000E-2	-2.805593E+1	9.142372E+1
1.023750E-1	-2.692307E+1	1.160315E+2
1.148500E-1	-2.602532E+1	1.409220E+2
1.273250E-1	-2.532142E+1	1.661981E+2
1.398000E-1	-2.470994E+1	-1.672302E+2
1.522750E-1	-2.402395E+1	-1.399011E+2
1.647500E-1	-2.323028E+1	-1.130075E+2
1.772250E-1	-2.246409E+1	-8.674450E+1
1.897000E-1	-2.175016E+1	-6.095578E+1
2.021750E-1	-2.112558E+1	-3.570459E+1
2.146500E-1	-2.061329E+1	-1.025794E+1
2.271250E-1	-2.017021E+1	1.522630E+1
2.396000E-1	-1.980141E+1	4.119842E+1
2.520750E-1	-1.945426E+1	6.735569E+1
2.645500E-1	-1.905900E+1	9.396664E+1
2.770250E-1	-1.860887E+1	1.200340E+2
2.895000E-1	-1.814987E+1	1.459300E+2
3.019750E-1	-1.771186E+1	1.714879E+2
3.144500E-1	-1.734021E+1	-1.630110E+2
3.269250E-1	-1.699743E+1	-1.379565E+2
3.394000E-1	-1.672680E+1	-1.126384E+2
3.518750E-1	-1.647274E+1	-8.677918E+1
3.643500E-1	-1.627373E+1	-6.095754E+1
3.768250E-1	-1.606522E+1	-3.473790E+1
3.893000E-1	-1.581694E+1	-8.651034E+0
4.017750E-1	-1.553782E+1	1.724440E+1
4.142500E-1	-1.524946E+1	4.289302E+1
4.267250E-1	-1.497450E+1	6.854764E+1
4.392000E-1	-1.473780E+1	9.395438E+1
4.516750E-1	-1.455027E+1	1.191516E+2
4.641500E-1	-1.440949E+1	1.445765E+2
4.766250E-1	-1.430790E+1	1.702041E+2
4.891000E-1	-1.419214E+1	-1.638923E+2
5.015750E-1	-1.404136E+1	-1.377665E+2
5.140500E-1	-1.386170E+1	-1.117849E+2
5.265250E-1	-1.367410E+1	-8.595630E+1
5.390000E-1	-1.349174E+1	-6.033222E+1
5.514750E-1	-1.333037E+1	-3.481162E+1
5.639500E-1	-1.320967E+1	-9.116859E+0
5.764250E-1	-1.310300E+1	1.638840E+1
5.889000E-1	-1.303824E+1	4.202663E+1
6.013750E-1	-1.297336E+1	6.787514E+1
6.138500E-1	-1.289631E+1	9.387141E+1
6.263250E-1	-1.280370E+1	1.200589E+2
6.388000E-1	-1.271245E+1	1.457848E+2
6.512750E-1	-1.260916E+1	1.715661E+2
6.637500E-1	-1.252289E+1	-1.627412E+2
6.762250E-1	-1.245685E+1	-1.371071E+2
6.887000E-1	-1.242278E+1	-1.115045E+2
7.011750E-1	-1.240495E+1	-8.574780E+1
7.136500E-1	-1.239772E+1	-5.980885E+1
7.261250E-1	-1.237635E+1	-3.373479E+1
7.386000E-1	-1.235103E+1	-7.571661E+0
7.510750E-1	-1.230310E+1	1.855172E+1
7.635500E-1	-1.225272E+1	4.448571E+1
7.760250E-1	-1.222816E+1	7.022626E+1
7.885000E-1	-1.223058E+1	9.608932E+1
8.009750E-1	-1.226745E+1	1.219374E+2
8.134500E-1	-1.232408E+1	1.480739E+2
8.259250E-1	-1.237188E+1	1.743873E+2
8.384000E-1	-1.240199E+1	-1.591786E+2
8.508750E-1	-1.240539E+1	-1.327437E+2
8.633500E-1	-1.239857E+1	-1.063142E+2
8.758250E-1	-1.237496E+1	-8.000866E+1
8.883000E-1	-1.235605E+1	-5.388066E+1
9.007750E-1	-1.236285E+1	-2.789528E+1
9.132500E-1	-1.239393E+1	-2.011277E+0
9.257250E-1	-1.247640E+1	2.402807E+1
9.382000E-1	-1.256707E+1	5.047216E+1
9.506750E-1	-1.264879E+1	7.709463E+1
9.631500E-1	-1.271449E+1	1.038826E+2
9.756250E-1	-1.274713E+1	1.306778E+2
9.881000E-1	-1.276451E+1	1.574166E+2
1.000575E+0	-1.276476E+1	-1.759632E+2
1.013050E+0	-1.277322E+1	-1.494551E+2
1.025525E+0	-1.279888E+1	-1.230160E+2
1.038000E+0	-1.284784E+1	-9.655630E+1
1.050475E+0	-1.290531E+1	-6.999345E+1
1.062950E+0	-1.297410E+1	-4.330632E+1
1.075425E+0	-1.305429E+1	-1.658619E+1
1.087900E+0	-1.311650E+1	1.040619E+1
1.100375E+0	-1.314872E+1	3.749188E+1
1.112850E+0	-1.315941E+1	6.447577E+1
1.125325E+0	-1.321134E+1	9.134492E+1
1.137800E+0	-1.326134E+1	1.182986E+2
1.150275E+0	-1.331875E+1	1.455368E+2
1.162750E+0	-1.333152E+1	1.730260E+2
1.175225E+0	-1.333667E+1	-1.595632E+2
1.187700E+0	-1.333151E+1	-1.321866E+2
1.200175E+0	-1.330624E+1	-1.047385E+2
1.212650E+0	-1.321502E+1	-7.726448E+1
1.225125E+0	-1.313484E+1	-5.010790E+1
1.237600E+0	-1.306689E+1	-2.324914E+1
1.250075E+0	-1.304262E+1	3.527826E+0
1.262550E+0	-1.304670E+1	3.052325E+1
1.275025E+0	-1.304714E+1	5.774534E+1
1.287500E+0	-1.302587E+1	8.508701E+1
1.299975E+0	-1.297972E+1	1.125102E+2
1.312450E+0	-1.290997E+1	1.399349E+2
1.324925E+0	-1.279335E+1	1.672780E+2
1.337400E+0	-1.265169E+1	-1.655835E+2
1.349875E+0	-1.254217E+1	-1.386714E+2
1.362350E+0	-1.240183E+1	-1.120334E+2
1.374825E+0	-1.231157E+1	-8.543506E+1
1.387300E+0	-1.224385E+1	-5.883810E+1
1.399775E+0	-1.218867E+1	-3.211591E+1
1.412250E+0	-1.215617E+1	-5.237179E+0
1.424725E+0	-1.212259E+1	2.202971E+1
1.437200E+0	-1.201485E+1	4.946344E+1
1.449675E+0	-1.185882E+1	7.662213E+1
1.462150E+0	-1.168996E+1	1.034436E+2
1.474625E+0	-1.154299E+1	1.300105E+2
1.487100E+0	-1.142023E+1	1.564901E+2
1.499575E+0	-1.131652E+1	-1.769553E+2
1.512050E+0	-1.121907E+1	-1.502549E+2
1.524525E+0	-1.113146E+1	-1.236114E+2
1.537000E+0	-1.098718E+1	-9.707101E+1
1.549475E+0	-1.085899E+1	-7.053651E+1
1.561950E+0	-1.073516E+1	-4.419249E+1
1.574425E+0	-1.063292E+1	-1.791403E+1
1.586900E+0	-1.054908E+1	8.418630E+0
1.599375E+0	-1.047508E+1	3.478066E+1
1.611850E+0	-1.039996E+1	6.113676E+1
1.624325E+0	-1.033143E+1	8.753891E+1
1.636800E+0	-1.026820E+1	1.139665E+2
1.649275E+0	-1.019586E+1	1.404615E+2
1.661750E+0	-1.010481E+1	1.669799E+2
1.674225E+0	-9.997298E+0	-1.666350E+2
1.686700E+0	-9.899897E+0	-1.404360E+2
1.699175E+0	-9.814885E+0	-1.143440E+2
1.711650E+0	-9.746864E+0	-8.828196E+1
1.724125E+0	-9.698758E+0	-6.223529E+1
1.736600E+0	-9.667918E+0	-3.613179E+1
1.749075E+0	-9.647520E+0	-9.829172E+0
1.761550E+0	-9.612880E+0	1.662110E+1
1.774025E+0	-9.547721E+0	4.309567E+1
1.786500E+0	-9.466477E+0	6.946143E+1
1.798975E+0	-9.384291E+0	9.565390E+1
1.811450E+0	-9.319106E+0	1.217517E+2
1.823925E+0	-9.265149E+0	1.478168E+2
1.836400E+0	-9.229925E+0	1.738611E+2
1.848875E+0	-9.215737E+0	-1.600045E+2
1.861350E+0	-9.206791E+0	-1.337680E+2
1.873825E+0	-9.185312E+0	-1.074464E+2
1.886300E+0	-9.151389E+0	-8.112023E+1
1.898775E+0	-9.106917E+0	-5.485970E+1
1.911250E+0	-9.078761E+0	-2.867488E+1
1.923725E+0	-9.054200E+0	-2.497709E+0
1.936200E+0	-9.031509E+0	2.366060E+1
1.948675E+0	-9.010229E+0	4.978716E+1
1.961150E+0	-9.009765E+0	7.592677E+1
1.973625E+0	-9.012584E+0	1.021500E+2
1.986100E+0	-9.014175E+0	1.284550E+2
1.998575E+0	-8.989181E+0	1.547928E+2
2.011050E+0	-8.971986E+0	-1.788761E+2
2.023525E+0	-8.954932E+0	-1.526505E+2
2.036000E+0	-8.940822E+0	-1.264551E+2
2.048475E+0	-8.905243E+0	-1.003397E+2
2.060950E+0	-8.909928E+0	-7.429738E+1
2.073425E+0	-8.929914E+0	-4.819861E+1
2.085900E+0	-8.968823E+0	-2.196381E+1
2.098375E+0	-9.004952E+0	4.396440E+0
2.110850E+0	-9.036272E+0	3.078322E+1
2.123325E+0	-9.051230E+0	5.713670E+1
2.135800E+0	-9.058381E+0	8.343034E+1
2.148275E+0	-9.063700E+0	1.096829E+2
2.160750E+0	-9.073157E+0	1.358722E+2
2.173225E+0	-9.100060E+0	1.620272E+2
2.185700E+0	-9.139249E+0	-1.717309E+2
2.198175E+0	-9.189404E+0	-1.453710E+2
2.210650E+0	-9.230474E+0	-1.189457E+2
2.223125E+0	-9.257778E+0	-9.256992E+1
2.235600E+0	-9.284690E+0	-6.619376E+1
2.248075E+0	-9.315560E+0	-3.983167E+1
2.260550E+0	-9.346197E+0	-1.347122E+1
2.273025E+0	-9.381710E+0	1.285415E+1
2.285500E+0	-9.458209E+0	3.915108E+1
2.297975E+0	-9.528429E+0	6.576091E+1
2.310450E+0	-9.569274E+0	9.220114E+1
2.322925E+0	-9.615882E+0	1.184535E+2
2.335400E+0	-9.606504E+0	1.448211E+2
2.347875E+0	-9.658180E+0	1.713394E+2
2.360350E+0	-9.699364E+0	-1.621119E+2
2.372825E+0	-9.729485E+0	-1.355701E+2
2.385300E+0	-9.753368E+0	-1.091253E+2
2.397775E+0	-9.786622E+0	-8.280357E+1
2.410250E+0	-9.842027E+0	-5.644646E+1
2.422725E+0	-9.908499E+0	-3.000081E+1
2.435200E+0	-9.972059E+0	-3.449853E+0
2.447675E+0	-1.003103E+1	2.313533E+1
2.460150E+0	-1.008698E+1	4.973516E+1
2.472625E+0	-1.013867E+1	7.634991E+1
2.485100E+0	-1.018631E+1	1.029537E+2
2.497575E+0	-1.023479E+1	1.296340E+2
2.510050E+0	-1.028515E+1	1.562220E+2
2.522525E+0	-1.034670E+1	-1.771974E+2
2.535000E+0	-1.040822E+1	-1.506648E+2
2.547475E+0	-1.046863E+1	-1.239856E+2
2.559950E+0	-1.053299E+1	-9.729366E+1
2.572425E+0	-1.059392E+1	-7.056718E+1
2.584900E+0	-1.064765E+1	-4.382779E+1
2.597375E+0	-1.069490E+1	-1.709624E+1
2.609850E+0	-1.074218E+1	9.594587E+0
2.622325E+0	-1.079862E+1	3.626523E+1
2.634800E+0	-1.086624E+1	6.297659E+1
2.647275E+0	-1.093479E+1	8.973833E+1
2.659750E+0	-1.099997E+1	1.164964E+2
2.672225E+0	-1.106781E+1	1.432996E+2
2.684700E+0	-1.113223E+1	1.701742E+2
2.697175E+0	-1.118554E+1	-1.628877E+2
2.709650E+0	-1.122591E+1	-1.359242E+2
2.722125E+0	-1.125958E+1	-1.090463E+2
2.734600E+0	-1.130745E+1	-8.227586E+1
2.747075E+0	-1.136553E+1	-5.547598E+1
2.759550E+0	-1.142401E+1	-2.860662E+1
2.772025E+0	-1.148009E+1	-1.686426E+0
2.784500E+0	-1.153148E+1	2.529286E+1
2.796975E+0	-1.157874E+1	5.232203E+1
2.809450E+0	-1.161862E+1	7.937904E+1
2.821925E+0	-1.164825E+1	1.064155E+2
2.834400E+0	-1.167945E+1	1.333931E+2
2.846875E+0	-1.171640E+1	1.603504E+2
2.859350E+0	-1.175309E+1	-1.726793E+2
2.871825E+0	-1.179126E+1	-1.456527E+2
2.884300E+0	-1.182253E+1	-1.186267E+2
2.896775E+0	-1.185179E+1	-9.159458E+1
2.909250E+0	-1.188484E+1	-6.456550E+1
2.921725E+0	-1.191118E+1	-3.750828E+1
2.934200E+0	-1.193273E+1	-1.041738E+1
2.946675E+0	-1.195419E+1	1.663674E+1
2.959150E+0	-1.197581E+1	4.370834E+1
2.971625E+0	-1.199346E+1	7.078594E+1
2.984100E+0	-1.201212E+1	9.786092E+1
2.996575E+0	-1.203141E+1	1.249685E+2
3.009050E+0	-1.204226E+1	1.520865E+2
3.021525E+0	-1.204782E+1	1.792427E+2
3.034000E+0	-1.201572E+1	-1.536001E+2
3.046475E+0	-1.199099E+1	-1.265900E+2
3.058950E+0	-1.198525E+1	-9.955105E+1
3.071425E+0	-1.198902E+1	-7.246201E+1
3.083900E+0	-1.197836E+1	-4.544189E+1
3.096375E+0	-1.199109E+1	-1.834398E+1
3.108850E+0	-1.198936E+1	8.642455E+0
3.121325E+0	-1.199215E+1	3.569537E+1
3.133800E+0	-1.198666E+1	6.280653E+1
3.146275E+0	-1.196629E+1	8.993403E+1
3.158750E+0	-1.194404E+1	1.170295E+2
3.171225E+0	-1.192252E+1	1.440630E+2
3.183700E+0	-1.190776E+1	1.711262E+2
3.196175E+0	-1.188199E+1	-1.617941E+2
3.208650E+0	-1.185550E+1	-1.347438E+2
3.221125E+0	-1.182642E+1	-1.077598E+2
3.233600E+0	-1.180332E+1	-8.077969E+1
3.246075E+0	-1.178231E+1	-5.381258E+1
3.258550E+0	-1.176037E+1	-2.669053E+1
3.271025E+0	-1.172923E+1	3.583454E-1
3.283500E+0	-1.169567E+1	2.739660E+1
3.295975E+0	-1.166238E+1	5.437696E+1
3.308450E+0	-1.163070E+1	8.135432E+1
3.320925E+0	-1.159768E+1	1.083229E+2
3.333400E+0	-1.156133E+1	1.350753E+2
3.345875E+0	-1.152979E+1	1.620045E+2
3.358350E+0	-1.149337E+1	-1.710507E+2
3.370825E+0	-1.145619E+1	-1.441056E+2
3.383300E+0	-1.140099E+1	-1.171555E+2
3.395775E+0	-1.137092E+1	-9.028053E+1
3.408250E+0	-1.133708E+1	-6.341182E+1
3.420725E+0	-1.129457E+1	-3.653992E+1
3.433200E+0	-1.125950E+1	-9.683998E+0
3.445675E+0	-1.122290E+1	1.717936E+1
3.458150E+0	-1.118850E+1	4.406845E+1
3.470625E+0	-1.114573E+1	7.097532E+1
3.483100E+0	-1.108666E+1	9.793696E+1
3.495575E+0	-1.103722E+1	1.248586E+2
3.508050E+0	-1.099125E+1	1.516999E+2
3.520525E+0	-1.094568E+1	1.785131E+2
3.533000E+0	-1.090551E+1	-1.546296E+2
3.545475E+0	-1.086623E+1	-1.278160E+2
3.557950E+0	-1.082405E+1	-1.010445E+2
3.570425E+0	-1.079118E+1	-7.418414E+1
3.582900E+0	-1.074763E+1	-4.738300E+1
3.595375E+0	-1.070807E+1	-2.053039E+1
3.607850E+0	-1.068545E+1	6.145578E+0
3.620325E+0	-1.065439E+1	3.293018E+1
3.632800E+0	-1.061853E+1	5.975263E+1
3.645275E+0	-1.056263E+1	8.655516E+1
3.657750E+0	-1.053603E+1	1.132748E+2
3.670225E+0	-1.050379E+1	1.400404E+2
3.682700E+0	-1.046446E+1	1.667988E+2
3.695175E+0	-1.042355E+1	-1.664344E+2
3.707650E+0	-1.039152E+1	-1.396835E+2
3.720125E+0	-1.035207E+1	-1.129352E+2
3.732600E+0	-1.032174E+1	-8.619209E+1
3.745075E+0	-1.028398E+1	-5.946275E+1
3.757550E+0	-1.024583E+1	-3.273651E+1
3.770025E+0	-1.020831E+1	-6.023905E+0
3.782500E+0	-1.016984E+1	2.069011E+1
3.794975E+0	-1.013256E+1	4.744025E+1
3.807450E+0	-1.009033E+1	7.416458E+1
3.819925E+0	-1.005466E+1	1.008790E+2
3.832400E+0	-1.001584E+1	1.276104E+2
3.844875E+0	-9.977923E+0	1.543313E+2
3.857350E+0	-9.938262E+0	-1.789353E+2
3.869825E+0	-9.895598E+0	-1.522308E+2
3.882300E+0	-9.860332E+0	-1.255438E+2
3.894775E+0	-9.828600E+0	-9.882400E+1
3.907250E+0	-9.797050E+0	-7.209035E+1
3.919725E+0	-9.760053E+0	-4.536903E+1
3.932200E+0	-9.725801E+0	-1.867364E+1
3.944675E+0	-9.692653E+0	8.007349E+0
3.957150E+0	-9.659814E+0	3.469972E+1
3.969625E+0	-9.627118E+0	6.137297E+1
3.982100E+0	-9.592640E+0	8.807709E+1
3.994575E+0	-9.559175E+0	1.147678E+2
4.007050E+0	-9.527696E+0	1.414523E+2
4.019525E+0	-9.494474E+0	1.681156E+2
4.032000E+0	-9.465249E+0	-1.652251E+2
4.044475E+0	-9.431619E+0	-1.385810E+2
4.056950E+0	-9.401931E+0	-1.119102E+2
4.069425E+0	-9.369829E+0	-8.521642E+1
4.081900E+0	-9.334895E+0	-5.855250E+1
4.094375E+0	-9.305067E+0	-3.190250E+1
4.106850E+0	-9.265596E+0	-5.263706E+0
4.119325E+0	-9.242811E+0	2.142293E+1
4.131800E+0	-9.207617E+0	4.803895E+1
4.144275E+0	-9.174287E+0	7.469595E+1
4.156750E+0	-9.144788E+0	1.013594E+2
4.169225E+0	-9.114124E+0	1.279818E+2
4.181700E+0	-9.077777E+0	1.546632E+2
4.194175E+0	-9.042368E+0	-1.787000E+2
4.206650E+0	-9.017506E+0	-1.521129E+2
4.219125E+0	-8.990496E+0	-1.254371E+2
4.231600E+0	-8.960029E+0	-9.877724E+1
4.244075E+0	-8.929782E+0	-7.207782E+1
4.256550E+0	-8.902617E+0	-4.539498E+1
4.269025E+0	-8.873295E+0	-1.874711E+1
4.281500E+0	-8.847357E+0	7.897198E+0
4.293975E+0	-8.819793E+0	3.454506E+1
4.306450E+0	-8.791166E+0	6.119007E+1
4.318925E+0	-8.763685E+0	8.783234E+1
4.331400E+0	-8.737228E+0	1.144742E+2
4.343875E+0	-8.711450E+0	1.411171E+2
4.356350E+0	-8.685400E+0	1.677475E+2
4.368825E+0	-8.660480E+0	-1.656228E+2
4.381300E+0	-8.633984E+0	-1.389978E+2
4.393775E+0	-8.611880E+0	-1.123836E+2
4.406250E+0	-8.579103E+0	-8.575880E+1
4.418725E+0	-8.553593E+0	-5.911388E+1
4.431200E+0	-8.525734E+0	-3.247401E+1
4.443675E+0	-8.499823E+0	-5.833823E+0
4.456150E+0	-8.474784E+0	2.078677E+1
4.468625E+0	-8.447004E+0	4.738988E+1
4.481100E+0	-8.426402E+0	7.400120E+1
4.493575E+0	-8.401046E+0	1.005904E+2
4.506050E+0	-8.374989E+0	1.272155E+2
4.518525E+0	-8.348742E+0	1.538646E+2
4.531000E+0	-8.319389E+0	-1.794751E+2
4.543475E+0	-8.296455E+0	-1.528336E+2
4.555950E+0	-8.275572E+0	-1.262032E+2
4.568425E+0	-8.250499E+0	-9.958206E+1
4.580900E+0	-8.226836E+0	-7.296127E+1
4.593375E+0	-8.203551E+0	-4.632003E+1
4.605850E+0	-8.179923E+0	-1.971512E+1
4.618325E+0	-8.156980E+0	6.928725E+0
4.630800E+0	-8.127718E+0	3.353042E+1
4.643275E+0	-8.109387E+0	6.018348E+1
4.655750E+0	-8.089019E+0	8.674978E+1
4.668225E+0	-8.069963E+0	1.133853E+2
4.680700E+0	-8.045536E+0	1.400150E+2
4.693175E+0	-8.024208E+0	1.666379E+2
4.705650E+0	-8.003093E+0	-1.667617E+2
4.718125E+0	-7.980217E+0	-1.401450E+2
4.730600E+0	-7.959245E+0	-1.135412E+2
4.743075E+0	-7.937816E+0	-8.695127E+1
4.755550E+0	-7.918477E+0	-6.031761E+1
4.768025E+0	-7.893655E+0	-3.371003E+1
4.780500E+0	-7.875258E+0	-7.089634E+0
4.792975E+0	-7.850804E+0	1.952382E+1
4.805450E+0	-7.830899E+0	4.612186E+1
4.817925E+0	-7.812032E+0	7.273273E+1
4.830400E+0	-7.794233E+0	9.934566E+1
4.842875E+0	-7.770861E+0	1.259666E+2
4.855350E+0	-7.749945E+0	1.525764E+2
4.867825E+0	-7.728061E+0	1.792041E+2
4.880300E+0	-7.708249E+0	-1.542090E+2
4.892775E+0	-7.691488E+0	-1.275568E+2
4.905250E+0	-7.674223E+0	-1.009514E+2
4.917725E+0	-7.657618E+0	-7.434545E+1
4.930200E+0	-7.637751E+0	-4.775591E+1
4.942675E+0	-7.619327E+0	-2.114987E+1
4.955150E+0	-7.600504E+0	5.469544E+0
4.967625E+0	-7.583705E+0	3.208389E+1
4.980100E+0	-7.566316E+0	5.868806E+1
4.992575E+0	-7.549076E+0	8.529337E+1
5.005050E+0	-7.536344E+0	1.118670E+2
5.017525E+0	-7.518796E+0	1.384757E+2
5.030000E+0	-7.498580E+0	1.650481E+2
5.042475E+0	-7.478269E+0	-1.683578E+2
5.054950E+0	-7.457349E+0	-1.417478E+2
5.067425E+0	-7.440558E+0	-1.151209E+2
5.079900E+0	-7.424712E+0	-8.852702E+1
5.092375E+0	-7.409658E+0	-6.190582E+1
5.104850E+0	-7.394447E+0	-3.532046E+1
5.117325E+0	-7.380961E+0	-8.718153E+0
5.129800E+0	-7.362045E+0	1.786692E+1
5.142275E+0	-7.341811E+0	4.442597E+1
5.154750E+0	-7.321005E+0	7.103708E+1
5.167225E+0	-7.307149E+0	9.767741E+1
5.179700E+0	-7.294037E+0	1.243110E+2
5.192175E+0	-7.281483E+0	1.508916E+2
5.204650E+0	-7.265759E+0	1.774933E+2
5.217125E+0	-7.252173E+0	-1.559101E+2
5.229600E+0	-7.240962E+0	-1.292997E+2
5.242075E+0	-7.226991E+0	-1.027055E+2
5.254550E+0	-7.211783E+0	-7.611028E+1
5.267025E+0	-7.197103E+0	-4.950681E+1
5.279500E+0	-7.184879E+0	-2.292198E+1
5.291975E+0	-7.173988E+0	3.689590E+0
5.304450E+0	-7.157980E+0	3.027129E+1
5.316925E+0	-7.144894E+0	5.685496E+1
5.329400E+0	-7.132357E+0	8.344203E+1
5.341875E+0	-7.119736E+0	1.100281E+2
5.354350E+0	-7.106291E+0	1.366313E+2
5.366825E+0	-7.090093E+0	1.632177E+2
5.379300E+0	-7.072795E+0	-1.701884E+2
5.391775E+0	-7.061911E+0	-1.435979E+2
5.404250E+0	-7.047176E+0	-1.169980E+2
5.416725E+0	-7.033702E+0	-9.040826E+1
5.429200E+0	-7.021260E+0	-6.382646E+1
5.441675E+0	-7.009815E+0	-3.721681E+1
5.454150E+0	-6.995804E+0	-1.062438E+1
5.466625E+0	-6.980439E+0	1.595670E+1
5.479100E+0	-6.964999E+0	4.255625E+1
5.491575E+0	-6.951236E+0	6.914337E+1
5.504050E+0	-6.937369E+0	9.576848E+1
5.516525E+0	-6.923930E+0	1.223889E+2
5.529000E+0	-6.914880E+0	1.490092E+2
5.541475E+0	-6.906006E+0	1.756109E+2
5.553950E+0	-6.898529E+0	-1.577994E+2
5.566425E+0	-6.884007E+0	-1.312835E+2
5.578900E+0	-6.874442E+0	-1.046319E+2
5.591375E+0	-6.862972E+0	-7.802587E+1
5.603850E+0	-6.852916E+0	-5.140964E+1
5.616325E+0	-6.842201E+0	-2.482893E+1
5.628800E+0	-6.838673E+0	1.794708E+0
5.641275E+0	-6.831202E+0	2.837238E+1
5.653750E+0	-6.822192E+0	5.491312E+1
5.666225E+0	-6.814627E+0	8.152402E+1
5.678700E+0	-6.793108E+0	1.080603E+2
5.691175E+0	-6.781571E+0	1.346939E+2
5.703650E+0	-6.771937E+0	1.613521E+2
5.716125E+0	-6.763971E+0	-1.720833E+2
5.728600E+0	-6.751964E+0	-1.454854E+2
5.741075E+0	-6.745590E+0	-1.188835E+2
5.753550E+0	-6.737457E+0	-9.231735E+1
5.766025E+0	-6.726179E+0	-6.572977E+1
5.778500E+0	-6.717101E+0	-3.917254E+1
5.790975E+0	-6.697568E+0	-1.251905E+1
5.803450E+0	-6.686442E+0	1.409963E+1
5.815925E+0	-6.679520E+0	4.071732E+1
5.828400E+0	-6.670475E+0	6.731551E+1
5.840875E+0	-6.662854E+0	9.395087E+1
5.853350E+0	-6.654812E+0	1.205465E+2
5.865825E+0	-6.647740E+0	1.471689E+2
5.878300E+0	-6.642310E+0	1.737780E+2
5.890775E+0	-6.634109E+0	-1.596193E+2
5.903250E+0	-6.628927E+0	-1.330434E+2
5.915725E+0	-6.620704E+0	-1.064074E+2
5.928200E+0	-6.613733E+0	-7.981464E+1
5.940675E+0	-6.608445E+0	-5.321957E+1
5.953150E+0	-6.603476E+0	-2.663313E+1
5.965625E+0	-6.595159E+0	-5.316917E-4
5.978100E+0	-6.592494E+0	2.658302E+1
5.990575E+0	-6.587873E+0	5.318487E+1
6.003050E+0	-6.579688E+0	7.976406E+1
6.015525E+0	-6.573304E+0	1.063592E+2
6.028000E+0	-6.565731E+0	1.329467E+2
6.040475E+0	-6.557608E+0	1.595384E+2
6.052950E+0	-6.549644E+0	-1.738827E+2
6.065425E+0	-6.547280E+0	-1.472514E+2
6.077900E+0	-6.536942E+0	-1.206630E+2
6.090375E+0	-6.532764E+0	-9.406935E+1
6.102850E+0	-6.526176E+0	-6.748515E+1
6.115325E+0	-6.518050E+0	-4.088626E+1
6.127800E+0	-6.507843E+0	-1.427819E+1
6.140275E+0	-6.502723E+0	1.230856E+1
6.152750E+0	-6.494129E+0	3.892487E+1
6.165225E+0	-6.492800E+0	6.558581E+1
6.177700E+0	-6.490903E+0	9.214874E+1
6.190175E+0	-6.489805E+0	1.187759E+2
6.202650E+0	-6.479500E+0	1.453151E+2
6.215125E+0	-6.474829E+0	1.719165E+2
6.227600E+0	-6.458519E+0	-1.614461E+2
6.240075E+0	-6.461364E+0	-1.348118E+2
6.252550E+0	-6.458137E+0	-1.081980E+2
6.265025E+0	-6.458448E+0	-8.160484E+1
6.277500E+0	-6.456085E+0	-5.496284E+1
6.289975E+0	-6.456471E+0	-2.837942E+1
6.302450E+0	-6.451740E+0	-1.817441E+0
6.314925E+0	-6.447290E+0	2.474768E+1
6.327400E+0	-6.438153E+0	5.135375E+1
6.339875E+0	-6.430148E+0	7.799329E+1
6.352350E+0	-6.426890E+0	1.045849E+2
6.364825E+0	-6.424386E+0	1.312029E+2
6.377300E+0	-6.424653E+0	1.577664E+2
6.389775E+0	-6.419916E+0	-1.756036E+2
6.402250E+0	-6.415139E+0	-1.490592E+2
6.414725E+0	-6.409384E+0	-1.224393E+2
6.427200E+0	-6.403805E+0	-9.582511E+1
6.439675E+0	-6.395239E+0	-6.921696E+1
6.452150E+0	-6.392586E+0	-4.258234E+1
6.464625E+0	-6.388001E+0	-1.597421E+1
6.477100E+0	-6.385365E+0	1.064083E+1
6.489575E+0	-6.377082E+0	3.725600E+1
6.502050E+0	-6.377160E+0	6.385159E+1
6.514525E+0	-6.373485E+0	9.047796E+1
6.527000E+0	-6.367730E+0	1.171141E+2
6.539475E+0	-6.364965E+0	1.437215E+2
6.551950E+0	-6.360437E+0	1.703321E+2
6.564425E+0	-6.359199E+0	-1.630579E+2
6.576900E+0	-6.355077E+0	-1.364483E+2
6.589375E+0	-6.352302E+0	-1.098163E+2
6.601850E+0	-6.350802E+0	-8.318726E+1
6.614325E+0	-6.350147E+0	-5.656625E+1
6.626800E+0	-6.352506E+0	-2.999125E+1
6.639275E+0	-6.351882E+0	-3.350998E+0
6.651750E+0	-6.345272E+0	2.322723E+1
6.664225E+0	-6.345631E+0	4.983588E+1
6.676700E+0	-6.342905E+0	7.646358E+1
6.689175E+0	-6.340663E+0	1.030746E+2
6.701650E+0	-6.337312E+0	1.296728E+2
6.714125E+0	-6.338720E+0	1.563118E+2
6.726600E+0	-6.331470E+0	-1.771092E+2
6.739075E+0	-6.330781E+0	-1.505123E+2
6.751550E+0	-6.324568E+0	-1.238410E+2
6.764025E+0	-6.317867E+0	-9.730273E+1
6.776500E+0	-6.315044E+0	-7.063356E+1
6.788975E+0	-6.313055E+0	-4.398317E+1
6.801450E+0	-6.312200E+0	-1.735651E+1
6.813925E+0	-6.316194E+0	9.276608E+0
6.826400E+0	-6.317291E+0	3.588282E+1
6.838875E+0	-6.315215E+0	6.247047E+1
6.851350E+0	-6.308508E+0	8.908224E+1
6.863825E+0	-6.300076E+0	1.157244E+2
6.876300E+0	-6.302749E+0	1.424294E+2
6.888775E+0	-6.306147E+0	1.690575E+2
6.901250E+0	-6.309439E+0	-1.643046E+2
6.913725E+0	-6.311083E+0	-1.376802E+2
6.926200E+0	-6.313872E+0	-1.110494E+2
6.938675E+0	-6.313258E+0	-8.447586E+1
6.951150E+0	-6.312171E+0	-5.785714E+1
6.963625E+0	-6.300035E+0	-3.120840E+1
6.976100E+0	-6.302760E+0	-4.546878E+0
6.988575E+0	-6.306170E+0	2.210201E+1
7.001050E+0	-6.307906E+0	4.871392E+1
7.013525E+0	-6.310232E+0	7.532015E+1
7.026000E+0	-6.311718E+0	1.019194E+2
7.038475E+0	-6.310709E+0	1.285520E+2
7.050950E+0	-6.311783E+0	1.551493E+2
7.063425E+0	-6.304194E+0	-1.782326E+2
7.075900E+0	-6.301473E+0	-1.516084E+2
7.088375E+0	-6.300888E+0	-1.249803E+2
7.100850E+0	-6.303259E+0	-9.834798E+1
7.113325E+0	-6.299350E+0	-7.171083E+1
7.125800E+0	-6.299078E+0	-4.509669E+1
7.138275E+0	-6.300300E+0	-1.846416E+1
7.150750E+0	-6.300867E+0	8.162609E+0
7.163225E+0	-6.298165E+0	3.479960E+1
7.175700E+0	-6.296491E+0	6.142828E+1
7.188175E+0	-6.294186E+0	8.807079E+1
7.200650E+0	-6.292934E+0	1.147318E+2
7.213125E+0	-6.292736E+0	1.413522E+2
7.225600E+0	-6.292732E+0	1.679905E+2
7.238075E+0	-6.295563E+0	-1.653335E+2
7.250550E+0	-6.291010E+0	-1.387333E+2
7.263025E+0	-6.299492E+0	-1.120376E+2
7.275500E+0	-6.296928E+0	-8.538396E+1
7.287975E+0	-6.298721E+0	-5.878531E+1
7.300450E+0	-6.305246E+0	-3.214816E+1
7.312925E+0	-6.304200E+0	-5.510028E+0
7.325400E+0	-6.305625E+0	2.114446E+1
7.337875E+0	-6.309336E+0	4.780077E+1
7.350350E+0	-6.314447E+0	7.443674E+1
7.362825E+0	-6.318710E+0	1.010208E+2
7.375300E+0	-6.322815E+0	1.276324E+2
7.387775E+0	-6.317036E+0	1.542573E+2
7.400250E+0	-6.312697E+0	-1.791155E+2
7.412725E+0	-6.309579E+0	-1.524635E+2
7.425200E+0	-6.312108E+0	-1.258127E+2
7.437675E+0	-6.313049E+0	-9.915593E+1
7.450150E+0	-6.317595E+0	-7.254125E+1
7.462625E+0	-6.323449E+0	-4.589167E+1
7.475100E+0	-6.319524E+0	-1.930299E+1
7.487575E+0	-6.316956E+0	7.337651E+0
7.500050E+0	-6.313665E+0	3.399168E+1
7.512525E+0	-6.313160E+0	6.063918E+1
7.525000E+0	-6.312317E+0	8.732638E+1
7.537475E+0	-6.317158E+0	1.139918E+2
7.549950E+0	-6.321359E+0	1.406368E+2
7.562425E+0	-6.326336E+0	1.672782E+2
7.574900E+0	-6.321732E+0	-1.660969E+2
7.587375E+0	-6.322061E+0	-1.394648E+2
7.599850E+0	-6.320477E+0	-1.128039E+2
7.612325E+0	-6.320440E+0	-8.615776E+1
7.624800E+0	-6.325515E+0	-5.947652E+1
7.637275E+0	-6.327950E+0	-3.285713E+1
7.649750E+0	-6.332458E+0	-6.205638E+0
7.662225E+0	-6.336466E+0	2.041930E+1
7.674700E+0	-6.339549E+0	4.708790E+1
7.687175E+0	-6.342337E+0	7.371076E+1
7.699650E+0	-6.341211E+0	1.003490E+2
7.712125E+0	-6.340056E+0	1.269896E+2
7.724600E+0	-6.340439E+0	1.536305E+2
7.737075E+0	-6.339708E+0	-1.797131E+2
7.749550E+0	-6.338442E+0	-1.531059E+2
7.762025E+0	-6.344249E+0	-1.264112E+2
7.774500E+0	-6.337656E+0	-9.975244E+1
7.786975E+0	-6.344491E+0	-7.308666E+1
7.799450E+0	-6.344831E+0	-4.641135E+1
7.811925E+0	-6.343785E+0	-1.981639E+1
7.824400E+0	-6.356057E+0	6.832082E+0
7.836875E+0	-6.357082E+0	3.349277E+1
7.849350E+0	-6.356193E+0	6.017828E+1
7.861825E+0	-6.356060E+0	8.684257E+1
7.874300E+0	-6.356727E+0	1.135229E+2
7.886775E+0	-6.364326E+0	1.401520E+2
7.899250E+0	-6.369284E+0	1.668147E+2
7.911725E+0	-6.371192E+0	-1.665540E+2
7.924200E+0	-6.371131E+0	-1.399414E+2
7.936675E+0	-6.370712E+0	-1.133161E+2
7.949150E+0	-6.366290E+0	-8.670402E+1
7.961625E+0	-6.371338E+0	-6.001068E+1
7.974100E+0	-6.371738E+0	-3.332880E+1
7.986575E+0	-6.376295E+0	-6.658294E+0
7.999050E+0	-6.379241E+0	1.997312E+1
8.011525E+0	-6.379051E+0	4.661173E+1
8.024000E+0	-6.378621E+0	7.323248E+1
8.036475E+0	-6.371838E+0	9.989775E+1
8.048950E+0	-6.368940E+0	1.265598E+2
8.061425E+0	-6.369509E+0	1.532383E+2
8.073900E+0	-6.370706E+0	1.799313E+2
8.086375E+0	-6.376832E+0	-1.534316E+2
8.098850E+0	-6.378086E+0	-1.268325E+2
8.111325E+0	-6.379903E+0	-1.001387E+2
8.123800E+0	-6.373824E+0	-7.348928E+1
8.136275E+0	-6.372172E+0	-4.678926E+1
8.148750E+0	-6.373350E+0	-2.009933E+1
8.161225E+0	-6.376443E+0	6.585670E+0
8.173700E+0	-6.379251E+0	3.327918E+1
8.186175E+0	-6.394042E+0	5.996453E+1
8.198650E+0	-6.401097E+0	8.663974E+1
8.211125E+0	-6.405929E+0	1.132993E+2
8.223600E+0	-6.403394E+0	1.399022E+2
8.236075E+0	-6.409268E+0	1.665868E+2
8.248550E+0	-6.407331E+0	-1.667406E+2
8.261025E+0	-6.407886E+0	-1.401007E+2
8.273500E+0	-6.415228E+0	-1.134711E+2
8.285975E+0	-6.417021E+0	-8.678795E+1
8.298450E+0	-6.411036E+0	-6.017269E+1
8.310925E+0	-6.419960E+0	-3.350614E+1
8.323400E+0	-6.420136E+0	-6.823819E+0
8.335875E+0	-6.413235E+0	1.983937E+1
8.348350E+0	-6.422371E+0	4.647312E+1
8.360825E+0	-6.420571E+0	7.317434E+1
8.373300E+0	-6.419599E+0	9.985629E+1
8.385775E+0	-6.418819E+0	1.265075E+2
8.398250E+0	-6.418657E+0	1.531922E+2
8.410725E+0	-6.416944E+0	1.798512E+2
8.423200E+0	-6.419965E+0	-1.534954E+2
8.435675E+0	-6.418352E+0	-1.267976E+2
8.448150E+0	-6.414663E+0	-1.001309E+2
8.460625E+0	-6.415024E+0	-7.345421E+1
8.473100E+0	-6.416452E+0	-4.678875E+1
8.485575E+0	-6.413754E+0	-2.006096E+1
8.498050E+0	-6.414036E+0	6.611699E+0
8.510525E+0	-6.415502E+0	3.328840E+1
8.523000E+0	-6.419355E+0	6.008040E+1
8.535475E+0	-6.428764E+0	8.673924E+1
8.547950E+0	-6.434486E+0	1.134327E+2
8.560425E+0	-6.435902E+0	1.400879E+2
8.572900E+0	-6.435840E+0	1.667619E+2
8.585375E+0	-6.438016E+0	-1.665331E+2
8.597850E+0	-6.440173E+0	-1.398611E+2
8.610325E+0	-6.448068E+0	-1.131814E+2
8.622800E+0	-6.458577E+0	-8.646468E+1
8.635275E+0	-6.466294E+0	-5.981205E+1
8.647750E+0	-6.469737E+0	-3.321173E+1
8.660225E+0	-6.474109E+0	-6.572191E+0
8.672700E+0	-6.470420E+0	2.007479E+1
8.685175E+0	-6.465705E+0	4.673502E+1
8.697650E+0	-6.470792E+0	7.339593E+1
8.710125E+0	-6.473183E+0	1.000855E+2
8.722600E+0	-6.476640E+0	1.267538E+2
8.735075E+0	-6.478364E+0	1.533914E+2
8.747550E+0	-6.481682E+0	-1.799784E+2
8.760025E+0	-6.479908E+0	-1.533365E+2
8.772500E+0	-6.475540E+0	-1.266546E+2
8.784975E+0	-6.475480E+0	-9.999423E+1
8.797450E+0	-6.474886E+0	-7.329465E+1
8.809925E+0	-6.481216E+0	-4.660226E+1
8.822400E+0	-6.480881E+0	-1.995881E+1
8.834875E+0	-6.480869E+0	6.701658E+0
8.847350E+0	-6.485309E+0	3.341824E+1
8.859825E+0	-6.480949E+0	6.009918E+1
8.872300E+0	-6.480240E+0	8.675520E+1
8.884775E+0	-6.483513E+0	1.134392E+2
8.897250E+0	-6.486667E+0	1.400848E+2
8.909725E+0	-6.487413E+0	1.668470E+2
8.922200E+0	-6.489924E+0	-1.665005E+2
8.934675E+0	-6.491511E+0	-1.398064E+2
8.947150E+0	-6.494545E+0	-1.131404E+2
8.959625E+0	-6.491984E+0	-8.648573E+1
8.972100E+0	-6.498288E+0	-5.980463E+1
8.984575E+0	-6.495140E+0	-3.310331E+1
8.997050E+0	-6.496902E+0	-6.428540E+0
9.009525E+0	-6.498477E+0	2.024477E+1
9.022000E+0	-6.499757E+0	4.694545E+1
9.034475E+0	-6.500617E+0	7.363056E+1
9.046950E+0	-6.503745E+0	1.003046E+2
9.059425E+0	-6.506086E+0	1.270097E+2
9.071900E+0	-6.509265E+0	1.536865E+2
9.084375E+0	-6.512836E+0	-1.796425E+2
9.096850E+0	-6.514506E+0	-1.529672E+2
9.109325E+0	-6.517902E+0	-1.262841E+2
9.121800E+0	-6.517364E+0	-9.962096E+1
9.134275E+0	-6.517092E+0	-7.290571E+1
9.146750E+0	-6.518615E+0	-4.619562E+1
9.159225E+0	-6.524110E+0	-1.949011E+1
9.171700E+0	-6.535140E+0	7.190163E+0
9.184175E+0	-6.536391E+0	3.384479E+1
9.196650E+0	-6.536737E+0	6.048643E+1
9.209125E+0	-6.535708E+0	8.716930E+1
9.221600E+0	-6.535368E+0	1.138332E+2
9.234075E+0	-6.534221E+0	1.405409E+2
9.246550E+0	-6.535498E+0	1.672749E+2
9.259025E+0	-6.542814E+0	-1.660523E+2
9.271500E+0	-6.547992E+0	-1.393699E+2
9.283975E+0	-6.552145E+0	-1.127291E+2
9.296450E+0	-6.549980E+0	-8.605872E+1
9.308925E+0	-6.541550E+0	-5.937956E+1
9.321400E+0	-6.541402E+0	-3.269131E+1
9.333875E+0	-6.543818E+0	-5.969469E+0
9.346350E+0	-6.539323E+0	2.072665E+1
9.358825E+0	-6.546369E+0	4.743313E+1
9.371300E+0	-6.553377E+0	7.413883E+1
9.383775E+0	-6.551089E+0	1.008365E+2
9.396250E+0	-6.551381E+0	1.274978E+2
9.408725E+0	-6.556660E+0	1.541783E+2
9.421200E+0	-6.557526E+0	-1.791099E+2
9.433675E+0	-6.558334E+0	-1.523905E+2
9.446150E+0	-6.559984E+0	-1.256775E+2
9.458625E+0	-6.567404E+0	-9.900896E+1
9.471100E+0	-6.570237E+0	-7.228565E+1
9.483575E+0	-6.574099E+0	-4.559942E+1
9.496050E+0	-6.578737E+0	-1.896898E+1
9.508525E+0	-6.581167E+0	7.752996E+0
9.521000E+0	-6.583284E+0	3.445679E+1
9.533475E+0	-6.586920E+0	6.113609E+1
9.545950E+0	-6.590723E+0	8.779565E+1
9.558425E+0	-6.596079E+0	1.144865E+2
9.570900E+0	-6.600179E+0	1.411603E+2
9.583375E+0	-6.598746E+0	1.677706E+2
9.595850E+0	-6.600088E+0	-1.655565E+2
9.608325E+0	-6.600369E+0	-1.388673E+2
9.620800E+0	-6.601060E+0	-1.121930E+2
9.633275E+0	-6.602911E+0	-8.550555E+1
9.645750E+0	-6.602080E+0	-5.884262E+1
9.658225E+0	-6.602718E+0	-3.214783E+1
9.670700E+0	-6.602077E+0	-5.463177E+0
9.683175E+0	-6.605286E+0	2.123308E+1
9.695650E+0	-6.605074E+0	4.792891E+1
9.708125E+0	-6.607421E+0	7.461913E+1
9.720600E+0	-6.608269E+0	1.013001E+2
9.733075E+0	-6.613173E+0	1.279775E+2
9.745550E+0	-6.613142E+0	1.546486E+2
9.758025E+0	-6.614919E+0	-1.786850E+2
9.770500E+0	-6.612010E+0	-1.519544E+2
9.782975E+0	-6.613607E+0	-1.252465E+2
9.795450E+0	-6.615014E+0	-9.855196E+1
9.807925E+0	-6.621634E+0	-7.186299E+1
9.820400E+0	-6.624755E+0	-4.519867E+1
9.832875E+0	-6.620674E+0	-1.852002E+1
9.845350E+0	-6.622235E+0	8.130551E+0
9.857825E+0	-6.626717E+0	3.484441E+1
9.870300E+0	-6.616153E+0	6.152205E+1
9.882775E+0	-6.624505E+0	8.829060E+1
9.895250E+0	-6.637018E+0	1.150118E+2
9.907725E+0	-6.637885E+0	1.417280E+2
9.920200E+0	-6.643077E+0	1.683503E+2
9.932675E+0	-6.651844E+0	-1.649972E+2
9.945150E+0	-6.654543E+0	-1.383373E+2
9.957625E+0	-6.653243E+0	-1.116552E+2
9.970100E+0	-6.651799E+0	-8.500805E+1
9.982575E+0	-6.653631E+0	-5.829531E+1
9.995050E+0	-6.652095E+0	-3.166005E+1
1.000752E+1	-6.660274E+0	-4.937708E+0
1.002000E+1	-6.662443E+0	2.171090E+1
1.003247E+1	-6.659492E+0	4.835816E+1
1.004495E+1	-6.657696E+0	7.504128E+1
1.005743E+1	-6.653849E+0	1.017211E+2
1.006990E+1	-6.651355E+0	1.284515E+2
1.008238E+1	-6.652445E+0	1.551389E+2
1.009485E+1	-6.651970E+0	-1.781749E+2
1.010732E+1	-6.655642E+0	-1.515048E+2
1.011980E+1	-6.655424E+0	-1.248303E+2
1.013227E+1	-6.650726E+0	-9.814925E+1
1.014475E+1	-6.653647E+0	-7.145389E+1
1.015723E+1	-6.654100E+0	-4.478988E+1
1.016970E+1	-6.656879E+0	-1.803370E+1
1.018218E+1	-6.657030E+0	8.647114E+0
1.019465E+1	-6.658171E+0	3.532879E+1
1.020712E+1	-6.659792E+0	6.205439E+1
1.021960E+1	-6.661512E+0	8.872097E+1
1.023208E+1	-6.661324E+0	1.154712E+2
1.024455E+1	-6.666185E+0	1.421159E+2
1.025703E+1	-6.666475E+0	1.688646E+2
1.026950E+1	-6.668293E+0	-1.644558E+2
1.028197E+1	-6.667837E+0	-1.377873E+2
1.029445E+1	-6.672177E+0	-1.110528E+2
1.030692E+1	-6.675382E+0	-8.437547E+1
1.031940E+1	-6.680975E+0	-5.766297E+1
1.033188E+1	-6.688370E+0	-3.095913E+1
1.034435E+1	-6.695255E+0	-4.327424E+0
1.035683E+1	-6.688100E+0	2.235338E+1
1.036930E+1	-6.697965E+0	4.901839E+1
1.038177E+1	-6.691953E+0	7.565187E+1
1.039425E+1	-6.680860E+0	1.022723E+2
1.040672E+1	-6.689241E+0	1.289836E+2
1.041920E+1	-6.693651E+0	1.556981E+2
1.043168E+1	-6.690104E+0	-1.775853E+2
1.044415E+1	-6.693853E+0	-1.509037E+2
1.045663E+1	-6.700070E+0	-1.242816E+2
1.046910E+1	-6.699511E+0	-9.759039E+1
1.048157E+1	-6.694121E+0	-7.088197E+1
1.049405E+1	-6.691224E+0	-4.417997E+1
1.050652E+1	-6.692225E+0	-1.748007E+1
1.051900E+1	-6.688701E+0	9.220136E+0
1.053148E+1	-6.693307E+0	3.592079E+1
1.054395E+1	-6.690529E+0	6.265055E+1
1.055643E+1	-6.693321E+0	8.936515E+1
1.056890E+1	-6.692541E+0	1.160528E+2
1.058137E+1	-6.690536E+0	1.427336E+2
1.059385E+1	-6.692918E+0	1.694294E+2
1.060633E+1	-6.693034E+0	-1.638515E+2
1.061880E+1	-6.694416E+0	-1.371337E+2
1.063128E+1	-6.701385E+0	-1.104454E+2
1.064375E+1	-6.705190E+0	-8.374695E+1
1.065622E+1	-6.711181E+0	-5.706566E+1
1.066870E+1	-6.709341E+0	-3.037716E+1
1.068117E+1	-6.709862E+0	-3.693278E+0
1.069365E+1	-6.710822E+0	2.300993E+1
1.070613E+1	-6.712699E+0	4.971963E+1
1.071860E+1	-6.715364E+0	7.641014E+1
1.073108E+1	-6.719897E+0	1.031101E+2
1.074355E+1	-6.724888E+0	1.298009E+2
1.075602E+1	-6.730165E+0	1.564951E+2
1.076850E+1	-6.732287E+0	-1.768331E+2
1.078097E+1	-6.733845E+0	-1.502058E+2
1.079345E+1	-6.734455E+0	-1.234967E+2
1.080593E+1	-6.738688E+0	-9.678355E+1
1.081840E+1	-6.737913E+0	-7.010921E+1
1.083088E+1	-6.741048E+0	-4.345192E+1
1.084335E+1	-6.740172E+0	-1.677427E+1
1.085582E+1	-6.737657E+0	9.905932E+0
1.086830E+1	-6.731603E+0	3.658181E+1
1.088077E+1	-6.726503E+0	6.326134E+1
1.089325E+1	-6.731167E+0	8.991924E+1
1.090573E+1	-6.731260E+0	1.166034E+2
1.091820E+1	-6.718613E+0	1.433285E+2
1.093068E+1	-6.721391E+0	1.699928E+2
1.094315E+1	-6.722500E+0	-1.632743E+2
1.095562E+1	-6.729340E+0	-1.365611E+2
1.096810E+1	-6.730955E+0	-1.098588E+2
1.098057E+1	-6.734856E+0	-8.318558E+1
1.099305E+1	-6.739734E+0	-5.649168E+1
1.100553E+1	-6.736693E+0	-2.980481E+1
1.101800E+1	-6.737276E+0	-3.120480E+0
1.103047E+1	-6.731563E+0	2.360156E+1
1.104295E+1	-6.730910E+0	5.034610E+1
1.105542E+1	-6.730430E+0	7.704955E+1
1.106790E+1	-6.732922E+0	1.037535E+2
1.108038E+1	-6.740623E+0	1.304294E+2
1.109285E+1	-6.744159E+0	1.571142E+2
1.110533E+1	-6.745404E+0	-1.761959E+2
1.111780E+1	-6.741156E+0	-1.494902E+2
1.113027E+1	-6.743421E+0	-1.228042E+2
1.114275E+1	-6.744122E+0	-9.610026E+1
1.115522E+1	-6.747042E+0	-6.940181E+1
1.116770E+1	-6.752466E+0	-4.267801E+1
1.118018E+1	-6.757657E+0	-1.601232E+1
1.119265E+1	-6.760869E+0	1.065607E+1
1.120513E+1	-6.761366E+0	3.733086E+1
1.121760E+1	-6.758484E+0	6.400742E+1
1.123007E+1	-6.758482E+0	9.068102E+1
1.124255E+1	-6.757745E+0	1.173763E+2
1.125502E+1	-6.760917E+0	1.440766E+2
1.126750E+1	-6.763194E+0	1.707621E+2
1.127998E+1	-6.767296E+0	-1.625497E+2
1.129245E+1	-6.769552E+0	-1.358922E+2
1.130493E+1	-6.770539E+0	-1.092572E+2
1.131740E+1	-6.764923E+0	-8.254698E+1
1.132987E+1	-6.763024E+0	-5.584696E+1
1.134235E+1	-6.763213E+0	-2.913807E+1
1.135482E+1	-6.766733E+0	-2.480898E+0
1.136730E+1	-6.766422E+0	2.424083E+1
1.137978E+1	-6.768638E+0	5.091151E+1
1.139225E+1	-6.768662E+0	7.756039E+1
1.140472E+1	-6.763491E+0	1.042764E+2
1.141720E+1	-6.767366E+0	1.309167E+2
1.142967E+1	-6.763345E+0	1.576729E+2
1.144215E+1	-6.756027E+0	-1.756440E+2
1.145463E+1	-6.759387E+0	-1.489980E+2
1.146710E+1	-6.765284E+0	-1.222583E+2
1.147958E+1	-6.763857E+0	-9.555172E+1
1.149205E+1	-6.758576E+0	-6.881470E+1
1.150452E+1	-6.764261E+0	-4.215352E+1
1.151700E+1	-6.767690E+0	-1.543487E+1
1.152947E+1	-6.766189E+0	1.126651E+1
1.154195E+1	-6.772033E+0	3.791636E+1
1.155443E+1	-6.766867E+0	6.465626E+1
1.156690E+1	-6.769070E+0	9.130581E+1
1.157938E+1	-6.764939E+0	1.180613E+2
1.159185E+1	-6.769741E+0	1.447586E+2
1.160432E+1	-6.774113E+0	1.714628E+2
1.161680E+1	-6.777843E+0	-1.618612E+2
1.162927E+1	-6.782428E+0	-1.352096E+2
1.164175E+1	-6.780082E+0	-1.085164E+2
1.165423E+1	-6.776992E+0	-8.183902E+1
1.166670E+1	-6.778603E+0	-5.516447E+1
1.167918E+1	-6.778471E+0	-2.845088E+1
1.169165E+1	-6.778717E+0	-1.748669E+0
1.170412E+1	-6.779041E+0	2.494568E+1
1.171660E+1	-6.783532E+0	5.163242E+1
1.172907E+1	-6.783792E+0	7.830437E+1
1.174155E+1	-6.785522E+0	1.049675E+2
1.175403E+1	-6.780860E+0	1.316721E+2
1.176650E+1	-6.781329E+0	1.583156E+2
1.177898E+1	-6.775041E+0	-1.749792E+2
1.179145E+1	-6.770346E+0	-1.482514E+2
1.180392E+1	-6.767746E+0	-1.215420E+2
1.181640E+1	-6.769512E+0	-9.484106E+1
1.182888E+1	-6.769630E+0	-6.816985E+1
1.184135E+1	-6.767880E+0	-4.150240E+1
1.185383E+1	-6.764166E+0	-1.475349E+1
1.186630E+1	-6.761762E+0	1.196027E+1
1.187877E+1	-6.764932E+0	3.866818E+1
1.189125E+1	-6.768612E+0	6.535706E+1
1.190372E+1	-6.774740E+0	9.199723E+1
1.191620E+1	-6.775497E+0	1.187551E+2
1.192868E+1	-6.780826E+0	1.454439E+2
1.194115E+1	-6.783666E+0	1.721032E+2
1.195363E+1	-6.781781E+0	-1.611919E+2
1.196610E+1	-6.773629E+0	-1.345000E+2
1.197857E+1	-6.773636E+0	-1.078754E+2
1.199105E+1	-6.782061E+0	-8.109038E+1
1.200352E+1	-6.782764E+0	-5.436957E+1
1.201600E+1	-6.778709E+0	-2.768433E+1
1.202848E+1	-6.783130E+0	-9.942650E-1
1.204095E+1	-6.789428E+0	2.570442E+1
1.205343E+1	-6.795960E+0	5.239537E+1
1.206590E+1	-6.793888E+0	7.907820E+1
1.207837E+1	-6.797893E+0	1.057446E+2
1.209085E+1	-6.797524E+0	1.324105E+2
1.210332E+1	-6.796702E+0	1.590759E+2
1.211580E+1	-6.796867E+0	-1.742359E+2
1.212828E+1	-6.795941E+0	-1.475270E+2
1.214075E+1	-6.799727E+0	-1.208888E+2
1.215323E+1	-6.801606E+0	-9.423158E+1
1.216570E+1	-6.797041E+0	-6.753895E+1
1.217817E+1	-6.796928E+0	-4.087669E+1
1.219065E+1	-6.790363E+0	-1.419445E+1
1.220313E+1	-6.790776E+0	1.250293E+1
1.221560E+1	-6.791580E+0	3.917209E+1
1.222808E+1	-6.787917E+0	6.588689E+1
1.224055E+1	-6.788143E+0	9.259234E+1
1.225302E+1	-6.790202E+0	1.192814E+2
1.226550E+1	-6.791099E+0	1.459679E+2
1.227797E+1	-6.788960E+0	1.726371E+2
1.229045E+1	-6.785223E+0	-1.606650E+2
1.230293E+1	-6.782094E+0	-1.339587E+2
1.231540E+1	-6.779119E+0	-1.072356E+2
1.232788E+1	-6.775214E+0	-8.053951E+1
1.234035E+1	-6.774189E+0	-5.383237E+1
1.235282E+1	-6.782112E+0	-2.715457E+1
1.236530E+1	-6.783372E+0	-4.644037E-1
1.237777E+1	-6.781706E+0	2.626131E+1
1.239025E+1	-6.782635E+0	5.293134E+1
1.240273E+1	-6.785665E+0	7.961472E+1
1.241520E+1	-6.789365E+0	1.063222E+2
1.242768E+1	-6.789821E+0	1.330184E+2
1.244015E+1	-6.784594E+0	1.597542E+2
1.245262E+1	-6.790946E+0	-1.735632E+2
1.246510E+1	-6.800960E+0	-1.468454E+2
1.247757E+1	-6.799755E+0	-1.201924E+2
1.249005E+1	-6.795375E+0	-9.353500E+1
1.250253E+1	-6.795499E+0	-6.687023E+1
1.251500E+1	-6.800693E+0	-4.019113E+1
1.252748E+1	-6.794311E+0	-1.349608E+1
1.253995E+1	-6.800611E+0	1.321464E+1
1.255242E+1	-6.798227E+0	3.987802E+1
1.256490E+1	-6.802776E+0	6.655405E+1
1.257737E+1	-6.806197E+0	9.324989E+1
1.258985E+1	-6.802586E+0	1.199119E+2
1.260233E+1	-6.802773E+0	1.466035E+2
1.261480E+1	-6.799630E+0	1.733041E+2
1.262727E+1	-6.798224E+0	-1.599962E+2
1.263975E+1	-6.799066E+0	-1.333186E+2
1.265222E+1	-6.794085E+0	-1.066514E+2
1.266470E+1	-6.795781E+0	-7.995646E+1
1.267718E+1	-6.796547E+0	-5.327343E+1
1.268965E+1	-6.791198E+0	-2.657588E+1
1.270213E+1	-6.793571E+0	1.186783E-1
1.271460E+1	-6.798156E+0	2.678249E+1
1.272707E+1	-6.796479E+0	5.347588E+1
1.273955E+1	-6.798113E+0	8.013540E+1
1.275202E+1	-6.795410E+0	1.068409E+2
1.276450E+1	-6.796888E+0	1.335585E+2
1.277698E+1	-6.797651E+0	1.602565E+2
1.278945E+1	-6.797584E+0	-1.730476E+2
1.280193E+1	-6.802430E+0	-1.463638E+2
1.281440E+1	-6.803374E+0	-1.197446E+2
1.282687E+1	-6.804382E+0	-9.305207E+1
1.283935E+1	-6.802022E+0	-6.632216E+1
1.285182E+1	-6.802876E+0	-3.961565E+1
1.286430E+1	-6.804868E+0	-1.294783E+1
1.287678E+1	-6.812068E+0	1.368214E+1
1.288925E+1	-6.815591E+0	4.034753E+1
1.290173E+1	-6.816785E+0	6.700769E+1
1.291420E+1	-6.814308E+0	9.367645E+1
1.292667E+1	-6.815122E+0	1.203744E+2
1.293915E+1	-6.814435E+0	1.470398E+2
1.295162E+1	-6.813816E+0	1.737292E+2
1.296410E+1	-6.807141E+0	-1.595977E+2
1.297658E+1	-6.807596E+0	-1.329585E+2
1.298905E+1	-6.814130E+0	-1.062851E+2
1.300153E+1	-6.811416E+0	-7.959278E+1
1.301400E+1	-6.802702E+0	-5.294695E+1
1.302647E+1	-6.800930E+0	-2.632781E+1
1.303895E+1	-6.809999E+0	3.347415E-1
1.305143E+1	-6.803610E+0	2.705604E+1
1.306390E+1	-6.801522E+0	5.367712E+1
1.307638E+1	-6.799539E+0	8.039335E+1
1.308885E+1	-6.798570E+0	1.071091E+2
1.310132E+1	-6.794755E+0	1.338169E+2
1.311380E+1	-6.793353E+0	1.605046E+2
1.312627E+1	-6.787517E+0	-1.728113E+2
1.313875E+1	-6.784253E+0	-1.461185E+2
1.315123E+1	-6.779862E+0	-1.194070E+2
1.316370E+1	-6.778838E+0	-9.270186E+1
1.317618E+1	-6.775868E+0	-6.600157E+1
1.318865E+1	-6.771960E+0	-3.927155E+1
1.320112E+1	-6.770091E+0	-1.256028E+1
1.321360E+1	-6.772058E+0	1.414922E+1
1.322607E+1	-6.774119E+0	4.082218E+1
1.323855E+1	-6.776943E+0	6.752833E+1
1.325103E+1	-6.774511E+0	9.426826E+1
1.326350E+1	-6.775023E+0	1.209546E+2
1.327598E+1	-6.778071E+0	1.476467E+2
1.328845E+1	-6.780743E+0	1.743516E+2
1.330092E+1	-6.781071E+0	-1.589591E+2
1.331340E+1	-6.784372E+0	-1.322783E+2
1.332587E+1	-6.787836E+0	-1.056047E+2
1.333835E+1	-6.790159E+0	-7.892704E+1
1.335083E+1	-6.792373E+0	-5.227010E+1
1.336330E+1	-6.792704E+0	-2.560941E+1
1.337578E+1	-6.799692E+0	1.013410E+0
1.338825E+1	-6.792674E+0	2.770040E+1
1.340072E+1	-6.795030E+0	5.440304E+1
1.341320E+1	-6.796043E+0	8.107837E+1
1.342568E+1	-6.793088E+0	1.077327E+2
1.343815E+1	-6.797240E+0	1.343823E+2
1.345063E+1	-6.792425E+0	1.610513E+2
1.346310E+1	-6.785580E+0	-1.722611E+2
1.347557E+1	-6.781740E+0	-1.455654E+2
1.348805E+1	-6.776529E+0	-1.188766E+2
1.350052E+1	-6.777233E+0	-9.222544E+1
1.351300E+1	-6.774603E+0	-6.548931E+1
1.352548E+1	-6.767414E+0	-3.880405E+1
1.353795E+1	-6.764059E+0	-1.218519E+1
1.355043E+1	-6.765365E+0	1.452686E+1
1.356290E+1	-6.771751E+0	4.126690E+1
1.357537E+1	-6.768458E+0	6.798970E+1
1.358785E+1	-6.763279E+0	9.466159E+1
1.360032E+1	-6.762381E+0	1.213981E+2
1.361280E+1	-6.767731E+0	1.481252E+2
1.362528E+1	-6.769830E+0	1.748633E+2
1.363775E+1	-6.773050E+0	-1.584302E+2
1.365023E+1	-6.777646E+0	-1.317534E+2
1.366270E+1	-6.778838E+0	-1.050860E+2
1.367517E+1	-6.780740E+0	-7.839252E+1
1.368765E+1	-6.784266E+0	-5.176858E+1
1.370012E+1	-6.784801E+0	-2.504109E+1
1.371260E+1	-6.789532E+0	1.601400E+0
1.372508E+1	-6.789836E+0	2.830505E+1
1.373755E+1	-6.791218E+0	5.498300E+1
1.375003E+1	-6.792301E+0	8.165282E+1
1.376250E+1	-6.793362E+0	1.083198E+2
1.377497E+1	-6.795290E+0	1.349463E+2
1.378745E+1	-6.790273E+0	1.616488E+2
1.379992E+1	-6.790749E+0	-1.716586E+2
1.381240E+1	-6.792371E+0	-1.450142E+2
1.382488E+1	-6.791183E+0	-1.183362E+2
1.383735E+1	-6.792863E+0	-9.172185E+1
1.384982E+1	-6.790342E+0	-6.498680E+1
1.386230E+1	-6.794271E+0	-3.837551E+1
1.387477E+1	-6.790664E+0	-1.165683E+1
1.388725E+1	-6.793663E+0	1.500411E+1
1.389973E+1	-6.789422E+0	4.164190E+1
1.391220E+1	-6.794255E+0	6.831799E+1
1.392468E+1	-6.790671E+0	9.501161E+1
1.393715E+1	-6.790956E+0	1.217084E+2
1.394962E+1	-6.786329E+0	1.484096E+2
1.396210E+1	-6.791997E+0	1.750575E+2
1.397457E+1	-6.794270E+0	-1.583168E+2
1.398705E+1	-6.794472E+0	-1.315967E+2
1.399953E+1	-6.793642E+0	-1.049211E+2
1.401200E+1	-6.787200E+0	-7.825775E+1
1.402448E+1	-6.787833E+0	-5.162307E+1
1.403695E+1	-6.788558E+0	-2.489717E+1
1.404942E+1	-6.785003E+0	1.776494E+0
1.406190E+1	-6.781459E+0	2.843563E+1
1.407437E+1	-6.779431E+0	5.509861E+1
1.408685E+1	-6.786479E+0	8.174880E+1
1.409933E+1	-6.786407E+0	1.084368E+2
1.411180E+1	-6.777574E+0	1.351552E+2
1.412428E+1	-6.780141E+0	1.617829E+2
1.413675E+1	-6.780888E+0	-1.715433E+2
1.414922E+1	-6.780031E+0	-1.448002E+2
1.416170E+1	-6.784340E+0	-1.181344E+2
1.417417E+1	-6.780885E+0	-9.144525E+1
1.418665E+1	-6.781658E+0	-6.477489E+1
1.419913E+1	-6.780094E+0	-3.810416E+1
1.421160E+1	-6.780879E+0	-1.141149E+1
1.422407E+1	-6.784316E+0	1.523648E+1
1.423655E+1	-6.785758E+0	4.188943E+1
1.424902E+1	-6.783787E+0	6.857221E+1
1.426150E+1	-6.786426E+0	9.525412E+1
1.427398E+1	-6.781860E+0	1.219255E+2
1.428645E+1	-6.785778E+0	1.485813E+2
1.429893E+1	-6.787756E+0	1.752491E+2
1.431140E+1	-6.788100E+0	-1.581216E+2
1.432387E+1	-6.785012E+0	-1.314383E+2
1.433635E+1	-6.780544E+0	-1.047672E+2
1.434882E+1	-6.780980E+0	-7.815937E+1
1.436130E+1	-6.777365E+0	-5.143213E+1
1.437378E+1	-6.777830E+0	-2.478364E+1
1.438625E+1	-6.771648E+0	1.919565E+0
1.439873E+1	-6.770639E+0	2.858412E+1
1.441120E+1	-6.771658E+0	5.520367E+1
1.442367E+1	-6.763568E+0	8.196727E+1
1.443615E+1	-6.759351E+0	1.086289E+2
1.444862E+1	-6.758512E+0	1.353323E+2
1.446110E+1	-6.753973E+0	1.620420E+2
1.447358E+1	-6.749289E+0	-1.712365E+2
1.448605E+1	-6.748188E+0	-1.445483E+2
1.449853E+1	-6.749898E+0	-1.178916E+2
1.451100E+1	-6.753320E+0	-9.116611E+1
1.452347E+1	-6.751183E+0	-6.445230E+1
1.453595E+1	-6.744648E+0	-3.774183E+1
1.454842E+1	-6.748699E+0	-1.105083E+1
1.456090E+1	-6.749582E+0	1.568179E+1
1.457338E+1	-6.750556E+0	4.239321E+1
1.458585E+1	-6.750020E+0	6.901932E+1
1.459833E+1	-6.757042E+0	9.575592E+1
1.461080E+1	-6.765915E+0	1.224570E+2
1.462327E+1	-6.768479E+0	1.491554E+2
1.463575E+1	-6.766778E+0	1.758226E+2
1.464823E+1	-6.773710E+0	-1.575213E+2
1.466070E+1	-6.780036E+0	-1.308489E+2
1.467318E+1	-6.787367E+0	-1.041600E+2
1.468565E+1	-6.793821E+0	-7.750875E+1
1.469812E+1	-6.798278E+0	-5.085227E+1
1.471060E+1	-6.795035E+0	-2.422229E+1
1.472307E+1	-6.796875E+0	2.433733E+0
1.473555E+1	-6.798367E+0	2.910459E+1
1.474803E+1	-6.795232E+0	5.575022E+1
1.476050E+1	-6.793930E+0	8.238902E+1
1.477298E+1	-6.798058E+0	1.090106E+2
1.478545E+1	-6.798269E+0	1.356469E+2
1.479792E+1	-6.794258E+0	1.623411E+2
1.481040E+1	-6.793633E+0	-1.709960E+2
1.482287E+1	-6.794197E+0	-1.443781E+2
1.483535E+1	-6.791742E+0	-1.177153E+2
1.484783E+1	-6.788257E+0	-9.105485E+1
1.486030E+1	-6.790653E+0	-6.445259E+1
1.487278E+1	-6.786354E+0	-3.774908E+1
1.488525E+1	-6.782041E+0	-1.106683E+1
1.489772E+1	-6.782923E+0	1.560621E+1
1.491020E+1	-6.779754E+0	4.229298E+1
1.492267E+1	-6.778462E+0	6.897946E+1
1.493515E+1	-6.778741E+0	9.565089E+1
1.494763E+1	-6.777174E+0	1.223290E+2
1.496010E+1	-6.784113E+0	1.489324E+2
1.497258E+1	-6.783730E+0	1.756127E+2
1.498505E+1	-6.776824E+0	-1.576175E+2
1.499752E+1	-6.778198E+0	-1.309963E+2
1.501000E+1	-6.777022E+0	-1.043159E+2
1.502248E+1	-6.772215E+0	-7.761037E+1
1.503495E+1	-6.778303E+0	-5.090651E+1
1.504743E+1	-6.781602E+0	-2.428545E+1
1.505990E+1	-6.778320E+0	2.401432E+0
1.507237E+1	-6.781673E+0	2.907506E+1
1.508485E+1	-6.786227E+0	5.576684E+1
1.509732E+1	-6.781239E+0	8.244182E+1
1.510980E+1	-6.775114E+0	1.090776E+2
1.512228E+1	-6.780858E+0	1.357359E+2
1.513475E+1	-6.786728E+0	1.623799E+2
1.514723E+1	-6.793985E+0	-1.709194E+2
1.515970E+1	-6.792093E+0	-1.443356E+2
1.517217E+1	-6.788038E+0	-1.176644E+2
1.518465E+1	-6.789717E+0	-9.099187E+1
1.519712E+1	-6.788011E+0	-6.431102E+1
1.520960E+1	-6.795357E+0	-3.767709E+1
1.522208E+1	-6.791899E+0	-1.094929E+1
1.523455E+1	-6.789459E+0	1.570494E+1
1.524703E+1	-6.793351E+0	4.235296E+1
1.525950E+1	-6.785549E+0	6.899271E+1
1.527197E+1	-6.780614E+0	9.560515E+1
1.528445E+1	-6.775352E+0	1.223613E+2
1.529692E+1	-6.774312E+0	1.490093E+2
1.530940E+1	-6.768151E+0	1.757259E+2
1.532188E+1	-6.765284E+0	-1.575771E+2
1.533435E+1	-6.766888E+0	-1.309135E+2
1.534683E+1	-6.765470E+0	-1.042437E+2
1.535930E+1	-6.764327E+0	-7.753994E+1
1.537177E+1	-6.764288E+0	-5.086099E+1
1.538425E+1	-6.763305E+0	-2.416602E+1
1.539672E+1	-6.758456E+0	2.564888E+0
1.540920E+1	-6.764352E+0	2.924883E+1
1.542168E+1	-6.764010E+0	5.595156E+1
1.543415E+1	-6.766757E+0	8.265094E+1
1.544662E+1	-6.776153E+0	1.093157E+2
1.545910E+1	-6.778295E+0	1.360067E+2
1.547157E+1	-6.779139E+0	1.626705E+2
1.548405E+1	-6.789157E+0	-1.706866E+2
1.549653E+1	-6.793014E+0	-1.439917E+2
1.550900E+1	-6.795702E+0	-1.173528E+2
1.552148E+1	-6.791862E+0	-9.064642E+1
1.553395E+1	-6.795157E+0	-6.405682E+1
1.554642E+1	-6.798977E+0	-3.738646E+1
1.555890E+1	-6.798008E+0	-1.067762E+1
1.557137E+1	-6.796014E+0	1.599234E+1
1.558385E+1	-6.800646E+0	4.262192E+1
1.559633E+1	-6.804136E+0	6.924503E+1
1.560880E+1	-6.813141E+0	9.588723E+1
1.562128E+1	-6.800427E+0	1.225473E+2
1.563375E+1	-6.796152E+0	1.491608E+2
1.564622E+1	-6.796905E+0	1.757229E+2
1.565870E+1	-6.795957E+0	-1.575602E+2
1.567117E+1	-6.802580E+0	-1.309491E+2
1.568365E+1	-6.791068E+0	-1.042969E+2
1.569613E+1	-6.794722E+0	-7.763099E+1
1.570860E+1	-6.790727E+0	-5.097439E+1
1.572108E+1	-6.788455E+0	-2.437766E+1
1.573355E+1	-6.784735E+0	2.353157E+0
1.574602E+1	-6.780206E+0	2.905364E+1
1.575850E+1	-6.775436E+0	5.570985E+1
1.577097E+1	-6.778566E+0	8.236114E+1
1.578345E+1	-6.774065E+0	1.090568E+2
1.579593E+1	-6.773212E+0	1.357023E+2
1.580840E+1	-6.772860E+0	1.623957E+2
1.582087E+1	-6.771807E+0	-1.709371E+2
1.583335E+1	-6.769064E+0	-1.442574E+2
1.584582E+1	-6.772798E+0	-1.176102E+2
1.585830E+1	-6.771623E+0	-9.087591E+1
1.587078E+1	-6.770626E+0	-6.423021E+1
1.588325E+1	-6.771921E+0	-3.756425E+1
1.589573E+1	-6.768449E+0	-1.089171E+1
1.590820E+1	-6.765767E+0	1.578489E+1
1.592067E+1	-6.769662E+0	4.249237E+1
1.593315E+1	-6.769463E+0	6.916136E+1
1.594562E+1	-6.761972E+0	9.584164E+1
1.595810E+1	-6.764778E+0	1.225133E+2
1.597058E+1	-6.766602E+0	1.491882E+2
1.598305E+1	-6.761446E+0	1.758526E+2
1.599553E+1	-6.755166E+0	-1.574660E+2
1.600800E+1	-6.759730E+0	-1.307902E+2
1.602048E+1	-6.756682E+0	-1.040694E+2
1.603295E+1	-6.756311E+0	-7.738895E+1
1.604543E+1	-6.756369E+0	-5.071231E+1
1.605790E+1	-6.755344E+0	-2.405798E+1
1.607037E+1	-6.754288E+0	2.612770E+0
1.608285E+1	-6.754673E+0	2.928245E+1
1.609532E+1	-6.749357E+0	5.598402E+1
1.610780E+1	-6.745849E+0	8.260302E+1
1.612027E+1	-6.749573E+0	1.093560E+2
1.613275E+1	-6.757317E+0	1.359901E+2
1.614522E+1	-6.748757E+0	1.626724E+2
1.615770E+1	-6.738570E+0	-1.706377E+2
1.617018E+1	-6.742143E+0	-1.439873E+2
1.618265E+1	-6.749458E+0	-1.172897E+2
1.619513E+1	-6.750272E+0	-9.054755E+1
1.620760E+1	-6.745812E+0	-6.387582E+1
1.622008E+1	-6.745055E+0	-3.722083E+1
1.623255E+1	-6.748864E+0	-1.055388E+1
1.624502E+1	-6.753642E+0	1.614919E+1
1.625750E+1	-6.745089E+0	4.287050E+1
1.626997E+1	-6.740288E+0	6.959950E+1
1.628245E+1	-6.742391E+0	9.628433E+1
1.629492E+1	-6.742774E+0	1.229949E+2
1.630740E+1	-6.738304E+0	1.496954E+2
1.631987E+1	-6.746613E+0	1.763320E+2
1.633235E+1	-6.746260E+0	-1.569612E+2
1.634483E+1	-6.743510E+0	-1.302663E+2
1.635730E+1	-6.746235E+0	-1.035998E+2
1.636978E+1	-6.746739E+0	-7.688873E+1
1.638225E+1	-6.755404E+0	-5.026682E+1
1.639473E+1	-6.759892E+0	-2.359812E+1
1.640720E+1	-6.761263E+0	3.118735E+0
1.641968E+1	-6.762117E+0	2.976206E+1
1.643215E+1	-6.767292E+0	5.643372E+1
1.644462E+1	-6.769208E+0	8.310634E+1
1.645710E+1	-6.773853E+0	1.097626E+2
1.646957E+1	-6.775695E+0	1.364116E+2
1.648205E+1	-6.778777E+0	1.630398E+2
1.649452E+1	-6.780295E+0	-1.703349E+2
1.650700E+1	-6.771424E+0	-1.436916E+2
1.651947E+1	-6.774884E+0	-1.170331E+2
1.653195E+1	-6.773242E+0	-9.039539E+1
1.654443E+1	-6.769542E+0	-6.375745E+1
1.655690E+1	-6.768557E+0	-3.707547E+1
1.656938E+1	-6.764759E+0	-1.042759E+1
1.658185E+1	-6.757624E+0	1.617956E+1
1.659433E+1	-6.760375E+0	4.284196E+1
1.660680E+1	-6.753782E+0	6.951959E+1
1.661927E+1	-6.747536E+0	9.612611E+1
1.663175E+1	-6.734012E+0	1.228344E+2
1.664422E+1	-6.738468E+0	1.494481E+2
1.665670E+1	-6.728485E+0	1.762129E+2
1.666917E+1	-6.726455E+0	-1.570758E+2
1.668165E+1	-6.718795E+0	-1.304094E+2
1.669412E+1	-6.718288E+0	-1.038167E+2
1.670660E+1	-6.724367E+0	-7.708637E+1
1.671908E+1	-6.718463E+0	-5.034628E+1
1.673155E+1	-6.712462E+0	-2.361834E+1
1.674403E+1	-6.712963E+0	3.081549E+0
1.675650E+1	-6.714026E+0	2.979019E+1
1.676898E+1	-6.714626E+0	5.652922E+1
1.678145E+1	-6.719405E+0	8.323903E+1
1.679393E+1	-6.722771E+0	1.099217E+2
1.680640E+1	-6.718898E+0	1.366477E+2
1.681887E+1	-6.719555E+0	1.633184E+2
1.683135E+1	-6.723163E+0	-1.699874E+2
1.684382E+1	-6.724202E+0	-1.433164E+2
1.685630E+1	-6.729454E+0	-1.166720E+2
1.686877E+1	-6.727303E+0	-8.999828E+1
1.688125E+1	-6.726276E+0	-6.334816E+1
1.689372E+1	-6.722802E+0	-3.665832E+1
1.690620E+1	-6.722954E+0	-9.944263E+0
1.691868E+1	-6.727236E+0	1.671974E+1
1.693115E+1	-6.728610E+0	4.339969E+1
1.694363E+1	-6.734794E+0	7.007587E+1
1.695610E+1	-6.734147E+0	9.672681E+1
1.696858E+1	-6.732966E+0	1.233640E+2
1.698105E+1	-6.736770E+0	1.499547E+2
1.699353E+1	-6.732540E+0	1.766475E+2
1.700600E+1	-6.733522E+0	-1.567131E+2
1.701847E+1	-6.722778E+0	-1.299960E+2
1.703095E+1	-6.720247E+0	-1.033329E+2
1.704342E+1	-6.717869E+0	-7.666734E+1
1.705590E+1	-6.725162E+0	-5.005009E+1
1.706837E+1	-6.717734E+0	-2.333029E+1
1.708085E+1	-6.710329E+0	3.349293E+0
1.709333E+1	-6.714143E+0	3.001078E+1
1.710580E+1	-6.712369E+0	5.672189E+1
1.711828E+1	-6.715012E+0	8.340627E+1
1.713075E+1	-6.713256E+0	1.100969E+2
1.714323E+1	-6.712297E+0	1.367547E+2
1.715570E+1	-6.707541E+0	1.633703E+2
1.716818E+1	-6.707335E+0	-1.699554E+2
1.718065E+1	-6.704075E+0	-1.432396E+2
1.719312E+1	-6.697181E+0	-1.165228E+2
1.720560E+1	-6.690585E+0	-8.990193E+1
1.721807E+1	-6.705672E+0	-6.319823E+1
1.723055E+1	-6.702220E+0	-3.655739E+1
1.724302E+1	-6.703540E+0	-9.825036E+0
1.725550E+1	-6.709546E+0	1.679384E+1
1.726797E+1	-6.700428E+0	4.349371E+1
1.728045E+1	-6.700766E+0	7.018545E+1
1.729293E+1	-6.704679E+0	9.685362E+1
1.730540E+1	-6.706088E+0	1.235520E+2
1.731788E+1	-6.709980E+0	1.501781E+2
1.733035E+1	-6.701899E+0	1.768646E+2
1.734283E+1	-6.707417E+0	-1.564685E+2
1.735530E+1	-6.703804E+0	-1.298230E+2
1.736778E+1	-6.700537E+0	-1.031732E+2
1.738025E+1	-6.692168E+0	-7.643987E+1
1.739272E+1	-6.693149E+0	-4.979610E+1
1.740520E+1	-6.692147E+0	-2.311544E+1
1.741767E+1	-6.684206E+0	3.533477E+0
1.743015E+1	-6.680668E+0	3.017044E+1
1.744262E+1	-6.678191E+0	5.683701E+1
1.745510E+1	-6.674872E+0	8.350375E+1
1.746758E+1	-6.662604E+0	1.102126E+2
1.748005E+1	-6.662579E+0	1.368905E+2
1.749253E+1	-6.655993E+0	1.635650E+2
1.750500E+1	-6.661310E+0	-1.697825E+2
1.751748E+1	-6.653770E+0	-1.430763E+2
1.752995E+1	-6.646956E+0	-1.163687E+2
1.754243E+1	-6.644348E+0	-8.968941E+1
1.755490E+1	-6.640977E+0	-6.294043E+1
1.756737E+1	-6.640260E+0	-3.621835E+1
1.757985E+1	-6.639034E+0	-9.516289E+0
1.759232E+1	-6.636939E+0	1.719327E+1
1.760480E+1	-6.639351E+0	4.388307E+1
1.761727E+1	-6.633167E+0	7.060022E+1
1.762975E+1	-6.631027E+0	9.728524E+1
1.764222E+1	-6.638398E+0	1.239992E+2
1.765470E+1	-6.638628E+0	1.507416E+2
1.766718E+1	-6.637101E+0	1.774329E+2
1.767965E+1	-6.639125E+0	-1.559032E+2
1.769213E+1	-6.650764E+0	-1.292491E+2
1.770460E+1	-6.652870E+0	-1.025628E+2
1.771708E+1	-6.642946E+0	-7.587141E+1
1.772955E+1	-6.646943E+0	-4.917447E+1
1.774203E+1	-6.640368E+0	-2.258049E+1
1.775450E+1	-6.648550E+0	4.088393E+0
1.776697E+1	-6.652041E+0	3.079085E+1
1.777945E+1	-6.650350E+0	5.747367E+1
1.779192E+1	-6.646183E+0	8.407255E+1
1.780440E+1	-6.650092E+0	1.106443E+2
1.781687E+1	-6.641551E+0	1.373917E+2
1.782935E+1	-6.641917E+0	1.640627E+2
1.784183E+1	-6.629264E+0	-1.691840E+2
1.785430E+1	-6.627834E+0	-1.425061E+2
1.786678E+1	-6.631023E+0	-1.158849E+2
1.787925E+1	-6.627074E+0	-8.919492E+1
1.789173E+1	-6.619258E+0	-6.251229E+1
1.790420E+1	-6.620826E+0	-3.585798E+1
1.791668E+1	-6.618022E+0	-9.170928E+0
1.792915E+1	-6.611698E+0	1.755772E+1
1.794162E+1	-6.605251E+0	4.428926E+1
1.795410E+1	-6.606948E+0	7.099107E+1
1.796657E+1	-6.606888E+0	9.767674E+1
1.797905E+1	-6.603295E+0	1.243446E+2
1.799152E+1	-6.598072E+0	1.510621E+2
1.800400E+1	-6.597456E+0	1.777443E+2
1.801647E+1	-6.593056E+0	-1.555175E+2
1.802895E+1	-6.596150E+0	-1.288432E+2
1.804143E+1	-6.594584E+0	-1.021282E+2
1.805390E+1	-6.595295E+0	-7.543826E+1
1.806638E+1	-6.596564E+0	-4.876608E+1
1.807885E+1	-6.594443E+0	-2.210663E+1
1.809133E+1	-6.591348E+0	4.577795E+0
1.810380E+1	-6.595616E+0	3.124912E+1
1.811628E+1	-6.596278E+0	5.793099E+1
1.812875E+1	-6.595791E+0	8.461504E+1
1.814122E+1	-6.599835E+0	1.112004E+2
1.815370E+1	-6.594618E+0	1.378767E+2
1.816617E+1	-6.598767E+0	1.645021E+2
1.817865E+1	-6.584080E+0	-1.687645E+2
1.819112E+1	-6.578714E+0	-1.420458E+2
1.820360E+1	-6.576689E+0	-1.154015E+2
1.821608E+1	-6.585861E+0	-8.876810E+1
1.822855E+1	-6.576937E+0	-6.205656E+1
1.824103E+1	-6.570465E+0	-3.536818E+1
1.825350E+1	-6.563833E+0	-8.753243E+0
1.826598E+1	-6.556890E+0	1.787521E+1
1.827845E+1	-6.559874E+0	4.458255E+1
1.829093E+1	-6.554919E+0	7.137820E+1
1.830340E+1	-6.555864E+0	9.809137E+1
1.831587E+1	-6.550424E+0	1.247583E+2
1.832835E+1	-6.553950E+0	1.514131E+2
1.834082E+1	-6.554168E+0	1.780861E+2
1.835330E+1	-6.549757E+0	-1.552060E+2
1.836577E+1	-6.537704E+0	-1.284685E+2
1.837825E+1	-6.530886E+0	-1.017879E+2
1.839072E+1	-6.521971E+0	-7.505080E+1
1.840320E+1	-6.522815E+0	-4.834624E+1
1.841568E+1	-6.524365E+0	-2.165109E+1
1.842815E+1	-6.518209E+0	5.024934E+0
1.844063E+1	-6.518571E+0	3.172576E+1
1.845310E+1	-6.520780E+0	5.840308E+1
1.846558E+1	-6.512746E+0	8.512115E+1
1.847805E+1	-6.513993E+0	1.118096E+2
1.849053E+1	-6.511202E+0	1.385038E+2
1.850300E+1	-6.502136E+0	1.652206E+2
1.851547E+1	-6.499609E+0	-1.680771E+2
1.852795E+1	-6.499618E+0	-1.414369E+2
1.854042E+1	-6.488831E+0	-1.146828E+2
1.855290E+1	-6.484853E+0	-8.795651E+1
1.856537E+1	-6.490891E+0	-6.129469E+1
1.857785E+1	-6.485963E+0	-3.453393E+1
1.859032E+1	-6.483922E+0	-7.816936E+0
1.860280E+1	-6.486183E+0	1.883777E+1
1.861528E+1	-6.478868E+0	4.552859E+1
1.862775E+1	-6.480414E+0	7.222628E+1
1.864023E+1	-6.481548E+0	9.890465E+1
1.865270E+1	-6.482552E+0	1.255975E+2
1.866518E+1	-6.483876E+0	1.522466E+2
1.867765E+1	-6.482257E+0	1.789348E+2
1.869012E+1	-6.487741E+0	-1.544310E+2
1.870260E+1	-6.481907E+0	-1.277638E+2
1.871507E+1	-6.470643E+0	-1.010829E+2
1.872755E+1	-6.469485E+0	-7.443719E+1
1.874002E+1	-6.460150E+0	-4.772997E+1
1.875250E+1	-6.470088E+0	-2.105786E+1
1.876497E+1	-6.450470E+0	5.664148E+0
1.877745E+1	-6.446727E+0	3.233230E+1
1.878993E+1	-6.453496E+0	5.898462E+1
1.880240E+1	-6.442994E+0	8.559635E+1
1.881488E+1	-6.441600E+0	1.123338E+2
1.882735E+1	-6.432953E+0	1.390529E+2
1.883983E+1	-6.425658E+0	1.657392E+2
1.885230E+1	-6.421775E+0	-1.675717E+2
1.886478E+1	-6.419830E+0	-1.408813E+2
1.887725E+1	-6.417697E+0	-1.141474E+2
1.888972E+1	-6.413876E+0	-8.746819E+1
1.890220E+1	-6.404490E+0	-6.077306E+1
1.891467E+1	-6.399005E+0	-3.400449E+1
1.892715E+1	-6.392517E+0	-7.266172E+0
1.893962E+1	-6.393050E+0	1.944706E+1
1.895210E+1	-6.391927E+0	4.614598E+1
1.896457E+1	-6.396288E+0	7.283609E+1
1.897705E+1	-6.398156E+0	9.950770E+1
1.898953E+1	-6.390672E+0	1.262166E+2
1.900200E+1	-6.392612E+0	1.529189E+2
1.901448E+1	-6.396865E+0	1.795908E+2
1.902695E+1	-6.397420E+0	-1.537307E+2
1.903943E+1	-6.395462E+0	-1.270835E+2
1.905190E+1	-6.393459E+0	-1.004190E+2
1.906437E+1	-6.392095E+0	-7.375357E+1
1.907685E+1	-6.388195E+0	-4.709626E+1
1.908932E+1	-6.385879E+0	-2.043374E+1
1.910180E+1	-6.376065E+0	6.282177E+0
1.911427E+1	-6.374241E+0	3.294775E+1
1.912675E+1	-6.370500E+0	5.962943E+1
1.913922E+1	-6.357508E+0	8.630888E+1
1.915170E+1	-6.349276E+0	1.129972E+2
1.916418E+1	-6.341784E+0	1.396528E+2
1.917665E+1	-6.329088E+0	1.663933E+2
1.918913E+1	-6.319587E+0	-1.668730E+2
1.920160E+1	-6.317862E+0	-1.401904E+2
1.921408E+1	-6.308203E+0	-1.134392E+2
1.922655E+1	-6.305481E+0	-8.671129E+1
1.923903E+1	-6.292894E+0	-5.997032E+1
1.925150E+1	-6.290534E+0	-3.326242E+1
1.926397E+1	-6.283983E+0	-6.520355E+0
1.927645E+1	-6.286943E+0	2.023062E+1
1.928892E+1	-6.278842E+0	4.697372E+1
1.930140E+1	-6.281868E+0	7.375896E+1
1.931387E+1	-6.275694E+0	1.004316E+2
1.932635E+1	-6.287490E+0	1.271634E+2
1.933882E+1	-6.284554E+0	1.539395E+2
1.935130E+1	-6.286927E+0	-1.793174E+2
1.936378E+1	-6.284428E+0	-1.526113E+2
1.937625E+1	-6.287063E+0	-1.259209E+2
1.938873E+1	-6.294466E+0	-9.920834E+1
1.940120E+1	-6.294178E+0	-7.244553E+1
1.941368E+1	-6.293498E+0	-4.574304E+1
1.942615E+1	-6.292498E+0	-1.903221E+1
1.943862E+1	-6.289525E+0	7.660383E+0
1.945110E+1	-6.279940E+0	3.433686E+1
1.946357E+1	-6.279182E+0	6.102140E+1
1.947605E+1	-6.276513E+0	8.769034E+1
1.948852E+1	-6.275578E+0	1.144001E+2
1.950100E+1	-6.270447E+0	1.410719E+2
1.951347E+1	-6.262084E+0	1.677659E+2
1.952595E+1	-6.257601E+0	-1.655427E+2
1.953843E+1	-6.248903E+0	-1.388448E+2
1.955090E+1	-6.244744E+0	-1.121585E+2
1.956338E+1	-6.244175E+0	-8.545714E+1
1.957585E+1	-6.245866E+0	-5.880740E+1
1.958833E+1	-6.237535E+0	-3.205792E+1
1.960080E+1	-6.235652E+0	-5.387382E+0
1.961328E+1	-6.230755E+0	2.131851E+1
1.962575E+1	-6.223807E+0	4.798999E+1
1.963822E+1	-6.214486E+0	7.476216E+1
1.965070E+1	-6.216249E+0	1.014452E+2
1.966317E+1	-6.212980E+0	1.281868E+2
1.967565E+1	-6.209455E+0	1.549019E+2
1.968812E+1	-6.206859E+0	-1.783934E+2
1.970060E+1	-6.202886E+0	-1.516911E+2
1.971307E+1	-6.190704E+0	-1.249733E+2
1.972555E+1	-6.185174E+0	-9.822948E+1
1.973803E+1	-6.179828E+0	-7.147685E+1
1.975050E+1	-6.174126E+0	-4.475587E+1
1.976298E+1	-6.170792E+0	-1.800089E+1
1.977545E+1	-6.170523E+0	8.703362E+0
1.978793E+1	-6.174137E+0	3.541076E+1
1.980040E+1	-6.161740E+0	6.218576E+1
1.981287E+1	-6.154820E+0	8.893861E+1
1.982535E+1	-6.138931E+0	1.156871E+2
1.983782E+1	-6.135656E+0	1.424048E+2
1.985030E+1	-6.141580E+0	1.692087E+2
1.986277E+1	-6.142728E+0	-1.640817E+2
1.987525E+1	-6.135672E+0	-1.373288E+2
1.988772E+1	-6.132319E+0	-1.106000E+2
1.990020E+1	-6.133858E+0	-8.392177E+1
1.991268E+1	-6.131245E+0	-5.711755E+1
1.992515E+1	-6.134068E+0	-3.038617E+1
1.993763E+1	-6.133870E+0	-3.624769E+0
1.995010E+1	-6.129246E+0	2.316924E+1
1.996258E+1	-6.119750E+0	4.985558E+1
1.997505E+1	-6.121231E+0	7.657907E+1
1.998753E+1	-6.113560E+0	1.033552E+2
2.000000E+1	-6.106860E+0	1.300729E+2
